 节点name: Group[0]-1
120,716,0,31592
 节点name: Group[0]-1
120,753,0,33220
 节点name: Group[0]-1
120,742,0,32736
 节点name: Group[0]-1
120,694,0,30624
 节点name: Group[0]-1
120,768,0,33880
 节点name: Group[0]-1
120,758,0,33440
 节点name: Group[0]-1
120,708,0,31240
 节点name: Group[0]-1
120,715,0,31548
 节点name: Group[0]-1
120,734,0,32384
 节点name: Group[0]-1
120,719,0,31724
 节点name: Group[0]-1
120,685,0,30228
 节点name: Group[0]-1
120,742,0,32736
 节点name: Group[0]-1
120,744,0,32824
 节点name: Group[0]-1
120,759,0,33484
 节点name: Group[0]-1
120,777,0,34276
 节点name: Group[0]-1
120,732,0,32296
 节点name: Group[0]-1
120,772,0,34056
 节点name: Group[0]-1
120,760,0,33528
 节点name: Group[0]-1
120,771,0,34012
 节点name: Group[0]-1
120,689,0,30404
 节点name: Group[0]-1
120,759,0,33484
 节点name: Group[0]-1
120,713,0,31460
 节点name: Group[0]-1
120,748,0,33000
 节点name: Group[0]-1
120,735,0,32428
 节点name: Group[0]-1
120,756,0,33352
 节点name: Group[0]-1
120,745,0,32868
 节点name: Group[0]-1
120,719,0,31724
 节点name: Group[0]-1
120,725,0,31988
 节点name: Group[0]-1
120,720,0,31768
 节点name: Group[0]-1
120,737,0,32516
 节点name: Group[0]-1
120,808,0,35640
 节点name: Group[0]-1
120,815,0,35948
 节点name: Group[0]-1
120,731,0,32252
 节点name: Group[0]-1
120,697,0,30756
 节点name: Group[0]-1
120,761,0,33572
 节点name: Group[0]-1
120,745,0,32868
 节点name: Group[0]-1
120,752,0,33176
 节点name: Group[0]-1
120,714,0,31504
 节点name: Group[0]-1
120,753,0,33220
 节点name: Group[0]-1
120,778,0,34320
 节点name: Group[0]-1
120,762,0,33616
 节点name: Group[0]-1
120,749,0,33044
 节点name: Group[0]-1
120,705,0,31108
 节点name: Group[0]-1
120,706,0,31152
 节点name: Group[0]-1
120,755,0,33308
 节点name: Group[0]-1
120,776,0,34232
 节点name: Group[0]-1
120,687,0,30316
 节点name: Group[0]-1
120,744,0,32824
 节点name: Group[0]-1
120,775,0,34188
 节点name: Group[0]-1
120,716,0,31592
 节点name: Group[0]-1
120,718,0,31680
 节点name: Group[0]-1
120,752,0,33176
 节点name: Group[0]-1
120,716,0,31592
 节点name: Group[0]-1
120,737,0,32516
 节点name: Group[0]-1
120,785,0,34628
 节点name: Group[0]-1
120,723,0,31900
 节点name: Group[0]-1
120,773,0,34100
 节点name: Group[0]-1
120,703,0,31020
 节点name: Group[0]-1
120,714,0,31504
 节点name: Group[0]-1
120,751,0,33132
 节点name: Group[0]-1
120,785,0,34628
 节点name: Group[0]-1
120,717,0,31636
 节点name: Group[0]-1
120,723,0,31900
 节点name: Group[0]-1
120,710,0,31328
 节点name: Group[0]-1
120,790,0,34848
 节点name: Group[0]-1
120,710,0,31328
 节点name: Group[0]-1
120,768,0,33880
 节点name: Group[0]-1
120,717,0,31636
 节点name: Group[0]-1
120,740,0,32648
 节点name: Group[0]-1
120,721,0,31812
 节点name: Group[0]-1
120,698,0,30800
 节点name: Group[0]-1
120,723,0,31900
 节点name: Group[0]-1
120,706,0,31152
 节点name: Group[0]-1
120,755,0,33308
 节点name: Group[0]-1
120,761,0,33572
 节点name: Group[0]-1
120,727,0,32076
 节点name: Group[0]-1
120,714,0,31504
 节点name: Group[0]-1
120,739,0,32604
 节点name: Group[0]-1
120,772,0,34056
 节点name: Group[0]-1
120,727,0,32076
 节点name: Group[0]-1
120,717,0,31636
 节点name: Group[0]-1
120,754,0,33264
 节点name: Group[0]-1
120,729,0,32164
 节点name: Group[0]-1
120,769,0,33924
 节点name: Group[0]-1
120,753,0,33220
 节点name: Group[0]-1
120,764,0,33704
 节点name: Group[0]-1
120,741,0,32692
 节点name: Group[0]-1
120,752,0,33176
 节点name: Group[0]-1
120,726,0,32032
 节点name: Group[0]-1
120,730,0,32208
 节点name: Group[0]-1
120,764,0,33704
 节点name: Group[0]-1
120,728,0,32120
 节点name: Group[0]-1
120,766,0,33792
 节点name: Group[0]-1
120,753,0,33220
 节点name: Group[0]-1
120,764,0,33704
 节点name: Group[0]-1
120,744,0,32824
 节点name: Group[0]-1
120,730,0,32208
 节点name: Group[0]-1
120,707,0,31196
 节点name: Group[0]-1
120,751,0,33132
 节点name: Group[0]-1
120,743,0,32780
 节点name: Group[0]-1
120,692,0,30536
 节点name: Group[0]-1
120,747,0,32956
 节点name: Group[0]-1
120,683,0,30140
 节点name: Group[0]-1
120,741,0,32692
 节点name: Group[0]-1
120,743,0,32780
 节点name: Group[0]-1
120,775,0,34188
 节点name: Group[0]-1
120,768,0,33880
 节点name: Group[0]-1
120,698,0,30800
 节点name: Group[0]-1
120,742,0,32736
 节点name: Group[0]-1
120,695,0,30668
 节点name: Group[0]-1
120,768,0,33880
 节点name: Group[0]-1
120,753,0,33220
 节点name: Group[0]-1
120,758,0,33440
 节点name: Group[0]-1
120,744,0,32824
 节点name: Group[0]-1
120,702,0,30976
 节点name: Group[0]-1
120,747,0,32956
 节点name: Group[0]-1
120,730,0,32208
 节点name: Group[0]-1
120,740,0,32648
 节点name: Group[0]-1
120,683,0,30140
 节点name: Group[0]-1
120,761,0,33572
