 节点name: Group[0]-1
360,7978,0,284633
 节点name: Group[0]-1
360,8132,0,289718
 节点name: Group[0]-1
360,7959,0,283855
 节点name: Group[0]-1
360,8007,0,284601
 节点name: Group[0]-1
360,7985,0,284056
 节点name: Group[0]-1
360,8169,0,290886
 节点name: Group[0]-1
360,8207,0,292097
 节点name: Group[0]-1
360,8164,0,291092
 节点name: Group[0]-1
360,8134,0,289970
 节点name: Group[0]-1
360,8086,0,287130
 节点name: Group[0]-1
360,8213,0,292997
 节点name: Group[0]-1
360,7868,0,279930
 节点name: Group[0]-1
360,8272,0,294927
 节点name: Group[0]-1
360,8037,0,286304
 节点name: Group[0]-1
360,7936,0,282274
 节点name: Group[0]-1
360,8186,0,291606
 节点name: Group[0]-1
360,7973,0,283469
 节点name: Group[0]-1
360,7923,0,282415
 节点name: Group[0]-1
360,8180,0,291264
 节点name: Group[0]-1
360,7969,0,284091
 节点name: Group[0]-1
360,8094,0,288287
 节点name: Group[0]-1
360,7860,0,279322
 节点name: Group[0]-1
360,8143,0,289880
 节点name: Group[0]-1
360,8165,0,291077
 节点name: Group[0]-1
360,7831,0,279151
 节点name: Group[0]-1
360,7848,0,279668
 节点name: Group[0]-1
360,7904,0,281850
 节点name: Group[0]-1
360,8021,0,286086
 节点name: Group[0]-1
360,8002,0,285060
 节点name: Group[0]-1
360,7972,0,283858
 节点name: Group[0]-1
360,8187,0,291392
 节点name: Group[0]-1
360,7949,0,283460
 节点name: Group[0]-1
360,7967,0,283900
 节点name: Group[0]-1
360,7949,0,283331
 节点name: Group[0]-1
360,7912,0,281712
 节点name: Group[0]-1
360,7854,0,279621
 节点name: Group[0]-1
360,8008,0,285019
 节点name: Group[0]-1
360,8080,0,287871
 节点name: Group[0]-1
360,8140,0,290060
 节点name: Group[0]-1
360,8060,0,287259
 节点name: Group[0]-1
360,7989,0,285207
 节点name: Group[0]-1
360,7959,0,283350
 节点name: Group[0]-1
360,8200,0,292102
 节点name: Group[0]-1
360,7871,0,280145
 节点name: Group[0]-1
360,8091,0,287879
 节点name: Group[0]-1
360,7914,0,281405
 节点name: Group[0]-1
360,7869,0,279925
 节点name: Group[0]-1
360,7963,0,283716
 节点name: Group[0]-1
360,7962,0,283422
 节点name: Group[0]-1
360,8078,0,287672
 节点name: Group[0]-1
360,7951,0,282971
 节点name: Group[0]-1
360,7996,0,284755
 节点name: Group[0]-1
360,8045,0,286736
 节点name: Group[0]-1
360,8042,0,286178
 节点name: Group[0]-1
360,8029,0,286471
 节点name: Group[0]-1
360,7924,0,282396
 节点name: Group[0]-1
360,7874,0,280332
 节点name: Group[0]-1
360,8189,0,291816
 节点name: Group[0]-1
360,7755,0,276585
 节点name: Group[0]-1
360,8158,0,290751
 节点name: Group[0]-1
360,7989,0,284130
 节点name: Group[0]-1
360,8034,0,286926
 节点name: Group[0]-1
360,8096,0,289010
 节点name: Group[0]-1
360,7903,0,281483
 节点name: Group[0]-1
360,8022,0,286132
 节点name: Group[0]-1
360,8023,0,286036
 节点name: Group[0]-1
360,8103,0,288803
 节点name: Group[0]-1
360,7983,0,284365
 节点name: Group[0]-1
360,8134,0,290239
 节点name: Group[0]-1
360,8334,0,296635
 节点name: Group[0]-1
360,8007,0,284968
 节点name: Group[0]-1
360,7728,0,274810
 节点name: Group[0]-1
360,8159,0,290489
 节点name: Group[0]-1
360,8139,0,289671
 节点name: Group[0]-1
360,7957,0,283827
 节点name: Group[0]-1
360,7898,0,281612
 节点name: Group[0]-1
360,8057,0,287041
 节点name: Group[0]-1
360,7950,0,282975
 节点name: Group[0]-1
360,7902,0,281500
 节点name: Group[0]-1
360,7918,0,281910
 节点name: Group[0]-1
360,8164,0,290744
 节点name: Group[0]-1
360,8092,0,288237
 节点name: Group[0]-1
360,8137,0,289834
 节点name: Group[0]-1
360,7880,0,280835
 节点name: Group[0]-1
360,7904,0,281506
 节点name: Group[0]-1
360,7844,0,279621
 节点name: Group[0]-1
360,7947,0,283046
 节点name: Group[0]-1
360,8019,0,286398
 节点name: Group[0]-1
360,8000,0,284928
 节点name: Group[0]-1
360,7878,0,280545
 节点name: Group[0]-1
360,7902,0,281445
 节点name: Group[0]-1
360,7813,0,278120
 节点name: Group[0]-1
360,8097,0,288582
 节点name: Group[0]-1
360,7797,0,277823
 节点name: Group[0]-1
360,8215,0,292537
 节点name: Group[0]-1
360,8022,0,286037
 节点name: Group[0]-1
360,8044,0,286501
 节点name: Group[0]-1
360,8085,0,287438
 节点name: Group[0]-1
360,8230,0,293180
 节点name: Group[0]-1
360,8157,0,290782
 节点name: Group[0]-1
360,8100,0,288520
 节点name: Group[0]-1
360,7925,0,282120
 节点name: Group[0]-1
360,7917,0,282117
 节点name: Group[0]-1
360,8071,0,287360
 节点name: Group[0]-1
360,8034,0,286143
 节点name: Group[0]-1
360,7958,0,283495
 节点name: Group[0]-1
360,8070,0,287571
 节点name: Group[0]-1
360,8015,0,285531
 节点name: Group[0]-1
360,8012,0,285288
 节点name: Group[0]-1
360,7907,0,281350
 节点name: Group[0]-1
360,8088,0,288163
 节点name: Group[0]-1
360,8044,0,286401
 节点name: Group[0]-1
360,8095,0,288342
 节点name: Group[0]-1
360,7949,0,283607
 节点name: Group[0]-1
360,8030,0,285322
 节点name: Group[0]-1
360,8007,0,285149
 节点name: Group[0]-1
360,7885,0,281280
 节点name: Group[0]-1
360,8082,0,288303
 节点name: Group[0]-1
360,8052,0,287016
 节点name: Group[0]-1
360,8224,0,292839
 节点name: Group[0]-1
360,7899,0,281353
 节点name: Group[0]-1
360,8057,0,287068
 节点name: Group[0]-1
360,8039,0,287052
 节点name: Group[0]-1
360,7886,0,280781
 节点name: Group[0]-1
360,8057,0,287109
 节点name: Group[0]-1
360,8247,0,293283
 节点name: Group[0]-1
360,7926,0,282369
 节点name: Group[0]-1
360,7949,0,283167
 节点name: Group[0]-1
360,7935,0,282542
 节点name: Group[0]-1
360,8088,0,288268
 节点name: Group[0]-1
360,7965,0,283826
 节点name: Group[0]-1
360,8095,0,288027
 节点name: Group[0]-1
360,8053,0,286621
 节点name: Group[0]-1
360,8136,0,289886
 节点name: Group[0]-1
360,8015,0,285404
 节点name: Group[0]-1
360,7986,0,284532
 节点name: Group[0]-1
360,8122,0,289507
 节点name: Group[0]-1
360,8111,0,288583
 节点name: Group[0]-1
360,8083,0,288274
 节点name: Group[0]-1
360,8253,0,294113
 节点name: Group[0]-1
360,8135,0,290270
 节点name: Group[0]-1
360,8057,0,286275
 节点name: Group[0]-1
360,8016,0,285867
 节点name: Group[0]-1
360,7959,0,283363
 节点name: Group[0]-1
360,7979,0,283815
 节点name: Group[0]-1
360,8034,0,286345
 节点name: Group[0]-1
360,7900,0,281154
 节点name: Group[0]-1
360,7871,0,279900
 节点name: Group[0]-1
360,7973,0,283973
 节点name: Group[0]-1
360,7812,0,277700
 节点name: Group[0]-1
360,8011,0,285610
 节点name: Group[0]-1
360,7994,0,285568
 节点name: Group[0]-1
360,7997,0,284217
 节点name: Group[0]-1
360,8002,0,284539
 节点name: Group[0]-1
360,7919,0,281703
 节点name: Group[0]-1
360,7964,0,283668
 节点name: Group[0]-1
360,8036,0,286098
 节点name: Group[0]-1
360,8070,0,287722
 节点name: Group[0]-1
360,7865,0,280831
 节点name: Group[0]-1
360,7847,0,279823
 节点name: Group[0]-1
360,8136,0,289734
 节点name: Group[0]-1
360,8035,0,286179
 节点name: Group[0]-1
360,7966,0,284356
 节点name: Group[0]-1
360,8047,0,286240
 节点name: Group[0]-1
360,8102,0,287849
 节点name: Group[0]-1
360,7999,0,284788
 节点name: Group[0]-1
360,7936,0,282985
 节点name: Group[0]-1
360,7988,0,284934
 节点name: Group[0]-1
360,7835,0,279175
 节点name: Group[0]-1
360,7982,0,283896
 节点name: Group[0]-1
360,7874,0,280678
 节点name: Group[0]-1
360,7733,0,275119
 节点name: Group[0]-1
360,8046,0,286591
 节点name: Group[0]-1
360,8044,0,286363
 节点name: Group[0]-1
360,7791,0,277126
 节点name: Group[0]-1
360,8086,0,288125
 节点name: Group[0]-1
360,7977,0,284653
 节点name: Group[0]-1
360,7919,0,282257
 节点name: Group[0]-1
360,8221,0,292739
 节点name: Group[0]-1
360,8015,0,285680
 节点name: Group[0]-1
360,7942,0,283366
 节点name: Group[0]-1
360,8001,0,284650
 节点name: Group[0]-1
360,7851,0,279892
 节点name: Group[0]-1
360,7872,0,280324
 节点name: Group[0]-1
360,8006,0,284820
 节点name: Group[0]-1
360,8021,0,285942
 节点name: Group[0]-1
360,8059,0,287049
 节点name: Group[0]-1
360,8004,0,284936
 节点name: Group[0]-1
360,8144,0,289958
 节点name: Group[0]-1
360,8067,0,287362
 节点name: Group[0]-1
360,8086,0,288186
 节点name: Group[0]-1
360,7965,0,284070
 节点name: Group[0]-1
360,7928,0,282265
 节点name: Group[0]-1
360,8183,0,291729
 节点name: Group[0]-1
360,7995,0,284515
 节点name: Group[0]-1
360,8159,0,290630
 节点name: Group[0]-1
360,8097,0,287997
 节点name: Group[0]-1
360,8007,0,285541
 节点name: Group[0]-1
360,7885,0,281246
 节点name: Group[0]-1
360,7971,0,284175
 节点name: Group[0]-1
360,8056,0,287102
 节点name: Group[0]-1
360,7978,0,284575
 节点name: Group[0]-1
360,7905,0,281731
 节点name: Group[0]-1
360,7841,0,279148
 节点name: Group[0]-1
360,7963,0,283481
 节点name: Group[0]-1
360,7974,0,284187
 节点name: Group[0]-1
360,7979,0,284335
 节点name: Group[0]-1
360,8107,0,288100
 节点name: Group[0]-1
360,7983,0,284397
 节点name: Group[0]-1
360,8108,0,288646
 节点name: Group[0]-1
360,7986,0,285073
 节点name: Group[0]-1
360,8073,0,287947
 节点name: Group[0]-1
360,7881,0,280676
 节点name: Group[0]-1
360,7954,0,283196
 节点name: Group[0]-1
360,8115,0,289135
 节点name: Group[0]-1
360,7723,0,274606
 节点name: Group[0]-1
360,7918,0,281858
 节点name: Group[0]-1
360,7943,0,282945
 节点name: Group[0]-1
360,8109,0,289038
 节点name: Group[0]-1
360,8001,0,284938
 节点name: Group[0]-1
360,8027,0,285714
 节点name: Group[0]-1
360,7960,0,283498
 节点name: Group[0]-1
360,7966,0,284018
 节点name: Group[0]-1
360,8033,0,285503
 节点name: Group[0]-1
360,7996,0,284858
 节点name: Group[0]-1
360,7782,0,276820
 节点name: Group[0]-1
360,8134,0,289964
 节点name: Group[0]-1
360,8015,0,285397
 节点name: Group[0]-1
360,8085,0,287226
 节点name: Group[0]-1
360,7911,0,281526
 节点name: Group[0]-1
360,8097,0,288261
 节点name: Group[0]-1
360,7775,0,276658
 节点name: Group[0]-1
360,7847,0,279521
 节点name: Group[0]-1
360,8016,0,285702
 节点name: Group[0]-1
360,8116,0,288967
 节点name: Group[0]-1
360,7809,0,278103
 节点name: Group[0]-1
360,7966,0,284058
 节点name: Group[0]-1
360,8019,0,285780
 节点name: Group[0]-1
360,7948,0,283315
 节点name: Group[0]-1
360,8066,0,287764
 节点name: Group[0]-1
360,7883,0,280912
 节点name: Group[0]-1
360,8071,0,287569
 节点name: Group[0]-1
360,7805,0,277909
 节点name: Group[0]-1
360,7808,0,277970
 节点name: Group[0]-1
360,8079,0,287581
 节点name: Group[0]-1
360,8179,0,291426
 节点name: Group[0]-1
360,7981,0,284648
 节点name: Group[0]-1
360,7788,0,277653
 节点name: Group[0]-1
360,8221,0,292799
 节点name: Group[0]-1
360,8009,0,284903
 节点name: Group[0]-1
360,8048,0,286854
 节点name: Group[0]-1
360,7794,0,277453
 节点name: Group[0]-1
360,8139,0,289847
 节点name: Group[0]-1
360,8060,0,287005
 节点name: Group[0]-1
360,8028,0,286224
 节点name: Group[0]-1
360,7871,0,280428
 节点name: Group[0]-1
360,8056,0,286538
 节点name: Group[0]-1
360,7955,0,283557
 节点name: Group[0]-1
360,8027,0,286531
 节点name: Group[0]-1
360,7931,0,282420
 节点name: Group[0]-1
360,7975,0,284391
 节点name: Group[0]-1
360,8088,0,288463
 节点name: Group[0]-1
360,7819,0,278453
 节点name: Group[0]-1
360,8045,0,286412
 节点name: Group[0]-1
360,7990,0,285491
 节点name: Group[0]-1
360,8152,0,290086
 节点name: Group[0]-1
360,8006,0,285191
 节点name: Group[0]-1
360,8045,0,286328
 节点name: Group[0]-1
360,8025,0,285713
 节点name: Group[0]-1
360,8018,0,285565
 节点name: Group[0]-1
360,7900,0,281279
 节点name: Group[0]-1
360,7983,0,284327
 节点name: Group[0]-1
360,7986,0,284669
 节点name: Group[0]-1
360,7880,0,280663
 节点name: Group[0]-1
360,8163,0,290948
 节点name: Group[0]-1
360,8033,0,285540
 节点name: Group[0]-1
360,7837,0,278502
 节点name: Group[0]-1
360,7944,0,282597
 节点name: Group[0]-1
360,7849,0,279658
 节点name: Group[0]-1
360,7937,0,282721
 节点name: Group[0]-1
360,8076,0,286999
 节点name: Group[0]-1
360,8005,0,285439
 节点name: Group[0]-1
360,8017,0,285866
 节点name: Group[0]-1
360,7916,0,281771
 节点name: Group[0]-1
360,7961,0,283755
 节点name: Group[0]-1
360,8032,0,285466
 节点name: Group[0]-1
360,8080,0,287745
 节点name: Group[0]-1
360,7992,0,284972
 节点name: Group[0]-1
360,8122,0,289364
 节点name: Group[0]-1
360,7970,0,283787
 节点name: Group[0]-1
360,8133,0,289466
 节点name: Group[0]-1
360,8061,0,286966
 节点name: Group[0]-1
360,7992,0,284587
 节点name: Group[0]-1
360,8128,0,288932
 节点name: Group[0]-1
360,8043,0,286478
 节点name: Group[0]-1
360,8028,0,285749
 节点name: Group[0]-1
360,7873,0,280852
 节点name: Group[0]-1
360,8174,0,291522
 节点name: Group[0]-1
360,7961,0,283520
 节点name: Group[0]-1
360,8040,0,286262
 节点name: Group[0]-1
360,8079,0,287694
 节点name: Group[0]-1
360,8074,0,287611
 节点name: Group[0]-1
360,8132,0,289235
 节点name: Group[0]-1
360,7962,0,283876
 节点name: Group[0]-1
360,7924,0,281589
 节点name: Group[0]-1
360,8195,0,291967
 节点name: Group[0]-1
360,8030,0,285996
 节点name: Group[0]-1
360,8167,0,291036
 节点name: Group[0]-1
360,8040,0,286374
 节点name: Group[0]-1
360,7930,0,282848
 节点name: Group[0]-1
360,7955,0,282991
 节点name: Group[0]-1
360,8112,0,288661
 节点name: Group[0]-1
360,7978,0,284020
 节点name: Group[0]-1
360,7808,0,277948
 节点name: Group[0]-1
360,8008,0,285183
 节点name: Group[0]-1
360,8250,0,293707
 节点name: Group[0]-1
360,7984,0,283892
 节点name: Group[0]-1
360,8091,0,288451
 节点name: Group[0]-1
360,7988,0,284821
 节点name: Group[0]-1
360,7986,0,284929
 节点name: Group[0]-1
360,8034,0,286284
 节点name: Group[0]-1
360,7905,0,281350
 节点name: Group[0]-1
360,8146,0,290599
 节点name: Group[0]-1
360,8064,0,287508
 节点name: Group[0]-1
360,8106,0,288778
 节点name: Group[0]-1
360,7940,0,282941
 节点name: Group[0]-1
360,7879,0,280956
 节点name: Group[0]-1
360,8060,0,287265
 节点name: Group[0]-1
360,7954,0,283416
 节点name: Group[0]-1
360,7973,0,283627
 节点name: Group[0]-1
360,8125,0,289433
 节点name: Group[0]-1
360,8137,0,290226
 节点name: Group[0]-1
360,8036,0,285799
 节点name: Group[0]-1
360,7949,0,282596
 节点name: Group[0]-1
360,8014,0,285607
 节点name: Group[0]-1
360,7986,0,284492
 节点name: Group[0]-1
360,7980,0,284547
 节点name: Group[0]-1
360,8130,0,289254
 节点name: Group[0]-1
360,8157,0,290832
 节点name: Group[0]-1
360,7938,0,282656
 节点name: Group[0]-1
360,7958,0,283285
 节点name: Group[0]-1
360,7947,0,283135
 节点name: Group[0]-1
360,7960,0,283381
 节点name: Group[0]-1
360,8030,0,286135
 节点name: Group[0]-1
360,7937,0,283201
 节点name: Group[0]-1
360,8126,0,288990
 节点name: Group[0]-1
360,7858,0,280437
 节点name: Group[0]-1
360,7823,0,279087
 节点name: Group[0]-1
360,7949,0,282850
 节点name: Group[0]-1
360,8122,0,289375
 节点name: Group[0]-1
360,8047,0,287055
 节点name: Group[0]-1
360,8007,0,285504
 节点name: Group[0]-1
360,7866,0,280352
 节点name: Group[0]-1
360,8009,0,284826
 节点name: Group[0]-1
360,7855,0,280089
 节点name: Group[0]-1
360,8086,0,288298
 节点name: Group[0]-1
360,7987,0,284831
 节点name: Group[0]-1
360,8023,0,285949
 节点name: Group[0]-1
360,7919,0,282015
 节点name: Group[0]-1
360,7716,0,275298
