"d_yearmonthnum","lo_partkey","lo_revenue"
199303,199533,5919553
199304,412681,4259853
199306,63114,2111135
199306,294094,4691800
199310,340770,4436362
199305,388122,4343084
199309,234647,1252650
199311,253070,2083973
199310,242353,1282386
199311,18482,2195952
199301,15150,2847145
199310,190935,6878032
199312,54253,4449923
199310,468608,6881771
199306,440974,5308241
199306,234222,3701028
199302,428815,5179056
199311,358642,3166573
199307,52073,3380680
199311,395905,594264
199303,149066,2207818
199312,28564,6353827
199312,544539,1410907
199312,191420,888714
199302,130474,5012894
199302,462236,939396
199303,375458,7590528
199312,5237,904646
199307,285929,4691529
199306,187556,7322015
199301,197878,1549082
199304,120066,1383640
199305,172492,613280
199307,367818,5974214
199311,135648,4000328
199306,6514,5098210
199306,283837,5298586
199308,526935,1553832
199303,105430,1266049
199303,457996,758140
199303,56804,4313960
199310,444701,3671512
199311,257230,4537554
199302,62855,5113612
199312,52208,3183588
199309,58254,2586941
199301,165232,2696941
199311,531608,6817373
199306,299631,1917609
199312,305422,423940
199304,310613,7796527
199307,233181,2316359
199309,492887,3163804
199303,538296,3830689
199301,72169,442770
199308,507541,5614933
199306,272205,1615104
199305,239423,4005485
199302,493544,5631935
199305,569265,1046044
199311,179587,7274621
199303,53412,2943823
199307,206709,6425599
199312,153887,960735
199308,142955,5232631
199304,90215,1789736
199306,551298,1068621
199305,123554,2601379
199307,397744,4108899
199310,376137,4471560
199302,578514,7335008
199305,47349,381123
199312,382515,4648725
199305,351796,3259483
199302,329615,3062245
199312,216070,1932677
199307,469787,7919474
199301,294357,6091840
199306,217656,5647793
199305,272880,4539531
199301,461338,6175620
199312,4757,1316106
199312,514122,2361951
199302,442023,4776750
199312,401149,4219382
199306,91200,4390763
199308,100355,2281054
199306,483146,2213075
199308,367497,4646505
199304,506326,3101594
199305,330790,4415391
199308,421624,2574969
199308,154926,2113641
199308,205926,5863943
199308,24545,6336656
199303,323282,2972099
199304,156954,4778017
199303,408502,276454
199308,513124,3308961
199303,100530,5757853
199305,364218,6219952
199303,17007,537768
199302,97998,1742499
199302,126658,1797521
199309,585195,6208824
199303,101992,9575139
199306,89546,1340526
199301,506868,7638098
199306,288972,4035655
199306,390407,6896978
199302,109114,326825
199312,216552,427345
199305,371458,4088193
199311,594623,5049744
199311,599238,5897096
199306,534837,6485821
199308,163324,1495530
199302,439554,6357957
199304,500375,1467498
199307,550695,8468245
199303,240008,2114965
199301,584095,1502135
199303,29630,4168890
199303,278153,3547255
199302,2104,4338303
199302,537678,6157467
199303,591865,6005541
199309,160309,6371352
199307,150680,2204886
199302,239671,2072919
199305,278307,3148960
199302,191688,2934692
199307,566838,8773554
199307,477205,4013501
199309,293949,3236921
199310,78303,1395335
199312,260814,878526
199302,224096,3837540
199303,377095,1148638
199310,64962,2098459
199303,288531,4020649
199312,122184,2127701
199304,349411,5295410
199312,518254,4156375
199310,189491,4068181
199309,333663,498815
199312,513600,1565172
199304,441984,2989089
199303,204252,1246426
199307,292993,963200
199306,512870,8583913
199305,531703,1373866
199311,130061,2673097
199303,521850,6115268
199302,238320,3329488
199303,35392,6051571
199301,423251,3138716
199308,310232,5783776
199308,548027,5109475
199309,175134,5864280
199310,208306,5890520
199304,176727,5423786
199307,350343,3108519
199311,114220,4112421
199307,15518,3371615
199310,330453,2180656
199304,455311,3226506
199304,3408,2056275
199311,195199,251072
199310,330805,1619166
199309,280055,710037
199309,322302,6229460
199308,403843,4279709
199302,231999,7073179
199302,434054,2517500
199309,272637,2708990
199308,514841,7560610
199304,100551,912311
199309,45340,2290475
199302,387063,450819
199307,236313,1333003
199307,448406,4558843
199301,129026,3888803
199306,173572,2075063
199306,417433,4234885
199306,208486,4279628
199306,246474,1406255
199311,261427,1224577
199306,308700,3383206
199310,272028,686006
199311,215996,4921436
199305,306208,4045681
199305,493599,4729932
199309,69061,3569157
199309,208496,5176913
199301,49882,5863847
199307,72152,5234042
199307,59931,183420
199304,397031,5470897
199301,320389,1777215
199307,36384,1423369
199308,438219,4353348
199304,326846,9083225
199311,478333,3598234
199310,363117,5380075
199303,545246,4884685
199301,328647,497662
199309,571284,5578250
199306,226089,3052315
199309,307743,7472115
199303,12534,2434509
199305,222354,500325
199305,150230,4642113
199312,394640,2549906
199308,362032,1516311
199302,268385,2277721
199302,44899,912725
199301,80552,5106456
199302,576774,366448
199311,420704,787969
199311,594910,3536625
199311,409805,1527868
199307,300204,2360212
199308,198607,4390214
199303,585592,996476
199309,388433,7380408
199306,350285,5569411
199303,203100,3697389
199303,400627,5239668
199302,251551,5538362
199311,194368,5067077
199311,545550,938171
199311,566498,4491593
199311,36890,5064139
199311,183610,3778443
199312,38103,1312827
199308,118767,8309141
199308,209565,3146689
199306,202457,4796104
199308,415629,2905392
199310,86733,6338924
199309,294513,4477275
199309,304249,1488837
199302,547417,4349238
199303,407225,878587
199312,166314,2945581
199310,111234,4931110
199303,169538,4933509
199310,292971,7388417
199305,398133,5118996
199309,166601,5393018
199309,580805,5174580
199310,388935,5751980
199312,191524,5224591
199309,197488,310754
199312,273156,4247824
199306,401008,2969637
199306,529096,1336583
199304,242733,1806426
199308,419124,2684939
199306,428819,8050320
199302,175801,6805276
199308,390119,5147138
199311,446149,758918
199305,53452,5371629
199307,66380,261197
199304,220605,1644586
199301,255505,1558342
199301,70176,2779462
199311,9419,2367226
199302,297808,1050969
199304,37248,2229436
199305,501962,3110880
199305,328278,3620952
199309,326148,2557255
199310,365891,9301050
199301,586305,6408235
199301,189629,2357946
199303,540336,2967324
199304,202355,2862963
199312,157756,1055602
199312,206369,865962
199302,334584,6503414
199302,5996,4330831
199305,86779,692181
199312,87689,1659913
199312,103681,1143897
199301,17820,5562761
199308,290212,1649418
199308,72671,2550975
199303,475241,3657173
199310,49770,1685374
199306,369378,1403939
199310,445421,3578601
199306,598706,6253216
199308,174706,2094103
199309,321903,1867143
199310,106258,247793
199301,546461,5702645
199307,588908,391388
199304,562624,5677095
199311,505713,5895106
199303,261179,4245955
199307,328552,5007150
199312,483925,8979465
199312,311384,276283
199309,138650,3767378
199304,342452,2029449
199312,368474,299237
199308,156127,459050
199308,236816,5668555
199303,205862,3984733
199312,167793,3429435
199310,417066,1830420
199311,208268,5007296
199306,517277,5834479
199309,333749,1921782
199312,206798,1687732
199310,351667,2892487
199312,211014,4029300
199304,531247,5441382
199301,204040,91570
199307,580742,541347
199310,273452,6068098
199311,339573,159643
199301,517376,6069432
199301,314061,3512188
199309,113319,129234
199309,496639,6980783
199305,356761,7198290
199311,530386,3785930
199304,26228,113113
199312,581230,3375054
199305,91340,1807959
199306,148951,387990
199301,425621,4200565
199310,471890,2736948
199301,242737,3991014
199301,378315,819260
199310,374847,6338195
199308,288251,4007702
199308,182560,5955922
199307,513622,7533573
199304,119456,438208
199304,34549,3885391
199306,53703,1623566
199302,217504,1810978
199304,421444,5960058
199303,480531,4691727
199302,96413,6418453
199309,340395,1421026
199304,168604,1159111
199309,444409,3281946
199308,47460,3140043
199311,60830,1228509
199305,17164,3565665
199309,532374,2366887
199310,123671,6878665
199308,450788,5565770
199305,317554,4774338
199304,115459,1313734
199304,367824,1685602
199301,129603,5495331
199308,461798,6620254
199304,58568,1776915
199302,68755,7601737
199307,255194,1126196
199305,19418,5560950
199306,272602,7331291
199306,462584,6000652
199311,502914,9392761
199310,369902,6312019
199311,355883,6526236
199301,50450,3667778
199310,431186,331796
199309,569546,5327984
199311,590508,3323239
199311,485076,1050439
199306,25768,3689009
199310,318524,4189457
199307,347447,2050357
199307,204794,5160893
199306,321674,3021666
199312,295440,426322
199310,8241,2047945
199303,284544,4194286
199302,327318,6196451
199311,283624,1715319
199301,89799,2278918
199305,230027,3789759
199303,505393,6577932
199303,419566,1617753
199304,524659,4500342
199302,24488,3425264
199310,194858,5741379
199310,280897,1457234
199304,449375,5191452
199309,401332,6043219
199307,486814,5170068
199302,486617,7700439
199306,436954,4447467
199307,143144,3800035
199306,7105,3005937
199312,348332,5275583
199309,475992,2892915
199307,19524,4340664
199308,145084,4359377
199311,362433,5033583
199310,355655,8467668
199307,93888,5402877
199306,271834,6972271
199304,590642,7562886
199306,272390,5607556
199302,419850,7358953
199301,297503,2183212
199304,104900,6651910
199303,253462,1261165
199304,252243,828294
199308,305596,2982141
199301,237779,339918
199311,21213,2334204
199312,216697,2076806
199310,598009,767137
199303,5755,3743330
199307,426999,3241407
199301,146581,7656136
199301,104487,730825
199307,60269,4867869
199306,431457,5910546
199307,90615,1907464
199308,570926,5088101
199312,389623,7143296
199308,266491,4473006
199303,476188,3878981
199308,77189,3771426
199302,137415,5032600
199310,484232,3130524
199309,441680,5940140
199305,506534,896576
199305,415607,6416152
199302,267661,2902254
199306,67336,126423
199307,576018,4931706
199303,408450,2503586
199303,376769,1447068
199301,466725,1004869
199311,160249,761977
199311,177029,1751935
199311,349558,2027107
199303,592392,4408578
199303,529032,3293375
199307,178583,2116852
199304,14053,3790836
199302,260188,454675
199307,353416,712659
199309,301024,1292537
199309,43479,6970103
199307,54613,5121381
199301,178542,158812
199307,78628,3778770
199302,28350,5261688
199302,407967,742476
199302,115671,327213
199304,376802,8370009
199308,288653,1910868
199306,13380,3549034
199302,289932,4143659
199302,211746,5036183
199312,251210,3563722
199303,497228,3032370
199305,160655,2522005
199310,507157,2623949
199310,221769,4264071
199301,312606,5869007
199308,590279,4648603
199303,53482,5064373
199311,561377,1534719
199309,74762,6533691
199312,145790,8815463
199305,578983,1212432
199310,253454,3065404
199303,517059,3374430
199309,335807,7223736
199307,443362,1646033
199303,370491,463759
199312,197631,4573954
199301,35681,1584346
199303,18880,3702095
199311,478247,1782695
199305,435068,3637023
199303,467386,2231690
199306,251086,1745388
199306,246858,6432449
199305,376762,5643123
199309,474891,5356912
199306,23260,1492090
199305,362285,4668290
199305,119484,1326069
199307,248380,5597751
199308,239049,1725100
199309,403170,3643344
199304,141480,4066916
199304,216346,3124266
199312,546346,6822368
199312,70694,645899
199305,16586,4313907
199305,348509,1510765
199305,357507,5463199
199302,44499,4526784
199305,289750,5455824
199310,368395,2752617
199308,476050,2488122
199306,127606,3234528
199308,105769,4041128
199311,381016,5052782
199309,331915,9444411
199303,552434,437004
199311,225709,6958875
199311,14431,5274085
199310,576127,5836238
199312,44128,3782439
199306,287089,2320006
199304,257209,2488649
199303,495702,6916348
199308,241506,5015552
199302,24768,5474385
199302,463971,6944535
199309,134870,2426804
199308,46275,3435432
199301,415111,1791553
199303,114382,4926428
199302,328378,6477694
199307,270293,1470457
199312,569895,4043702
199308,278878,1801154
199304,199757,727846
199309,259933,6242850
199304,401738,3181037
199304,422350,5290348
199312,404816,500749
199312,90208,4270384
199308,464485,5255741
199306,517109,5243028
199308,433645,6342895
199307,594940,9572263
199307,147116,1025863
199307,565339,3133015
199305,237373,2075610
199307,73556,2670594
199301,290829,8827898
199310,350084,3740162
199310,468808,2110814
199310,441457,813886
199310,377705,4588644
199311,480475,4178596
199308,9062,3941532
199301,54923,7177410
199303,200020,3278915
199305,538875,5251604
199305,176732,177255
199304,171250,5755365
199311,184324,557694
199312,35319,2235180
199302,184482,3877038
199303,208179,4520411
199311,29660,5140960
199308,192705,1423778
199306,517241,369916
199309,297980,2937285
199306,460568,5599042
199304,302748,5719634
199310,52401,1856864
199304,266911,1859121
199308,313467,6462164
199306,443386,4211412
199303,144790,8173989
199312,225918,4381106
199304,127913,6086693
199312,25910,6232914
199305,418843,863291
199305,309157,2262311
199312,241237,2216231
199306,346645,2009656
199306,456347,1290286
199301,390144,1197106
199310,430584,5997657
199307,243218,1013727
199304,10645,462025
199304,495408,2314173
199303,572891,7971348
199303,262494,3814521
199307,40407,264090
199308,514646,2603852
199308,53051,2459922
199308,92307,4537155
199307,427491,2948999
199307,355291,3958063
199310,546362,975979
199312,29016,3929351
199308,370830,3763623
199303,309691,1683673
199304,321668,1147272
199302,161632,985692
199306,396195,5135022
199306,194897,9081026
199303,24896,5768579
199309,563672,4714025
199303,497663,1150823
199311,321729,8235339
199301,567856,6285152
199310,131913,8767654
199304,208978,2562491
199310,471793,3804844
199310,177854,6311353
199306,500440,3912180
199307,26276,1516062
199301,484137,988819
199312,190464,6550494
199312,366723,4860852
199304,26303,3100294
199301,592089,687376
199302,364301,4900025
199304,461083,4858011
199308,342974,5478063
199301,137799,3028866
199301,308312,4052000
199301,139423,1146537
199302,168290,4525822
199305,189723,2664698
199310,482724,7449745
199306,392597,3973892
199310,360639,7253978
199310,53502,5420282
199312,406925,7435682
199308,83742,7030664
199305,425700,7411475
199312,521099,443547
199301,102260,5264886
199312,366953,5399299
199301,551605,3695829
199310,417636,1384266
199301,287791,1584892
199302,326806,6106856
199308,369446,4950909
199308,469009,4363746
199301,447711,2134734
199310,457989,2862031
199310,366314,5891120
199310,285568,3076029
199307,78489,2033927
199312,522005,2191575
199308,17665,2946912
199301,53030,389279
199306,349802,7544192
199307,440506,4209256
199303,388616,6779194
199310,160473,2528692
199301,31351,1492655
199309,187446,3339832
199312,80844,4516479
199306,369056,5123432
199311,307625,5225984
199304,2648,6230471
199302,53590,6588042
199302,86172,112342
199305,37649,5442175
199304,538024,3679830
199304,568271,1591029
199312,575878,2842851
199306,176962,8592177
199306,255540,290132
199304,171515,7694573
199305,593400,887067
199305,47101,2033314
199312,380225,5190820
199301,38549,7070277
199306,135488,4728881
199312,161909,7073560
199302,262729,3774205
199303,144604,969376
199304,354886,4945336
199303,507482,875802
199303,425483,4140872
199302,450148,4899811
199305,295761,6542137
199308,323594,3765726
199312,385158,4263970
199304,514356,5426506
199304,475111,4470346
199302,32003,555390
199306,133186,844891
199302,579449,2075594
199312,98015,1191299
199309,452062,4721370
199303,387144,5373882
199301,544992,3024900
199301,131742,7024010
199302,286722,4521246
199304,215298,1765322
199306,563632,2326376
199307,540783,1966013
199309,149796,9044371
199305,583900,5388218
199302,438219,1134046
199302,38043,2569343
199302,466148,1404905
199312,24571,2072860
199312,35017,4241204
199308,544894,9120444
199309,269939,2267796
199308,70265,5205385
199312,528324,4417964
199304,390297,3845540
199304,386723,7803469
199304,452350,257861
199312,56954,1135104
199311,458219,699250
199303,214835,6582822
199306,42753,6211532
199305,286658,7976504
199307,320216,3237607
199307,453887,4149298
199311,379987,2205456
199305,415149,1896261
199308,167906,3868844
199308,181158,1457240
199305,347679,1538454
199301,349853,5463053
199312,242952,185704
199301,423441,2540550
199301,531416,4585331
199312,203925,2838468
199312,559099,2358988
199310,200343,3411697
199310,273445,6255276
199312,116697,1187587
199310,596381,438775
199312,479177,4078897
199312,548562,7811119
199309,348227,249941
199307,375999,2875922
199311,475301,3502112
199301,73925,9025566
199301,115540,4725730
199306,168747,533827
199301,521299,5620389
199301,253967,8198614
199304,460481,6012329
199304,496714,5758182
199305,597790,2590020
199307,316654,6450341
199301,400004,3678494
199301,452426,1620998
199305,436243,5547050
199311,497657,2246987
199310,175281,1342717
199304,474570,4944104
199307,461064,904085
199312,501106,107386
199303,347096,5433059
199308,384666,3602837
199308,295566,4241169
199311,429535,3267321
199306,331164,4919237
199309,412369,1004570
199306,511345,5920336
199311,286248,2177181
199305,165179,2051636
199304,42805,4498837
199309,150234,2034220
199302,359883,7806451
199302,234714,1131008
199306,532756,2656264
199308,6176,3568996
199308,122323,4567361
199303,431577,149346
199306,540513,2614523
199306,236255,4853111
199306,531513,5903040
199312,72612,6148286
199306,63173,2249616
199303,153077,2657924
199311,226238,3839597
199311,169468,1640469
199312,144428,7214858
199307,47784,4457601
199307,570701,3507926
199303,94651,7005532
199311,123410,5759441
199305,296247,3200074
199307,219123,4447725
199304,234228,115058
199304,37476,138520
199308,542122,5762295
199304,538093,1316565
199312,397226,5576006
199301,279750,7550315
199308,398700,8725445
199305,22727,2910106
199305,592220,4200352
199312,477754,6047201
199312,94185,4575218
199312,150740,8163983
199302,303617,1764833
199309,531561,5045166
199311,182056,3532507
199301,4840,8293224
199301,337213,990158
199308,530853,8588380
199303,230705,6251607
199305,545838,8307602
199304,37246,927660
199305,542453,6741398
199312,495725,505885
199311,22846,7206254
199304,74372,3166662
199308,410468,1910517
199307,414641,5640678
199311,247480,1119136
199312,393172,5511036
199308,105668,328037
199303,518748,346277
199308,33303,6057870
199306,387907,5134846
199301,454231,3563926
199302,99710,5077838
199304,353972,9426791
199309,478440,2889321
199302,55171,4856045
199306,500788,8501976
199311,21955,4414586
199304,37405,132897
199304,450059,3096713
199306,28603,2377043
199301,304429,5478493
199302,332365,3320103
199305,320612,1425259
199308,557810,5616444
199312,204909,5102472
199308,104348,2008224
199308,563043,214567
199302,48726,2297715
199302,39604,3056328
199308,370930,594273
199308,538169,591498
199304,455771,6154137
199305,567304,4788509
199303,337155,1040738
199305,180461,6714599
199310,326062,2800640
199307,99952,5217562
199306,286495,4598513
199306,126903,7376077
199311,504182,2935746
199306,226247,232299
199301,311017,4477968
199308,506246,1963480
199301,142294,4762537
199301,133595,2211625
199308,406629,1520244
199308,202381,5975370
199312,181270,3745720
199302,493785,4402431
199304,170032,213793
199309,528386,5350523
199308,445256,3767057
199306,23995,8549100
199311,146568,2848083
199305,571081,4676211
199306,94724,6232078
199310,289101,2350234
199310,167593,7160464
199310,260240,470490
199311,362886,2079444
199306,511822,177878
199306,545055,3521196
199307,151288,2728113
199311,36984,5647681
199301,49855,1965481
199309,324087,439983
199308,313589,3419884
199310,65898,2711959
199305,192717,3335295
199307,580931,6049813
199307,500252,991766
199302,580147,2618674
199302,560637,1176443
199305,326895,559267
199310,573832,8301708
199312,488413,4257422
199306,298715,6045933
199312,533904,7482154
199312,331784,1232907
199309,304072,105453
199305,205897,8044450
199305,297377,4714054
199307,549257,3801129
199310,71517,3754022
199310,117290,1648492
199308,47803,514735
199304,294580,2650001
199311,204758,322571
199301,576810,8779233
199309,131297,2630014
199312,403621,1045875
199305,563611,497353
199311,161315,2670041
199311,450082,1532609
199307,294476,5620098
199307,445734,1140523
199308,235282,2266556
199312,228974,5463398
199308,199505,5346194
199308,413780,7557557
199305,467109,426127
199307,196582,5650100
199307,179812,1498313
199307,185880,8476874
199301,471382,1706586
199310,52348,4077866
199303,184510,1250095
199302,82335,3485655
199301,25110,4508939
199303,386803,8148774
199311,4693,4384061
199301,229941,362960
199306,287810,6277917
199301,533594,8056471
199312,14021,4262756
199312,445065,2099873
199302,11278,4268290
199303,188421,4585617
199310,462153,220795
199302,217640,1526477
199308,369203,123402
199303,26397,1834218
199309,30264,3359453
199303,253644,2688811
199305,474859,4357180
199311,307493,3713688
199301,475242,5129365
199305,323183,716464
199310,76809,6125294
199307,225489,4390514
199309,150023,4674075
199307,225583,3219288
199302,60322,746310
199311,21910,6462978
199311,333391,6631913
199306,343062,546999
199310,103574,1377218
199306,585845,2102662
199309,553691,2200028
199308,414076,2016731
199302,258433,2181746
199312,7337,3202905
199312,299870,7073680
199301,560031,1836169
199306,168463,742758
199310,544389,1529395
199309,596276,1210324
199306,69404,4263033
199307,392314,4092333
199307,493540,6224557
199306,108077,3974611
199309,428875,5000272
199310,524649,5467716
199308,499096,5365843
199311,382803,4854023
199308,484435,2202924
199308,138875,3031570
199308,69577,6365682
199310,315144,787049
199308,197336,2919693
199302,324630,5897065
199302,158307,540658
199309,221850,1403297
199311,147840,4625208
199305,221033,4020240
199306,16218,3740624
199309,233220,904116
199305,410741,7521932
199308,195852,7179775
199312,260717,1315316
199306,429893,4950914
199308,177616,5914086
199310,398977,9464301
199306,277396,2422642
199306,486094,2673173
199301,274152,2787196
199306,88663,6312644
199303,267691,1769811
199306,110817,3619063
199310,485035,2827467
199309,339915,6130566
199309,489648,6419470
199308,277879,7384732
199303,339647,7198536
199309,450143,4927784
199309,324457,4742089
199309,169428,3485993
199304,16100,4779734
199303,189567,5784707
199303,125971,6721801
199302,535591,5679982
199301,209987,552018
199303,177386,3911614
199306,202911,2334489
199309,354922,7168275
199312,115000,1378370
199309,49118,3001780
199312,439177,4005862
199308,273197,5675373
199311,545892,7406539
199311,82768,1733252
199311,44386,2868299
199301,534484,4860590
199301,326053,3738873
199304,72339,771062
199312,118330,3039135
199304,96283,1629802
199310,383581,1483131
199302,261503,6027840
199309,420184,3641519
199305,451420,2308066
199305,361715,696466
199306,64247,1899224
199312,45138,3572162
199310,127810,8284847
199312,455306,5067823
199304,363835,9023192
199308,118536,452368
199306,354031,3402622
199306,468166,1010518
199309,97154,225625
199306,461560,1054427
199308,292869,2027554
199311,467144,970007
199311,410010,819711
199310,261584,605863
199310,360683,7780255
199310,296020,1281188
199306,420090,3723118
199303,598538,1283023
199312,306735,3584459
199308,189180,2708430
199308,139297,388860
199305,148940,3508490
199301,263955,1504448
199305,414833,4844929
199308,376426,4610896
199309,284904,6919004
199304,482592,6414798
199306,107847,2878711
199306,147424,5244140
199304,536686,6182626
199310,262460,6412404
199310,195765,2887899
199302,264095,207579
199309,522884,3209245
199306,81628,1274819
199310,237428,4817166
199306,448677,6691175
199312,424557,2786757
199305,564364,2121084
199309,291362,4594623
199305,475402,2999933
199310,235236,1704125
199309,35814,3224899
199303,102268,5544684
199304,312503,6174106
199310,131041,3256857
199306,533085,1533978
199306,381065,1588425
199303,208105,4169878
199304,169574,1115984
199302,526438,579906
199310,557439,879889
199312,54028,384951
199303,149126,5585345
199303,495524,1935843
199303,208438,1999433
199309,218886,1061263
199301,243967,4162049
199301,130464,5918061
199301,172164,2937116
199312,203809,1865228
199309,186433,6700686
199303,180132,3120022
199303,248355,2654903
199303,352396,6671238
199305,51778,7382658
199306,301515,6619522
199304,477584,4284920
199310,348577,1734472
199301,545733,1207744
199305,171223,4819675
199301,276842,5645648
199306,499390,3713786
199301,443022,2620940
199306,593446,1357768
199309,244452,6635882
199305,230443,5595353
199307,487133,977856
199304,221162,4352096
199304,358408,2758279
199304,274288,3587371
199301,28689,7531918
199301,371494,2454672
199301,91227,1910168
199303,243613,4982676
199302,457023,1824760
199307,547772,7413661
199309,424088,392679
199303,171720,6778076
199302,450341,5497149
199311,348280,2705685
199301,95975,4397234
199301,191521,7111213
199304,319225,4434364
199304,5364,5846672
199301,188864,7153326
199305,477551,6820300
199302,357699,347822
199312,211080,883043
199308,422555,5067927
199309,565677,3105402
199307,432874,525793
199307,538723,512654
199308,499052,1648015
199309,515216,2559644
199307,119024,306647
199304,198618,6056200
199308,380028,214953
199311,116277,6272359
199311,108202,2396196
199305,160063,1778927
199302,513140,342476
199312,421281,1666332
199306,17937,5757702
199310,73307,6148000
199303,91342,1716008
199302,497330,5072978
199304,42843,7621965
199311,414832,6225630
199312,66817,1048880
199312,48837,353594
199307,322796,8291818
199302,228360,1499639
199303,517210,5411907
199304,235404,131260
199306,362279,2211737
199301,329458,3789997
199304,153119,3865618
199301,409781,5021557
199306,65974,4801425
199311,459716,4976799
199305,5095,4455400
199305,427790,8331184
199306,570153,3677951
199309,277798,2637033
199304,473543,1337570
199310,108199,3395825
199311,406018,3933425
199310,189992,4080700
199306,439359,6169664
199306,286484,427906
199308,599333,7018319
199309,271107,104574
199304,161608,5890348
199312,300628,2740950
199305,546206,1227136
199307,153677,4532624
199301,153484,7158506
199301,271642,4539141
199312,135122,897925
199309,185161,122123
199305,90111,2456576
199309,382754,5580016
199312,25028,647100
199305,595132,2765905
199305,113358,678818
199305,101953,9387669
199306,159214,1622069
199305,223578,7135413
199307,330766,4269078
199303,517027,3139308
199303,280484,4305541
199307,250887,6303894
199302,243998,565116
199311,232199,4766792
199304,349035,5205464
199303,483224,946444
199308,127029,3136379
199307,527649,5529492
199312,406492,3119986
199301,416794,4314561
199306,59591,2887198
199310,539929,5209709
199312,126239,5887115
199312,339699,1022343
199301,374007,3959666
199303,68125,4869849
199305,496641,3530708
199302,16261,5252934
199302,205859,5765732
199303,538191,1073065
199311,302094,850558
199303,130846,3310745
199303,363165,1459042
199308,227594,4622560
199304,378481,308775
199306,252284,719509
199301,70068,2339787
199301,97599,4109622
199306,589826,5689926
199309,446591,6860637
199303,99292,2657474
199303,434620,7160487
199309,573779,2336317
199302,572477,613582
199303,396110,1418373
199312,431601,7586271
199307,185399,6255219
199307,196120,481583
199310,74582,3050896
199308,519391,1231253
199310,326850,8092934
199302,317258,5813819
199310,317346,4809828
199311,504258,499843
199301,431154,1578864
199308,96832,543162
199307,30659,3147507
199307,347655,2642497
199302,23773,2304213
199307,83695,2632185
199308,205528,3090647
199308,64811,1740293
199306,528895,4952041
199309,141603,322341
199303,466890,727893
199303,404384,124970
199304,20538,1155155
199304,137549,5597313
199303,327823,6046596
199302,16847,5937085
199302,134732,4847907
199303,483849,4800155
199306,579198,2106053
199312,210235,1927405
199312,368665,4247442
199310,10641,1216485
199305,533122,4917260
199311,74322,5390098
199303,364370,5287050
199303,540868,6665669
199309,156640,6253815
199304,110053,2577896
199312,325235,374285
199305,205454,2264827
199303,345934,2328385
199308,365595,7397883
199309,428800,4695366
199309,43630,3084314
199309,597615,5149758
199305,342686,4235241
199311,492726,842163
199310,132717,2251876
199312,70469,4655213
199305,180291,2527287
199305,134958,7539329
199304,489721,4358863
199308,576214,252877
199308,426074,990049
199301,294621,6557760
199309,467306,499125
199307,442455,4245392
199312,183309,6617601
199301,282438,1546837
199304,370245,781246
199310,494338,1055189
199312,581285,6492467
199306,363522,4506019
199308,160656,6327571
199303,492204,5569414
199311,362502,4181881
199309,596095,2567946
199307,472661,4642804
199303,581109,3181083
199303,130692,6139667
199302,415010,3897907
199308,482559,2266049
199302,571533,5241934
199307,378791,1269580
199306,354090,4660981
199301,477045,4607266
199308,55896,366674
199309,507101,1289805
199312,221682,7072184
199311,302860,3103508
199305,204482,537950
199301,588653,1896635
199304,166873,9408369
199308,334227,374579
199312,314007,400228
199301,543086,1881013
199305,256828,3848050
199307,552768,4591906
199307,174609,2123019
199312,437450,538322
199307,558333,2294270
199309,62730,6731987
199303,575471,3334146
199311,46039,2632985
199302,529656,1635061
199310,504531,893666
199307,382715,8898615
199307,54976,3973936
199305,418705,7001308
199305,417057,2768193
199309,430744,3774818
199310,372040,3487326
199312,435985,3765081
199311,156919,9583163
199302,311899,5107782
199309,121648,2644709
199311,58087,413851
199305,430418,1961907
199311,427149,532679
199303,26889,5338687
199303,420425,6393340
199308,401749,4323235
199308,459080,1108677
199303,142881,6033287
199310,169869,8275054
199302,315588,785749
199302,437378,3609320
199310,150854,7467012
199305,265730,6547174
199304,382415,2469212
199307,126304,1316997
199306,72878,2539393
199309,168377,6657374
199304,139945,3930181
199301,485725,2371030
199310,230271,2259570
199310,288006,385668
199305,554757,7457080
199310,556480,5514354
199304,279421,2772811
199301,199265,4997284
199309,191174,5154302
199308,515850,7314053
199306,103484,6851332
199305,593525,6729723
199311,580024,3278880
199301,542159,1412528
199303,170897,974105
199309,35026,3542319
199307,271568,4978904
199307,234805,1377913
199307,161416,2436249
199311,215479,1082100
199310,69065,4012152
199308,133977,5656858
199301,544454,4992768
199308,203904,3156575
199307,295874,5680634
199307,520126,2920262
199312,109242,1981964
199307,514027,4122360
199308,553134,4230860
199308,118493,2394200
199311,156198,860374
199308,69984,9383011
199308,211342,4255055
199308,277201,115462
199305,543246,1250543
199303,439772,1694632
199301,346106,3612954
199302,415503,5090924
199306,471835,7360943
199301,341187,2144384
199311,277264,3010031
199308,63954,7595082
199306,423689,6865093
199305,341126,905677
199307,246752,3496006
199304,350378,5514897
199309,278919,6259274
199306,584560,6512378
199312,152914,1144741
199308,275880,3819380
199312,507726,169902
199307,40860,3922273
199307,65831,7826991
199301,25974,2211565
199308,338243,6088404
199309,490732,7597151
199312,473491,3693393
199312,433800,343288
199310,512645,4923131
199306,208703,7107552
199301,43878,3066207
199309,362077,5192974
199309,258014,1791396
199310,411011,3162425
199311,400925,8315148
199304,63591,5694463
199303,37916,3815346
199305,189466,3963312
199309,537360,3117465
199311,97547,7186744
199309,595987,606141
199307,149948,1582368
199302,579520,3103030
199310,137527,3066459
199310,87461,6744029
199303,467952,7449328
199301,538903,7689844
199312,5301,1063956
199311,6076,1828614
199310,268501,4561296
199304,168476,5448890
199301,129766,7466770
199309,493373,2410241
199303,422724,3912559
199307,220272,5257866
199301,25683,4837300
199306,454410,2382224
199306,417840,8441051
199305,311909,3353873
199309,333078,107772
199310,378246,2753074
199306,180435,742560
199310,502245,5133557
199306,242161,3852199
199307,274337,128509
199307,448095,5008822
199307,346356,6596607
199303,548488,2235549
199302,369428,6670961
199306,489954,5715154
199302,118745,7950939
199309,491003,2263292
199304,504724,5590615
199303,355863,9402365
199304,192299,5398205
199304,437813,6113758
199301,129223,2208916
199307,309770,7848741
199302,253944,375790
199301,546000,811680
199301,590475,2169713
199308,184333,412443
199305,219815,340020
199311,372049,2746523
199307,136342,2566469
199304,282519,1189188
199303,369772,5652361
199306,201302,2501639
199310,168895,8853216
199310,477678,3693755
199301,61633,309358
199304,568538,4830775
199307,19367,3403708
199307,565380,981399
199312,166304,1356597
199307,164752,6872765
199305,351646,7731007
199308,253896,362576
199309,333451,881757
199309,330155,1149585
199309,113858,2223757
199307,135709,4907841
199310,351749,7685515
199302,112001,1588384
199310,233635,1552933
199310,292216,2751071
199301,564370,973923
199307,400291,5199893
199312,167670,7569290
199304,542326,4645378
199309,129793,4243455
199307,42119,4940528
199306,325402,1978362
199304,241923,7385043
199304,317298,637910
199301,591497,6471426
199302,426441,3113615
199308,424911,5520521
199302,385233,1550226
199303,233699,2375549
199309,196369,6318632
199309,368974,5350512
199306,21597,6548160
199305,306353,4037239
199304,190792,3168735
199304,346921,4870577
199307,545615,3287968
199312,406694,7607984
199305,109908,9209755
199306,159836,6381363
199309,163224,4619832
199307,294345,649575
199306,504981,2696933
199311,155983,7992801
199310,68560,898793
199309,24233,2806282
199304,301662,5648091
199304,199504,3809916
199308,239538,868781
199301,423401,917795
199306,312413,4562705
199306,428989,2088658
199305,266213,1155616
199309,16957,6427648
199305,246780,1538552
199305,96331,3251958
199301,381106,5816741
199304,428035,2860139
199306,491962,6190081
199307,180542,4092045
199301,239620,1698415
199306,281947,2673496
199309,502383,5486025
199311,78110,3905226
199309,110466,143216
199308,52966,8376260
199307,476343,1959190
199309,517390,6966481
199305,254886,357128
199311,164469,1636201
199308,423389,2700836
199310,291125,1082626
199309,394339,5959744
199310,39729,2751719
199304,216478,1487888
199307,425679,3268672
199301,286463,4017875
199306,124141,3164520
199308,37676,6325586
199301,179310,1375416
199310,485440,6425793
199305,430150,3810698
199310,217806,668830
199304,78590,922330
199310,419470,6064949
199312,136699,4811332
199308,250967,5023111
199301,480075,413579
199305,157326,4609222
199308,289932,6278912
199304,308802,1419659
199309,483372,2892316
199305,114126,5087215
199304,560662,337637
199302,176061,4615326
199301,577493,1088335
199305,427060,3255257
199303,136880,5764058
199303,472544,6985091
199308,209401,1143970
199305,509474,4405846
199312,575532,6548995
199303,378409,4810219
199310,503871,4825863
199311,336187,359611
199312,559624,5879131
199302,121188,3870585
199303,292263,2091246
199305,89717,2341606
199306,575663,3035665
199310,322327,4007450
199305,576467,305601
199311,537712,6582333
199308,53037,980129
199301,416055,2114903
199310,582428,2637158
199310,454219,2731186
199305,36831,5830303
199309,165397,2837036
199303,270412,6842880
199309,102716,3062741
199305,4382,382054
199306,196173,1507773
199306,228899,2328719
199301,380169,121167
199312,496097,432855
199304,539482,753122
199312,377721,5342168
199312,352900,2320033
199306,384433,5858758
199306,391691,6463997
199307,25776,825358
199307,576084,675154
199308,24862,2653487
199304,199641,172323
199304,494371,6556410
199309,394031,2338916
199311,2293,5101497
199308,577566,5694866
199301,589339,5878923
199306,461003,4008228
199307,456809,685122
199303,290263,122818
199305,505998,1166310
199306,534188,483975
199305,163009,4055376
199305,16351,2007482
199309,553144,1759766
199310,494806,3706005
199310,189920,8578338
199305,445295,2552475
199301,295489,7199679
199305,559962,400344
199301,66640,5298698
199305,393724,3206440
199303,110147,3780376
199303,92026,1310191
199306,424475,4479639
199310,438815,173625
199310,553755,4118478
199302,202679,2147894
199311,212886,6875281
199303,412367,6079423
199306,74394,3928647
199306,269031,2475049
199312,98809,708657
199305,368178,846142
199304,415060,3726602
199305,283863,4120322
199304,402190,749228
199311,85462,1276659
199309,216570,3532066
199305,109028,704136
199303,259891,3083566
199310,418928,8687817
199311,234068,2429971
199304,73311,2013798
199310,194235,2763469
199312,324223,2322305
199307,282883,8681893
199311,379410,2211759
199302,407224,5210307
199309,23366,3574105
199304,220544,6379492
199312,484364,5100770
199312,363584,5812626
199308,362939,6796518
199308,519595,7594937
199308,282462,4433017
199312,43843,1061382
199307,494423,4306061
199312,137399,711013
199309,526037,3815142
199304,554194,4403543
199311,128334,1321460
199308,235808,7949938
199312,143911,1706636
199306,462223,5459031
199303,409762,1945905
199303,316997,976780
199310,467271,4804410
199308,565348,6717509
199306,320035,206783
199308,406472,1910531
199312,308564,3698637
199312,405239,3058473
199310,86544,5399745
199304,34995,5990688
199311,450149,3046760
199305,66504,5990817
199305,192506,5169549
199305,358983,7328630
199309,304943,3212136
199302,335470,4769297
199305,485027,3105828
199302,326735,345297
199302,368292,6398757
199310,419590,6361327
199301,75021,2928298
199310,57693,4739130
199311,463022,4299525
199308,27544,6201069
199312,260764,7000760
199307,157727,8655892
199303,439565,3502569
199306,384081,3806283
199307,355398,4229335
199308,551504,615970
199308,95102,1075158
199307,305778,5882840
199308,197296,3243579
199308,344780,6142175
199307,475884,7937882
199307,126354,3922954
199309,584862,5396640
199309,298079,4960938
199304,517872,5051569
199306,134186,2295158
199311,569320,953059
199311,345966,6635411
199305,251473,1105380
199304,68517,2766019
199307,282451,4541137
199301,590860,191182
199310,258696,6580662
199308,193962,2238940
199312,81338,4832705
199312,552539,6638188
199312,220325,122040
199312,311520,742782
199312,181815,7435495
199309,232713,1277063
199309,491868,6133752
199310,518291,641542
199305,444174,3210208
199306,383722,3932836
199306,471466,2788633
199310,74139,661199
199307,521290,1817420
199306,362717,3970510
199312,248613,1836441
199308,146440,2476409
199308,154583,4377251
199305,164203,248371
199301,195424,2063372
199301,473323,6287055
199312,489559,4806637
199310,138237,749835
199306,538351,680771
199309,495542,6849651
199306,546503,4208387
199307,382884,192753
199304,362229,2556595
199311,111982,773664
199301,344227,6040789
199305,294759,3062030
199306,187105,236035
199311,174734,7976499
199304,35535,2882238
199306,96867,1660699
199305,597908,2382985
199307,262689,1133045
199306,12032,1588802
199309,261140,5071804
199306,190362,6480430
199305,80445,3911407
199306,444966,8891603
199306,136841,1115436
199309,372623,8223708
199305,207066,762871
199306,47901,2174306
199308,319104,4466528
199305,174860,6944212
199305,400799,1832352
199303,58425,5067467
199307,117983,5046471
199307,131277,2284239
199309,349956,1556609
199311,285548,6376417
199310,453421,3129508
199304,7932,6960455
199305,284215,1997867
199308,434067,3629771
199308,375546,5720757
199308,208438,3166779
199303,474343,6520734
199306,19350,2462539
199310,6731,4606934
199305,159885,9434612
199304,375407,5176505
199305,377031,2522961
199304,499528,2570782
199309,570260,1975406
199302,314897,6056835
199302,215134,4985418
199301,264090,3374110
199306,577473,451180
199301,589401,1606629
199301,217493,5026950
199312,430434,5293910
199312,221325,5129811
199309,374786,7111862
199309,214302,1444952
199306,176952,9941855
199307,323386,3767246
199301,65253,4178597
199301,579098,4452855
199306,259157,1878463
199311,161241,5414713
199309,198142,4210275
199310,440133,2185925
199301,108097,5414941
199304,422577,290912
199310,206074,4514156
199310,533692,7517018
199301,418977,4317078
199301,559187,1450530
199312,102769,350808
199306,184779,7196015
199306,195038,5608498
199308,83008,1345778
199311,349241,505770
199310,204146,1527939
199303,296392,6460132
199303,27387,4121895
199304,25770,3822265
199305,325462,1472575
199309,374084,2471321
199309,14220,2694906
199304,270957,4912391
199307,145906,378668
199307,281653,3524283
199307,116042,1334188
199306,494943,949580
199303,495494,884745
199306,291870,1277235
199307,425506,6803824
199307,422739,4352018
199304,531790,3426749
199301,294160,3053880
199312,10297,2390434
199311,336514,911694
199312,511129,1467308
199312,82687,5236116
199303,76296,997475
199311,37132,3916223
199312,468179,567839
199308,286939,5662204
199310,494581,4211471
199311,518074,3424668
199306,533720,7812733
199312,335818,3670524
199303,470457,4430742
199305,72046,3392109
199303,94514,5706693
199301,425081,4196276
199301,119598,5962436
199310,530337,3248728
199308,329202,4875512
199303,276118,3249477
199304,412851,4448379
199311,324033,3418402
199306,322711,504506
199305,50009,4747050
199306,183389,6998222
199307,537501,1809252
199310,89310,2268595
199303,153999,804772
199303,390088,1749433
199307,576212,3623678
199308,505974,1152330
199308,449451,3531884
199305,396725,1767058
199302,501104,1203432
199304,71810,6913422
199305,379259,3179658
199308,132495,2518831
199303,135219,2433167
199303,343136,457498
199312,457537,3846868
199302,314134,4887546
199307,460589,7515366
199302,404732,5556630
199304,91584,764156
199301,319142,4713026
199308,553728,4147797
199312,141533,6720094
199312,104992,395404
199302,535366,1359299
199301,384708,8172873
199303,385325,5608802
199303,406927,5751110
199302,593085,4040745
199307,440768,338330
199302,563758,5712945
199302,108997,196587
199302,101599,7842891
199302,329890,4655709
199302,451203,1696644
199302,418199,216730
199306,427131,103694
199312,532485,2553885
199310,226966,2811030
199312,186352,3559916
199307,338055,324632
199311,539425,3624390
199312,391189,3763699
199304,559670,2516640
199305,588408,3372840
199305,294809,1250026
199305,460937,1315251
199308,473510,4173057
199310,323033,724429
199306,557007,105334
199303,274789,3975537
199308,70733,6445210
199302,318468,2354536
199308,553268,3496001
199304,132079,5444243
199305,82302,3986467
199301,307259,1755008
199307,411215,4193931
199308,495855,1995194
199310,275802,8711171
199305,582736,6880179
199306,465645,2968372
199306,458283,2457694
199303,6850,4601190
199306,596870,7710052
199301,225658,1843356
199303,72572,4238300
199305,551510,6801850
199301,90879,1465978
199307,500614,7753261
199301,12373,4453807
199301,65190,4145976
199308,577206,3898300
199303,494485,6379431
199311,148147,3593785
199307,104955,6083684
199311,137593,1118584
199305,256005,1957536
199309,291715,5068899
199303,451998,382194
199304,493755,5366852
199305,349508,1233532
199307,383172,1491130
199311,277676,2783109
199308,425917,5838275
199308,21277,3603197
199307,767,2426590
199307,356144,3293156
199311,534823,6918447
199301,109870,5711045
199303,476838,4268433
199310,330718,3053230
199310,172721,355156
199301,538122,4134596
199301,411461,1630458
199306,305494,2351184
199305,309733,6211054
199305,140395,2699968
199306,320240,3911753
199302,270628,939982
199305,487664,2751632
199309,286062,4313773
199310,44871,5572905
199303,374784,1104109
199308,469383,2783156
199308,2260,4027230
199306,588105,1063034
199311,372464,2710297
199305,266334,2059706
199306,94485,6591083
199306,350892,5962698
199306,172656,1863484
199305,309279,2624185
199306,501614,7357396
199312,43986,8511211
199312,526737,5358150
199310,16931,2509488
199301,98005,194582
199301,98467,2321288
199307,179208,5868344
199311,165060,3055662
199310,504987,3513817
199306,461989,7838957
199307,372205,3254280
199306,14546,6375257
199311,281845,2303632
199302,12750,1810734
199311,335769,2476117
199302,466727,2792911
199309,403250,3277479
199309,178588,2969845
199304,184979,1201230
199305,407991,3499801
199308,305709,7729822
199304,374925,4507797
199306,31336,1881985
199303,353701,5558857
199301,101739,5514632
199305,283827,5856159
199310,269688,4341437
199310,84756,2363938
199302,92488,1595957
199303,393648,6757524
199308,176629,5459689
199308,191550,6528444
199302,548583,633045
199304,318637,7463534
199310,541176,602489
199310,129361,6606990
199311,99289,757508
199309,568370,1674239
199305,505995,9020372
199311,33247,4857867
199307,342605,2120448
199301,187682,7883924
199307,266267,2751380
199307,176839,7017685
199303,82109,3888680
199310,281433,2772263
199311,194226,3585717
199309,343660,168661
199307,127204,4266108
199308,380443,6797544
199308,508405,6648539
199306,196628,7853919
199306,349109,2293018
199302,539278,4564271
199308,479407,5298744
199308,578414,4432398
199301,28391,5355404
199306,562171,604243
199311,556498,6245860
199305,43857,2294282
199308,498924,6155202
199312,128498,1795152
199308,452157,1413031
199301,260955,3004193
199302,310189,4652779
199306,52866,180067
199309,207056,1334773
199307,412025,550956
199311,572369,1712311
199311,393621,1188224
199312,302958,1729549
199308,38930,5735746
199304,7813,2360951
199307,61715,7887243
199307,368590,6274408
199311,53144,2606804
199311,377906,1944212
199301,39872,5096790
199311,244746,4473671
199307,130707,860161
199307,577050,3012551
199310,454549,145841
199306,553186,1717475
199301,348865,3000916
199303,435147,4618488
199312,152024,4956148
199310,443706,7675961
199301,110202,587917
199303,25665,7638349
199308,428483,276646
199302,25594,4274606
199302,313593,2862925
199307,132884,7995306
199307,314106,3293064
199308,383201,3814044
199305,485402,5219323
199302,549990,6597262
199303,129117,5166663
199301,73349,5961108
199305,48666,1107656
199305,422406,5391894
199306,1978,1458856
199309,196099,927389
199304,229072,2874043
199302,493394,2826072
199307,364100,3161668
199310,25919,5189731
199306,41006,4083464
199311,437870,6264200
199304,537440,6370635
199303,177098,5118692
199302,416477,2207224
199303,525273,1272285
199304,272355,2446287
199311,131430,6365989
199301,598044,452239
199305,40647,2772019
199312,313432,1121645
199311,516581,6800812
199303,481212,4134403
199310,331294,5399190
199310,2758,4231591
199311,460279,2404145
199306,22392,1932153
199304,259300,4488109
199303,121057,1986846
199305,403509,6572269
199309,162053,3785594
199308,491168,4203041
199308,246028,289280
199301,572687,6486106
199301,364290,938516
199305,585722,894811
199301,436593,2119984
199304,588069,4713780
199307,43375,2067204
199306,543490,3272424
199311,271718,6883837
199302,238445,3489010
199302,84677,7238234
199302,597862,6463552
199310,242817,7340125
199303,300030,1413187
199304,371817,5609736
199309,486039,2783927
199309,556071,2901026
199308,551738,4783894
199306,542349,404874
199306,95364,131857
199312,531844,4642654
199303,503200,1750626
199310,342550,624275
199307,442149,4860939
199306,233570,3423606
199301,65021,3382048
199310,378994,205225
199306,344205,6059820
199305,518391,1777215
199309,515309,129779
199309,393860,4169515
199308,431038,4796599
199302,285104,5016348
199305,341526,5276238
199305,76046,1302078
199301,305565,2770450
199311,337915,5682939
199307,106249,730549
199307,364607,6288521
199308,536781,7018371
199308,69146,4975754
199301,531151,1287339
199307,470108,3486510
199307,214509,2790040
199310,70259,5476308
199309,479064,1858697
199310,457052,3757627
199308,256275,1552618
199302,589634,6353226
199308,588530,2982913
199308,471262,1465089
199308,121627,7036310
199308,311605,6115559
199306,483925,5740062
199301,464662,7573635
199312,229649,7116464
199304,77252,973566
199312,466747,1007667
199304,260081,1716724
199308,416342,5107520
199303,423383,5376977
199304,32763,5151718
199306,512731,3107291
199303,256784,2585043
199309,261981,5842510
199309,331463,3254912
199306,386500,7540586
199302,397101,3321105
199305,560848,1309450
199311,246745,8289477
199305,123302,918432
199301,214849,1571572
199309,12114,3047546
199303,97282,2532974
199308,2976,4738762
199307,282913,5255434
199307,369495,5519485
199309,297194,5199500
199307,168433,5351096
199307,41858,1425481
199303,71217,1844101
199306,271690,3619139
199301,345010,2660710
199309,66162,884477
199310,385535,6898553
199304,437269,4255614
199306,489828,5818777
199305,357693,519951
199305,26362,5934186
199307,403486,2965107
199301,555023,627396
199309,562311,679778
199309,147314,6074165
199308,328007,3915367
199312,185376,1984540
199309,558792,4715761
199312,345933,5877392
199312,119388,2647281
199308,163545,4299627
199310,431211,4542489
199305,309731,1895644
199311,32683,2879141
199307,86391,3509589
199302,339024,3646124
199309,155040,321941
199306,431852,2295789
199306,42744,1799751
199311,293546,746672
199312,5025,3247629
199304,105442,1844038
199311,411790,3168695
199311,82165,4339706
199307,41479,1240070
199307,526238,2252822
199302,561684,4961165
199302,465142,4822614
199308,591757,8968189
199308,469497,5461134
199303,65172,3900493
199312,405268,1974562
199311,315461,438505
199302,301262,2104574
199304,382369,4786552
199302,475965,3233606
199308,353040,2597039
199312,347011,3525256
199301,504785,4340168
199312,11827,7758614
199312,145183,1072201
199302,564194,2712614
199306,383949,2789179
199307,593191,3861499
199308,212945,3964822
199303,100655,3854353
199307,464517,7041521
199307,465153,2103202
199307,419105,2781401
199310,233262,811574
199308,296848,2739572
199311,188269,4434168
199303,169971,593922
199304,441148,3342509
199310,19765,5170528
199306,130350,3416366
199312,248242,471331
199309,410602,7038034
199307,415820,3436884
199305,332959,7149072
199305,404873,5052649
199312,510480,1327999
199308,465172,3343221
199302,421946,2588937
199307,371079,4326525
199312,63585,5407641
199312,123640,5648057
199305,442358,2774904
199312,49755,165360
199307,114717,3085907
199301,173262,4579941
199309,323438,4678005
199304,97165,5185557
199307,135419,3311691
199302,97566,1364987
199302,108481,3686463
199302,439634,5919920
199311,588649,3612511
199304,587572,7886181
199305,569292,1734257
199305,549575,1733394
199310,102126,5143099
199307,456947,4664604
199303,342258,2574475
199312,307,717136
199311,460238,1510942
199312,65311,5503448
199305,461942,2585523
199307,556386,2570285
199305,487748,1701005
199305,372241,3120234
199305,358225,3811133
199307,109102,5059949
199312,381776,360405
199311,165711,4352939
199309,87744,3394210
199302,427275,3965020
199305,326357,4382421
199307,150321,5187703
199303,111145,5607279
199307,152879,6693929
199304,477217,4980966
199309,442257,3643260
199310,58949,8328158
199307,323686,3814273
199312,222883,3716480
199301,169276,3032238
199310,156493,1062950
199306,342997,5144829
199302,335613,1599142
199302,33316,3710450
199310,365386,5747425
199304,91569,305869
199312,198779,184021
199305,291100,534634
199308,503413,2335627
199310,562853,8636561
199310,267966,1125558
199312,589852,3615687
199309,420702,3212906
199303,428460,1649466
199306,267186,3132009
199310,58414,271737
199302,505756,2964991
199307,412744,5576519
199301,564572,162018
199311,496463,990959
199304,101396,553366
199301,153555,3025682
199301,530571,951320
199306,91425,5907887
199304,538782,3064339
199312,561271,1318927
199312,246329,3661415
199301,427276,238243
199308,352098,3155819
199301,519980,4751904
199305,481938,380142
199308,191348,3769631
199305,240064,1168714
199306,451270,5625077
199306,37796,6522517
199305,579493,3113490
199302,90681,2151452
199310,458746,7932062
199301,35611,3827859
199301,356409,861649
199303,283988,3251778
199311,43673,6495780
199309,238890,1774013
199308,517292,4698970
199304,426937,2531189
199311,128117,4039948
199301,553383,6398983
199311,431432,2805897
199306,175113,3572646
199305,222487,552512
199306,211180,432103
199312,157560,5444706
199305,289208,4385306
199309,68650,7614129
199309,326557,5990531
199301,175370,2146374
199309,309427,975322
199311,416816,6622723
199302,51637,5701593
199312,382888,3669759
199301,10198,1504922
199304,296080,3862015
199303,545774,3388374
199302,376938,3391110
199303,500319,3878712
199307,224163,2237354
199306,153437,4381864
199312,374284,5378749
199304,65319,1510348
199312,509346,3812515
199312,376444,1655748
199301,336723,6097395
199302,115177,2312809
199312,117488,1460315
199307,46135,3103924
199304,570457,3891891
199304,265064,2096174
199302,277753,2686108
199305,443716,328618
199302,3221,1652603
199302,595626,2838918
199303,352800,7548266
199303,277409,5842247
199309,129444,2188058
199302,493693,1308855
199307,586926,5380481
199307,463853,1602444
199305,500491,2314761
199303,495820,3698784
199303,152088,331763
199303,485701,7362358
199304,275628,5397751
199307,2709,6566065
199303,41621,2728334
199303,514477,2510110
199307,211794,3546316
199312,433474,3344101
199312,489708,6155787
199312,130430,5927885
199306,513626,2892254
199307,581007,3904760
199311,416316,5737542
199301,49862,2130747
199312,422542,1136467
199309,59245,1518546
199308,297964,769084
199310,490427,3472630
199307,556720,8183480
199311,106640,5111170
199305,113459,3352768
199301,529217,4811539
199301,136469,4620256
199301,419929,543576
199310,287821,179072
199309,233316,989445
199304,195387,4648743
199303,555814,1450957
199312,379850,9361653
199301,350637,8103951
199308,320708,4235290
199308,212840,2602952
199303,85356,5444539
199306,485887,7892232
199306,291994,4430721
199305,484223,2031717
199309,288045,2530923
199307,328958,8762405
199312,73195,4741683
199308,133022,3274782
199301,447021,1533312
199304,520323,5984401
199309,203312,4951132
199304,1894,2090415
199304,217775,6567908
199306,433957,8985699
199307,403615,3274080
199303,6718,1751437
199310,52049,4466640
199310,577813,4679705
199302,46901,7500626
199311,46628,771563
199307,417563,1723348
199302,544850,6377997
199306,435887,3215525
199303,346167,1201018
199307,448530,1720985
199307,410494,1112340
199307,239366,6077709
199309,436657,1577693
199306,103645,7507906
199306,17986,8680244
199311,26055,4856197
199311,190443,7438717
199302,157309,5681075
199304,89471,715630
199309,13314,1683869
199308,537235,5236416
199310,276254,3897400
199303,359585,1953749
199304,246719,8245215
199302,480367,4574219
199311,359021,4609482
199312,134212,3175343
199304,156789,1253284
199301,323347,2658440
199312,514593,7957471
199312,92499,3472188
199302,61065,1625279
199306,398061,454347
199312,415275,2566179
199311,152476,5782202
199309,531361,272898
199311,512003,5024151
199311,417888,1401347
199304,62875,6061295
199309,201504,6539744
199311,147375,6070675
199310,420783,4216806
199304,299296,5514006
199302,433197,2082903
199309,206641,4095028
199309,370919,2145112
199308,183339,6899722
199312,281028,889946
199304,437544,3592686
199307,229804,849557
199304,197520,3170339
199312,258652,5155658
199303,91400,5668563
199310,271273,1231817
199310,474086,3463216
199310,565603,1942227
199311,445037,2476629
199308,211921,7802697
199312,464063,508384
199312,242563,3650958
199308,113439,4649228
199303,162536,1240459
199303,521348,531296
199307,111452,6954314
199311,581548,2529015
199310,7624,2971342
199307,521106,2405188
199310,592736,3370312
199304,473187,5230001
199303,459676,4534021
199301,202247,2252490
199306,329251,5449981
199304,527052,1480429
199312,338192,4627937
199308,111288,4456530
199301,221058,3798675
199311,140595,951913
199311,106365,6652467
199304,262781,676582
199311,225219,4106533
199312,107574,2348631
199311,207290,464544
199304,488785,8253305
199311,95997,193320
199304,435951,8506280
199306,408242,2049692
199304,43438,535994
199302,512805,6171363
199312,204776,5706180
199301,435814,2206485
199305,323935,3040243
199305,211864,5046965
199305,142155,4977749
199309,395113,1406228
199308,200726,4891516
199307,443757,3535817
199310,582957,8796178
199303,120807,358248
199304,276300,1895290
199311,25101,4424543
199311,64612,312168
199310,198673,4560278
199305,134256,379333
199306,145234,5390675
199309,137856,4124805
199309,113203,2769287
199303,282215,3832237
199301,212101,4112132
199306,172797,7254785
199309,240195,5057226
199309,16586,3498006
199306,550771,3035035
199302,492385,2004058
199304,335693,5929372
199306,409730,5945588
199305,180423,729158
199308,476964,2635796
199310,196051,2838948
199301,133090,3595011
199310,404545,1687241
199312,28640,5534161
199307,295440,3694796
199304,25663,3617378
199305,159029,527689
199306,341906,4581437
199311,380053,1906906
199301,549899,3858762
199303,364526,314920
199303,307775,3977337
199303,410410,3458101
199304,566774,3462450
199302,248213,1464273
199303,98471,4418696
199307,439195,5052727
199306,62941,3171964
199311,524544,307429
199311,74131,4595130
199310,425194,4935539
199310,388853,7345980
199310,475115,3204864
199310,472916,8515116
199310,394007,2563104
199310,386825,1873573
199307,337343,5056148
199303,132219,970938
199303,266496,2461353
199312,135860,6436444
199312,369975,1822059
199302,221740,4441804
199305,295992,2727508
199307,553774,1447578
199305,190104,3978741
199302,207555,1158331
199306,472885,2942850
199308,298647,2873269
199309,186215,382555
199305,397634,3563673
199305,508723,3085889
199305,202456,403456
199308,106693,5996506
199303,330135,2626180
199308,15298,2162082
199304,518047,4648812
199311,73126,3231412
199304,515152,5207734
199307,82724,5185015
199310,113361,1733067
199301,247523,6987863
199309,562077,5134837
199303,597203,252234
199301,467268,718909
199308,223308,4102658
199302,185391,2148147
199303,367650,3871560
199312,154278,4781517
199305,391508,3800388
199311,438051,191871
199303,307772,7078105
199310,285341,4595733
199310,335859,5199440
199308,42967,5802458
199306,103917,8471213
199310,177950,2782347
199310,402578,870563
199306,111903,5943849
199311,436938,551223
199304,155567,2226152
199304,455476,5330719
199303,26384,2696762
199304,10092,3373034
199302,93502,4885798
199303,80915,1287322
199307,401168,1970425
199303,23965,549687
199303,168791,5592388
199311,338006,3746880
199301,342307,1454534
199301,255708,6094096
199302,268796,5188453
199306,181476,457896
199305,545442,1442797
199302,510989,395992
199307,27912,5175666
199306,39260,3055714
199302,86943,3630217
199303,480335,1275850
199303,159595,802476
199311,534440,2189513
199304,235261,586162
199302,416106,4206881
199301,391341,421105
199306,429969,6955817
199310,412365,5943463
199301,231157,3016324
199308,320717,510883
199308,31098,4092690
199308,478125,546034
199311,343113,1716808
199310,433735,1486820
199310,488855,5544396
199306,95982,1151184
199303,187241,1546071
199303,454890,5844548
199308,568472,6642420
199305,261815,5859886
199312,192972,9414198
199312,265676,2388615
199312,9908,2494158
199302,175869,190596
199308,404756,2577452
199308,532258,3321052
199304,488054,1327546
199304,477611,5032653
199310,106139,1795563
199312,22487,5605501
199302,209931,1262871
199302,509007,4730402
199305,39073,99182
199305,397472,5690861
199309,491059,5197648
199304,579000,3912381
199311,577883,760813
199301,50120,4089998
199301,346647,5145247
199302,13996,1852690
199307,102033,1521494
199312,54967,1522192
199302,373662,5613092
199302,358650,3044796
199307,156049,4704155
199311,363004,1045650
199312,56393,5890087
199311,206441,3301203
199308,159484,1197740
199309,158006,2293984
199311,129894,8672896
199305,213696,3154972
199305,86941,187010
199301,590133,4116988
199312,158930,9161011
199306,76696,7120641
199306,357143,116412
199308,225109,1520112
199306,206387,768261
199301,201198,1400355
199312,277356,5544027
199303,259734,6371774
199301,239380,3103158
199302,86187,344914
199310,374972,1191330
199306,32733,7998835
199305,64814,6275641
199304,146361,3343887
199305,464753,7482431
199310,534146,5609110
199310,215011,3666960
199305,589284,3262865
199306,16560,6301958
199311,505506,2814375
199308,109390,5293892
199308,107771,6691732
199308,424868,1581284
199306,268909,2230933
199306,95444,5700182
199311,381310,2159297
199301,97038,1405570
199306,369540,2810239
199306,480788,5546831
199305,15810,4613090
199308,474108,4408393
199308,332240,2393064
199311,516429,3399580
199311,428560,1010718
199302,496465,6444950
199310,541795,1247166
199307,537610,4893342
199305,428438,3922963
199301,173750,6860947
199312,281173,3884902
199312,314542,152539
199301,356663,4381668
199304,569245,3382802
199302,106355,1078189
199301,391131,4113655
199303,481864,8773277
199311,299376,5174104
199308,8233,885594
199309,336646,6266114
199309,256400,2525598
199309,106366,5245159
199310,302986,6694873
199306,25821,3631638
199301,128351,6218109
199307,569839,9353169
199305,541874,7510132
199309,21303,3239497
199302,155504,3025430
199302,195290,671865
199308,529291,5097562
199301,374332,6404381
199301,503246,4725799
199307,314223,2400187
199307,535690,3075143
199310,371364,6892550
199307,565034,5113693
199311,40050,4801742
199301,215821,3063732
199308,96099,2575651
199302,16319,3057392
199312,551715,7444831
199304,541949,5463084
199303,317756,7648366
199303,497970,3471463
199301,42124,2403034
199301,335620,8029708
199309,114076,3172103
199311,28057,585119
199312,356390,1823885
199308,32519,287398
199310,496013,2966430
199306,235802,3784906
199306,117830,716958
199304,202006,2994551
199304,90494,1583950
199311,406508,4297190
199309,365910,5558206
199301,96983,4462874
199311,46447,4642942
199310,95693,1323932
199311,460518,4976597
199305,164087,4399427
199310,3237,225765
199312,116415,425128
199306,423729,6412476
199306,543915,6011833
199306,484901,5304980
199308,329835,5848075
199308,129826,2909925
199304,34664,7596832
199304,593817,6366752
199306,340603,3091592
199306,39467,6544258
199302,185384,5416134
199308,465256,1675527
199306,425465,5125161
199304,384890,9189116
199304,475020,2145220
199309,494311,6204043
199312,596060,2517855
199310,572197,615547
199307,170889,776112
199305,479302,4645921
199305,320712,3193366
199308,65528,1463649
199308,63410,3768637
199302,449915,1292368
199301,140025,723148
199303,230673,1571586
199303,483148,3072121
199302,104680,1320789
199307,332457,6860360
199303,561025,2257794
199301,498222,1932796
199303,116744,697253
199308,303783,2599750
199310,237383,1830032
199304,247528,722999
199311,187388,2629127
199304,119043,315425
199312,185168,243113
199304,232072,3542323
199301,38772,335310
199312,161081,1922120
199308,427962,2933186
199308,236545,1887469
199301,468803,6840842
199303,121142,3224224
199308,26402,263023
199308,334194,3161335
199307,43690,4754037
199301,182450,7283734
199301,563771,7911442
199303,2148,3118915
199304,533794,180949
199301,185563,2078834
199306,436267,4551856
199310,215783,2164232
199310,130689,4003415
199310,182990,1828377
199309,392943,403114
199303,298834,533350
199305,13268,2199506
199305,379744,7863923
199303,517740,2928361
199310,358914,9179903
199306,219800,2213369
199306,202220,5333864
199307,548242,127731
199307,94423,138907
199306,585768,7192511
199301,23907,4262335
199312,593793,183016
199305,132371,2750605
199302,356909,3051061
199304,380635,168130
199302,433702,4808899
199310,156755,2460356
199301,143077,2195337
199310,235914,7070317
199309,399886,1946152
199304,509387,6773742
199304,340763,2449492
199311,127286,2702730
199305,144130,1380776
199312,252957,4727101
199303,237505,424092
199303,251195,2496380
199310,84995,3298663
199312,391851,380796
199306,208033,3319918
199302,408695,4762899
199303,362279,2655694
199312,276769,7014423
199302,322900,3807322
199309,353859,5623749
199310,273901,4777219
199308,438942,6020824
199306,441343,3178692
199306,542314,3455826
199303,572982,9666531
199303,65469,4076735
199306,422264,2790036
199305,299365,4052119
199306,119251,2863143
199306,240513,422968
199307,238284,1185601
199310,553809,542068
199306,496869,4063799
199307,320865,8963445
199303,248653,7063232
199312,201336,2788919
199311,134228,857047
199309,391557,1777126
199309,334741,2066949
199301,117339,5183893
199308,413460,5653079
199310,557051,1074789
199309,310836,3291033
199309,224046,3992643
199304,93741,7384788
199312,377469,1212416
199310,38876,5335717
199310,10872,2096655
199309,156027,315158
199304,25487,4291114
199301,63943,1132722
199301,374834,1870643
199302,39125,729986
199308,19013,1644065
199301,553417,4611143
199301,75464,5130235
199302,172132,2596104
199301,485323,5000322
199308,577389,3338901
199308,64082,717610
199308,351318,3851840
199305,309432,4661552
199310,97639,4762593
199307,377957,6381571
199312,16727,644338
199303,7388,253894
199302,520898,2279617
199304,316429,4532805
199303,278323,515318
199308,455844,3840815
199303,510206,4128931
199303,417480,3697679
199312,379813,5809003
199311,389081,453987
199311,575520,3869087
199307,24146,1048737
199301,507703,3650591
199303,41147,5386293
199306,225223,3296510
199306,514125,3572217
199308,576933,3183697
199305,410035,2315274
199312,486891,2230909
199301,198398,2902996
199312,311267,2851775
199311,170345,5354231
199303,441863,4288299
199303,532864,1471947
199306,494200,3783162
199303,472922,367610
199309,239037,4355001
199310,174547,5458103
199302,242105,1320380
199309,329945,9290070
199305,387354,6011829
199308,354865,5511889
199302,303856,736496
199312,120354,2993334
199305,473538,888767
199310,541362,5308835
199311,440111,2039114
199311,78229,5678762
199311,286660,163018
199310,387086,3716285
199311,537977,1172700
199301,344023,3764411
199302,290758,4410322
199311,587337,1381580
199303,254899,1635122
199312,163986,795392
199306,509651,3905801
199307,396934,9752477
199312,227784,3652917
199302,391372,6883645
199302,572615,2946532
199311,175172,5432672
199312,583057,1128629
199312,58794,4981429
199310,217467,4522998
199303,16860,870661
199302,392741,3086167
199305,578020,2690100
199304,468396,2941581
199305,210908,6704428
199302,451997,8507254
199305,64522,6488659
199305,323330,5039763
199308,114964,7563585
199303,417569,2451304
199303,217343,1622044
199308,6610,4804620
199301,163867,6180682
199308,152434,582680
199311,444258,1982477
199311,456381,2250776
199309,489144,219825
199304,177877,189622
199305,47030,773807
199307,32951,3916732
199304,83532,882038
199301,195894,3545983
199310,359799,4327239
199302,425306,2627551
199306,346890,3451520
199308,180214,126832
199312,236916,1997426
199310,126496,4430445
199311,445723,5233043
199306,414982,368010
199307,438261,2018320
199312,66242,2695583
199303,131335,5816466
199310,225510,6962175
199311,505346,6689034
199303,413376,2169976
199310,245831,1218898
199309,371290,5794968
199310,149049,5109180
199310,106756,5873483
199311,211892,1574787
199310,84603,157172
199307,345644,3808426
199312,508971,9410702
199309,357026,4669939
199308,475835,1053891
199307,561068,438067
199306,179869,1512315
199307,557128,351974
199310,83363,3694411
199306,334573,2705523
199309,566940,2185535
199309,553846,3317085
199307,220990,4307348
199309,39181,4830216
199301,153000,1754298
199307,568630,4283894
199306,201166,4601550
199306,593483,1390437
199312,46985,1136004
199308,244417,3234686
199309,79915,6433219
199306,510480,2629171
199308,126635,6744556
199304,592099,5070384
199308,429350,1253743
199308,346444,6134609
199307,128356,4748320
199307,246488,4035164
199305,474793,2915052
199301,468063,2200239
199309,427004,276501
199308,335634,5726796
199303,28983,5934785
199312,239574,4794958
199310,267638,2674962
199310,390668,5629438
199306,70007,1990149
199306,597954,6703655
199306,397797,6190246
199312,81558,1508759
199301,376602,4112545
199305,441586,5897909
199309,294951,3586367
199307,104835,3825006
199305,385954,7519218
199301,578668,3252243
199305,55634,4406454
199305,400755,811307
199311,536548,4149857
199305,263211,3872511
199303,143650,8214202
199312,298947,6935294
199312,495659,2594459
199312,329524,1384177
199303,289548,3877650
199301,590038,3391926
199305,528158,4109940
199304,7337,3741700
199303,462573,3648466
199305,197249,527726
199311,382482,151753
199310,189781,2963315
199312,502842,2147370
199310,230243,4096919
199310,577891,1157695
199304,504285,4502095
199303,353708,5980937
199304,99201,3492582
199309,121984,6354944
199310,226631,5551357
199310,142762,3891062
199309,37870,3400603
199306,284973,9498063
199309,236657,6492489
199302,436136,4055792
199302,528396,4089366
199305,502096,3873990
199311,355796,544423
199311,57133,1281992
199302,248399,4443659
199302,86823,3045927
199309,491661,3599449
199302,185837,4899370
199312,37960,8100493
199301,291017,98784
199307,274555,2670576
199307,783,330020
199305,12042,1388128
199312,12945,8830788
199310,150946,782800
199308,76214,1166405
199301,446559,730182
199311,116559,3209395
199302,578121,3323905
199308,336589,4301258
199304,31641,6406935
199301,254082,4120450
199308,44897,5181236
199305,317517,5317042
199309,363582,4948228
199311,505472,6949924
199311,68784,687089
199305,20669,2336800
199306,247625,1868260
199309,387901,8186271
199308,497329,4760090
199312,69929,6203771
199303,554526,3911737
199302,415293,358856
199310,126688,3055559
199309,400154,4192275
199309,575223,1133328
199301,185377,3404397
199307,587658,8211443
199301,193341,5565239
199301,212042,2406063
199303,548171,4139014
199304,485582,2483015
199302,66471,1280785
199302,103384,4257869
199304,164712,2785881
199304,469847,8813393
199309,383147,5236663
199309,351314,5541752
199301,575175,1940232
199303,401795,5925120
199311,3449,937240
199307,559854,7425660
199311,180016,3295702
199303,285055,3127400
199305,378459,2535238
199305,244566,3956130
199310,130645,5851334
199301,127549,4587731
199301,430266,1508458
199303,435558,7392973
199309,395550,814542
199309,239725,2447123
199304,537847,3140110
199303,36337,1605669
199301,361238,128622
199301,512276,2374244
199304,268662,5433325
199306,423247,681068
199306,217956,2571045
199308,461460,2673728
199307,479436,2635493
199308,28991,1900790
199303,296011,2441975
199303,31373,2045252
199301,323672,2014444
199306,503828,355369
199308,248614,5911315
199304,224869,6570872
199309,26018,1190396
199303,202644,4092382
199308,182208,5756872
199307,525567,6951437
199303,434685,471321
199303,217604,602549
199303,457788,4839246
199312,294780,8258004
199304,529559,4514602
199308,322423,5294536
199308,576395,6117956
199307,105988,9870201
199307,384538,1731228
199306,474602,4281991
199301,250794,4958664
199301,182379,1575356
199301,336871,7366247
199311,223985,6992557
199311,429103,500558
199301,516483,436342
199302,491271,1624515
199301,488525,6753237
199301,341714,8004236
199306,305019,4767744
199302,551013,729897
199305,168415,6187303
199306,395285,6149102
199309,67743,4812311
199311,567646,678593
199309,13111,3613060
199309,143345,2424041
199308,186160,3419463
199301,404789,7721851
199308,398539,7781495
199307,551175,4127220
199303,432643,2598197
199306,532843,4411928
199306,188219,5325573
199304,21354,3340141
199312,164201,2379841
199312,150627,650916
199312,173220,3421860
199312,9047,2555494
199308,321031,2082999
199311,537711,6954540
199312,498832,8073872
199303,263484,6735077
199306,38104,4902038
199310,399332,6943333
199308,576324,2852411
199306,237496,2696375
199306,379641,1502109
199303,13858,6841112
199303,473114,1614328
199303,413702,2058376
199304,217854,3265501
199308,66623,7711246
199311,294865,1822653
199302,144008,833184
199307,223157,3667075
199302,367797,8589176
199312,11030,3135511
199307,191370,3906242
199311,261444,6956878
199311,356621,4719116
199301,400830,6615155
199302,525647,5795628
199301,411900,6457540
199306,269850,7060979
199306,319548,7604088
199306,39859,4054607
199306,304922,6485979
199306,205699,1258069
199308,392271,6412775
199307,321129,3155901
199311,507667,8041621
199306,306039,3041008
199310,519021,2676960
199312,114709,6186359
199305,148854,4429834
199304,164634,7084985
199310,524193,4055610
199307,137214,3065464
199301,340415,1552911
199310,574070,4148325
199312,445432,4809915
199306,531059,320468
199309,35484,3338616
199306,62265,5595078
199312,177381,6931680
199301,364686,171565
199301,160593,6897123
199312,38512,5259549
199309,393466,2750869
199305,458374,5483952
199306,460373,517339
199304,91629,1443972
199302,350521,609745
199309,528286,5481778
199307,42697,7952496
199301,38813,3988871
199305,501014,2210648
199312,574968,3640519
199309,324634,5689066
199312,575848,2612547
199303,512904,9392712
199303,165020,107416
199303,326509,7373422
199301,470049,2569968
199304,521995,4695506
199304,349815,2351512
199306,145419,2009170
199305,174890,4236302
199304,264510,1001185
199309,186858,1143571
199310,272749,7670307
199305,433708,3900631
199312,298269,5645598
199304,530790,3708908
199306,379056,4954449
199311,389516,1730729
199307,444998,3015489
199307,256313,1617088
199307,96151,5007309
199303,83987,5463556
199305,212769,6592460
199311,190440,151513
199309,78735,2015346
199308,517422,2821224
199309,390062,2709621
199309,158673,8398599
199309,304779,5474359
199312,261643,2334736
199312,303188,462173
199307,588824,5681016
199307,560541,5549266
199312,392968,9793634
199312,465486,1280187
199311,487391,4144758
199308,359294,4376507
199307,300870,5683672
199305,402514,4487440
199310,43664,6459577
199310,276716,6896059
199309,357310,4737694
199305,56995,8225685
199303,398850,6875507
199301,414710,318439
199310,375171,5681243
199307,406221,3976761
199312,494504,6686217
199311,439728,1941202
199309,402344,2076369
199301,401301,1649528
199311,385642,3184022
199306,339335,1333090
199306,451924,4779793
199308,324167,1502040
199308,178402,5129586
199312,343086,4818870
199303,226788,6620726
199306,216007,3289536
199308,565960,9236260
199312,337465,3351965
199301,314617,7834943
199308,449827,351806
199311,570866,1315114
199304,366901,5978449
199304,170423,3073458
199308,541343,1492296
199311,553283,5953038
199301,204294,1174314
199310,348884,3599003
199310,276335,2570187
199303,53037,1470194
199306,547123,3822716
199307,254786,1895698
199303,177064,4980726
199303,548322,5640154
199306,524946,9657508
199306,104640,2116651
199309,245385,4172040
199306,431357,510178
199312,381348,3882060
199312,540617,1768648
199305,260106,1794229
199307,147088,5056781
199308,403453,1993952
199306,483538,6788977
199311,210384,761089
199309,375334,4101121
199309,476391,268004
199308,102230,4588824
199308,281651,2058759
199302,429153,848389
199310,268552,5066439
199307,394552,806804
199304,551524,2933581
199302,277408,407304
199309,310467,859875
199309,385097,3861855
199311,483544,3478163
199311,64540,2801453
199310,74996,585384
199307,374447,1054350
199306,362990,603576
199311,499284,4232191
199307,17731,7516560
199308,141566,1417867
199311,142184,3725134
199305,324014,3662064
199310,163608,7296534
199301,381641,8185937
199311,431605,3875254
199311,550191,1444721
199310,274206,1488219
199304,345492,3280982
199304,495200,3748084
199312,169795,4020487
199301,246985,8798191
199303,144303,2000740
199312,3897,3706231
199306,53454,1532713
199306,199918,1797957
199309,190371,2976810
199310,36138,3296504
199310,473203,2535844
199308,364346,2211397
199311,526998,5953411
199305,125199,3479147
199304,134072,1625922
199309,448844,527089
199308,472053,3579404
199304,475217,3469272
199304,379489,3881963
199303,465385,2357728
199302,153270,1703048
199309,84849,2875461
199304,543968,3351892
199301,90915,3773701
199311,289573,4395481
199303,533357,2064640
199308,216647,4597072
199301,101742,7940991
199310,514675,6356463
199308,369326,5801698
199312,543794,1455513
199301,428083,3703512
199303,292104,4666055
199306,36825,690633
199310,210917,5851107
199307,388159,5499887
199307,125323,1735287
199305,227346,3743590
199305,204210,1965448
199308,473641,7278706
199305,209122,505243
199312,283126,2086235
199312,497128,5071950
199304,167896,7238898
199303,247719,6696800
199305,566678,6326100
199303,553894,377886
199309,45901,2559803
199310,57201,114661
199310,175778,1438525
199309,449294,5239139
199312,652,4668818
199306,391802,3749704
199302,391852,3238437
199312,173459,606850
199302,205159,4319344
199306,245686,6330879
199301,496029,405900
199312,217982,930985
199303,398187,3365860
199303,102306,2179627
199308,435118,1251070
199311,451623,4887558
199309,535831,3440530
199309,120173,694424
199305,893,3196711
199305,268469,1690441
199303,433632,911185
199302,526310,5953171
199308,381968,3778057
199301,368890,1551432
199303,282039,4952968
199307,352301,1989336
199312,12481,1517499
199309,228072,1552093
199309,488045,1603247
199310,474264,1092127
199312,98425,2510912
199309,87866,4178600
199309,161254,1148213
199312,455642,4070735
199305,317687,7350537
199305,429868,8365349
199305,549563,3002549
199304,322794,1938504
199304,344096,3724641
199311,370302,2262906
199304,87854,722005
199306,220445,535248
199306,7702,312281
199309,185855,3765249
199312,313042,4032324
199302,339292,387402
199310,11218,663975
199308,285954,8450378
199308,165201,6016982
199312,398765,3136691
199306,375315,3440992
199307,559355,5740765
199303,112637,7520663
199307,221090,4119139
199305,440213,2147239
199311,485639,796058
199311,499420,3855090
199306,334136,1969311
199302,363455,7291548
199312,585979,3004502
199304,408029,2133549
199311,361913,8211634
199305,567989,1411074
199309,379377,2569019
199305,59173,4259223
199306,356347,2475474
199307,161117,816430
199311,49226,3875875
199308,45720,3627938
199309,53083,200999
199303,264415,1605621
199305,50697,1304970
199303,285604,6542752
199308,300724,3011343
199301,269543,440146
199301,48275,121103
199309,495269,1982328
199306,137497,3038290
199308,22509,708592
199308,295441,6616196
199302,290221,939898
199303,64702,7920158
199306,454142,4997211
199312,216883,8196607
199306,582121,5836238
199305,169927,7941750
199312,290558,3490409
199303,579866,5148692
199312,563934,1780137
199304,499162,1149528
199309,511623,6634841
199309,356720,689363
199302,130571,3573102
199304,124020,5115698
199305,281760,1207032
199309,115388,4445907
199309,60245,1519807
199307,485363,5205940
199303,138157,4637182
199305,349875,6036360
199304,83417,823441
199303,247015,95238
199302,254790,5009263
199312,477142,3582303
199306,84357,6441162
199310,254268,5690796
199312,3237,774216
199303,259620,7661108
199303,475034,2768723
199305,581560,5630482
199301,177022,2284862
199307,145513,7407598
199308,478942,7606843
199304,58734,5362568
199304,490050,2780000
199302,207986,5062581
199302,105225,1687861
199308,291943,4214277
199306,20680,7452766
199307,195981,822484
199302,216213,2190648
199305,421099,4544411
199307,501854,8002338
199304,281145,4570961
199307,470561,2822628
199301,135366,5630664
199305,226906,3629122
199309,121349,2306282
199309,97230,364487
199310,36238,1480704
199304,129291,6012600
199309,400311,4197119
199310,174740,176029
199304,394678,5791280
199306,146768,4132208
199306,120849,3446115
199302,192091,1606636
199306,5185,2326444
199311,319428,3404308
199303,344855,940420
199301,423433,1196353
199306,35635,3386278
199308,551693,518166
199308,370209,1985302
199302,25407,1292428
199306,443953,2208026
199306,114450,6669105
199305,100155,2744636
199303,222465,5710744
199309,495722,6121882
199301,209873,706012
199301,530746,6859915
199312,427898,3072939
199312,327141,462579
199307,46507,6475342
199301,296196,118025
199306,200058,2416176
199311,515373,5170215
199307,582259,131440
199304,178371,2008826
199302,501866,7138884
199304,301291,895550
199306,132637,5182531
199311,38474,2936525
199305,337559,2632694
199308,16413,1547433
199308,317386,1361268
199311,279001,2881170
199307,566268,3922665
199312,240933,8998563
199303,535463,146847
199311,29515,1840305
199309,69998,2314356
199309,367088,1924346
199303,97411,6625160
199303,381032,1763023
199307,282314,5903350
199311,556102,3145345
199311,226963,8606832
199304,381806,6541192
199302,62400,2937334
199306,533819,6355069
199302,207158,4850647
199301,127090,2543613
199306,85793,5348821
199308,119666,8010256
199308,449175,1199468
199302,336318,796328
199304,159559,6569694
199309,52144,751952
199309,576798,1818526
199307,28323,3310992
199307,224100,4562320
199304,336923,8935229
199306,217250,1848908
199306,558847,8679104
199303,400547,859826
199311,393985,2218260
199302,473776,1385802
199312,367879,6420744
199307,152830,4428416
199307,58335,1152357
199306,221953,3273645
199306,154798,2567966
199301,415598,1908611
199309,497824,178536
199305,75270,724747
199304,272172,998851
199304,579454,6679621
199311,256160,1203209
199312,410011,2166168
199311,248967,2253157
199307,514823,6303654
199304,590763,2752803
199302,471927,1860922
199306,427582,2049982
199304,466957,373242
199312,390684,3959288
199307,41219,4479570
199301,435276,2967562
199310,530257,4205380
199310,301126,2901181
199310,197903,6274822
199304,453185,2318431
199303,419996,557547
199312,579302,2571943
199304,536460,4888869
199304,260639,3879078
199312,220086,4482041
199310,117280,1541168
199301,166567,6883821
199307,472053,3977116
199305,343017,4827240
199301,155868,952310
199312,170752,3359328
199312,156503,5899588
199301,287055,1617246
199305,455823,704404
199301,291630,2889726
199311,30769,5111178
199306,450236,5636869
199310,420646,7599673
199309,460786,2910102
199305,561756,2292157
199302,502582,7059214
199306,325441,2133655
199301,565285,6286810
199310,51259,2965112
199306,87656,2577243
199303,405859,7609946
199308,459356,257804
199307,190274,6212885
199309,26984,8324228
199311,286326,257212
199309,508075,1470781
199309,3797,7745397
199303,496472,1726897
199302,229073,3110394
199311,154510,6350346
199305,589508,2504848
199308,99942,7690082
199308,264815,7674497
199304,155416,3204730
199303,451200,1228309
199302,560765,6145440
199302,305822,1791253
199308,67232,3373433
199305,365186,1610255
199311,95969,3851321
199305,461580,915686
199307,288714,3034211
199307,269055,2383965
199301,481598,5160455
199309,62144,2276436
199301,164341,4173859
199310,203433,1719972
199307,586316,3672597
199304,146442,5630768
199312,418179,3870745
199312,533794,4432342
199309,264221,813054
199309,156222,2380045
199311,412659,3353858
199301,153560,5165005
199301,367455,738383
199304,235293,1083342
199304,38665,6533310
199304,445783,8043920
199302,301502,4125576
199303,3393,5971172
199307,579879,383934
199307,549117,3809616
199305,396485,4070703
199306,195386,4167121
199302,435432,4509718
199302,91615,3428505
199309,195619,8065525
199303,334617,1144558
199308,347549,4425581
199301,452083,2333025
199307,154798,7368545
199304,339130,2041283
199301,514917,5546456
199301,389824,1312873
199307,450454,688170
199307,574365,5984775
199305,489376,5959752
199309,576203,2605689
199308,294130,111287
199305,356579,4759479
199309,463343,5302352
199312,201616,2355315
199301,121082,3423960
199301,55195,4396026
199312,135529,2146521
199305,314475,437901
199308,311307,6072043
199308,291678,4090667
199303,322746,1715668
199301,320053,2313474
199302,61129,2158437
199312,103509,2246062
199312,267924,3371383
199303,549111,4938503
199310,474043,2315754
199307,13009,3577360
199309,463197,3713704
199306,285549,5013309
199307,7750,6432070
199306,558041,2937680
199311,561349,4788036
199312,364200,2377941
199308,512330,1063109
199307,280861,5717102
199309,17190,4940281
199303,511585,3635367
199307,64002,1609356
199308,283736,3336256
199304,396434,6149227
199311,115584,6827007
199306,14104,4988690
199305,88459,6878282
199305,15088,2335170
199305,303054,2930114
199301,134535,4506120
199302,487483,3565865
199301,22287,2274655
199301,454336,5310915
199302,328826,1259415
199308,485076,2675968
199311,174125,5875688
199312,556154,1660298
199312,490095,4189455
199306,532765,5517264
199310,97030,3287523
199305,80110,2457107
199307,471001,4233944
199311,69598,1216449
199301,4016,901609
199312,580479,7256120
199307,109340,1308859
199306,491497,3831321
199303,409714,7160472
199308,445360,6140319
199304,177497,4832109
199307,444382,919167
199305,585189,5561708
199303,542162,1062051
199312,108264,2961821
199311,399206,3418292
199311,296938,6005991
199306,582486,1708052
199310,425845,175311
199312,472313,3817311
199301,389094,2318836
199312,460800,1220220
199309,317295,1527493
199309,35727,6191969
199302,364836,5833616
199302,22658,154903
199307,536381,4124517
199310,530309,6562472
199308,77337,3477717
199301,481294,4329541
199311,62682,651293
199305,398057,4414562
199311,393790,3507598
199312,471042,601733
199307,363191,737457
199307,116534,4758576
199303,406538,3114363
199302,512858,6852850
199308,542292,6082936
199311,520773,2636812
199311,421580,4561739
199301,412225,1323700
199304,101580,6903596
199303,262672,6342480
199311,37991,2079451
199306,432551,2590243
199308,24255,3120295
199301,79007,4392630
199304,154188,4991079
199310,147326,1767462
199309,196237,1175908
199309,429509,4604574
199310,26581,6141880
199302,116060,3195898
199311,341653,2684309
199301,288911,2420472
199301,289257,4194843
199312,484138,5006854
199307,572315,1749372
199302,172345,420949
199302,386953,1978741
199306,574367,1258289
199308,181304,3702906
199305,159854,7240094
199312,456441,3560626
199308,57601,154301
199302,115515,6299579
199311,167205,4812732
199309,385453,1979972
199308,283666,4640465
199307,146427,285843
199302,18583,1602185
199305,530212,5165026
199310,532877,4117636
199307,531068,3624633
199305,445546,4969744
199304,250980,6433992
199308,288009,1353912
199302,106683,1802888
199306,72759,6215250
199306,169680,4412692
199303,585483,1521406
199302,258359,2323787
199302,439389,5858067
199301,469466,4405365
199312,168434,1189924
199308,323390,5317135
199308,128026,1773915
199304,266427,1911758
199304,31578,2662881
199302,467995,8187547
199302,190693,7691271
199311,253397,534750
199310,485887,3120184
199301,4712,3521194
199305,245453,2076683
199305,33236,2406275
199310,226965,6973727
199307,14668,5483916
199304,8980,4862234
199307,411842,4468733
199306,410975,1120254
199306,60748,167456
199307,36857,5449716
199305,214908,8932161
199310,592114,4964266
199308,95545,6425592
199303,554784,6487145
199309,73798,1041812
199309,120069,4696026
199311,352416,5233377
199304,292715,3681801
199305,268631,1425261
199311,476995,1530248
199309,274237,5404463
199312,583111,2895668
199305,202956,184035
199310,482744,1709452
199305,322030,1041499
199305,525700,4058799
199305,441771,4531936
199305,124393,412460
199311,540482,5520439
199309,249031,1261285
199309,53120,1998149
199308,532164,2013103
199302,354665,6572502
199309,592804,8831407
199311,86719,7092342
199311,76505,7259350
199302,304512,3383311
199306,300349,5686076
199307,375023,2500168
199310,316928,1347822
199309,27081,399199
199305,240341,5220138
199305,487588,5349026
199311,181428,2810540
199311,13842,2554747
199309,115576,2521046
199301,449566,6301615
199305,210666,5619180
199304,278264,1106844
199303,319248,5340107
199308,469724,663930
199308,445751,7558932
199301,500892,3373094
199306,453591,3027357
199309,328665,7042196
199311,237586,5375154
199309,387838,9247787
199310,136591,4147099
199304,319834,1835281
199310,285121,1083987
199307,256775,7976486
199307,475099,3333913
199303,407495,3054579
199308,67633,6274469
199301,301447,6165966
199302,315944,2851698
199306,527556,2665080
199306,421542,860549
199301,434146,2117035
199305,240349,2552873
199304,396275,4569038
199311,180798,920607
199309,222996,8274641
199304,391478,5632791
199301,378551,4950542
199307,294469,2007853
199312,2567,4276419
199312,542227,4308934
199305,457647,5758981
199312,143861,933381
199304,562156,4416939
199310,334630,7750470
199309,150122,2614999
199309,479922,6896289
199308,455459,5601142
199310,374225,4788888
199310,50229,1601380
199309,354033,2319700
199302,480870,7436715
199307,283749,1512673
199302,520760,7404316
199309,494875,2902007
199310,270293,5252718
199301,17364,761127
199312,100493,5360135
199303,199480,1072466
199306,392761,5995027
199303,100032,2002138
199308,324442,5952239
199304,71926,9299808
199309,430322,1363754
199301,43396,1050081
199306,289202,2426454
199306,150649,5216195
199304,597056,5136748
199310,173047,329291
199301,489811,7685771
199306,478262,2187783
199309,540129,2835067
199310,406611,594895
199312,522990,7419807
199310,252966,7219089
199301,294740,171738
199304,190929,8709895
199312,450905,3060346
199312,351073,4562559
199304,159379,5268749
199305,559271,3819147
199304,307617,636843
199308,506400,5729592
199302,230856,6239645
199302,244623,2638287
199301,419506,3810308
199310,382413,2491336
199302,561791,4902429
199303,213132,2276271
199311,100863,5904708
199311,295983,7486443
199309,278190,3777894
199309,454168,3666031
199308,346860,5548933
199312,85925,4307213
199306,479181,2641684
199312,345835,2027523
199312,414204,5424291
199312,376783,6855112
199307,529929,4415360
199305,13850,5531433
199305,241685,5049183
199310,4471,3774289
199311,547824,5373937
199309,282752,4250113
199310,3980,7460560
199307,476328,5819786
199310,303916,3538375
199307,18972,5188821
199307,253572,5135034
199307,594737,6528214
199302,130642,3974192
199305,97762,6620217
199301,283950,5815357
199306,217833,1544223
199301,561790,3592433
199302,123996,5740811
199301,316455,2997323
199306,126734,5465305
199304,198139,6123793
199309,591092,2524671
199310,349002,3192907
199303,80066,1845249
199306,90851,4193892
199311,400731,6784650
199302,334741,1894703
199309,570883,3094914
199307,560046,1094959
199301,387598,4414534
199306,571974,4611571
199309,272328,5861797
199311,582669,6069432
199304,137106,4032856
199310,260710,3727331
199312,266587,6767350
199312,170081,4173816
199310,328151,1040001
199305,145888,3254720
199305,328072,326717
199310,550012,4100343
199301,309797,8764689
199305,149505,2285115
199302,36108,3307708
199303,111822,7548003
199303,479463,6283268
199303,367066,560859
199301,350963,2171038
199310,177505,7050037
199304,452948,8196767
199310,505909,4503797
199302,550235,2867303
199305,519981,2549223
199301,544289,6336984
199302,123170,472495
199311,392833,9153422
199301,217661,4641231
199301,17000,2668470
199311,409439,2246451
199305,307995,2159212
199308,11451,1453734
199306,427219,444721
199304,222991,2784840
199303,181468,6442654
199307,525907,2104906
199302,347758,5429860
199302,487014,1569552
199307,354993,9535394
199306,555419,866941
199308,98105,4922032
199306,491007,4792299
199308,572564,2916314
199304,109951,6212289
199309,336904,5271457
199309,138643,7086430
199311,255448,2858786
199304,97004,1262261
199303,527004,5051802
