"d_yearmonthnum","lo_partkey","lo_revenue"
199705,507550,3009147
199707,116078,2358814
199712,724612,3849236
199712,239342,2998312
199712,214409,3440814
199705,536146,2358329
199708,249637,2627442
199707,133748,3880629
199707,485692,2808419
199712,344907,5006597
199712,679474,3008620
199702,142558,3572427
199705,502409,3658296
199709,22942,3222616
199709,778429,3292139
199711,121037,1904454
199702,781392,2603427
199708,391883,5012220
199709,418804,3445560
199710,77822,3840815
199703,133166,2820424
199703,250886,3818852
199708,309744,2802460
199702,202785,4010141
199708,608526,3679466
199704,586558,4104746
199706,130704,2860520
199705,338272,3183931
199705,638372,3144816
199701,78155,2332022
199703,703704,4055716
199707,665528,2526985
199707,716056,2633953
199706,557051,1854842
199708,7839,4024696
199702,259053,1826732
199701,755956,4394033
199711,361229,2159811
199706,59981,3843140
199704,4104,2490007
199701,150800,3614612
199707,492515,2864231
199712,470118,2402502
199712,570126,2109920
199705,506600,4164255
199704,130905,4630672
199712,1726,2907107
199706,665504,3210791
199708,95489,3887853
199705,122355,2486116
199708,270552,2713166
199703,489791,4471513
199703,465744,4246944
199706,310103,2220614
199710,173749,3929827
199707,7083,2574208
199703,722801,3085818
199704,504277,3131375
199704,169628,3351101
199704,501625,2997823
199711,124103,2256454
199711,394889,4848578
199708,320335,2961374
199704,205243,2218380
199706,439675,3006478
199701,390913,3426669
199710,266223,2986106
199710,134747,3492210
199701,558244,2785448
199705,561116,2102282
199706,696290,2958398
199703,19428,2329689
199710,149,2417218
199704,47320,2798242
199708,292320,3241405
199701,386690,4130781
199701,490463,2808046
199704,5172,2504420
199708,391691,4620706
199702,318852,3786580
199710,383868,3770974
199710,653172,1874483
199710,731227,2717690
199710,799009,2293497
199710,356676,3659377
199706,270742,4274974
199710,791434,3569436
199702,393703,4356973
199701,315451,3202704
199706,585586,2858367
199706,330537,2736889
199706,529711,2752030
199706,446612,2805462
199709,315912,4198966
199703,441421,2832429
199706,194448,3769723
199709,701580,4099377
199710,530337,2338100
199705,632550,3068816
199704,436146,2333050
199704,230101,1900298
199710,203763,4410220
199703,173085,2310369
199704,481694,3391556
199707,330659,3928413
199704,679559,3230892
199703,400271,2726670
199706,728272,2457453
199706,55814,3950215
199709,672498,3602627
199709,701081,2560130
199709,665115,2132077
199711,309934,3977260
199712,412584,3079920
199703,221025,1797419
199705,513123,2137004
199708,472833,3412980
199705,542401,2364256
199709,779155,1888203
199711,267759,3108132
199701,80497,3330262
199701,218777,3588228
199706,479477,2327407
199706,694159,2652176
199706,201422,2435074
199709,280115,2493542
199701,609670,2843352
199702,572052,2974183
199702,768780,4692127
199701,351569,3646237
199702,582985,4125580
199709,728226,2110801
199703,666217,2271705
199706,480887,3294905
199707,727070,2472728
199709,717464,3599874
199707,684600,3316505
199701,47106,1664951
199711,397394,3683708
199707,152754,4390402
199702,666163,2766368
199702,693764,3132274
199703,2523,3771925
199703,283391,2532982
199711,277576,2740479
199705,16350,2045155
199703,335217,2355388
199701,445257,3181100
199702,563048,2426467
199712,614204,1933315
199703,292256,3083152
199704,288343,2529527
199712,67434,3594667
199706,339389,2771037
199712,350456,2982751
199710,584608,3376697
199703,211276,2763941
199706,75720,3311741
199712,796107,2217258
199712,241278,1927650
199701,747410,2999288
199701,273635,2927688
199703,323507,2617137
199707,650003,1972647
199708,28688,3485562
199704,598515,2904282
199707,386008,1729598
199709,600297,2475933
199707,651107,2695962
199702,99872,3788664
199712,6750,3934781
199702,282956,4281179
199707,297922,3213929
199707,758171,2861437
199706,144176,3063846
199709,254736,4015460
199701,259688,3913216
199703,22734,2927441
199708,601073,2410749
199707,446141,2847167
199707,684962,4006781
199705,625176,1803667
199712,544183,2454320
199707,279262,3103125
199708,474258,2772517
199710,482890,3067761
199701,628697,4015380
199710,459053,1865171
199712,493365,2200510
199701,175415,2548601
199711,414182,2394013
199702,557008,2002162
199704,7998,3078173
199710,500630,3412866
199702,365167,2692247
199707,42430,2898572
199711,426861,3854583
199709,321007,2319145
199704,227787,3348945
199705,783688,4145661
199712,49085,2585200
199712,505003,2594540
199701,773807,4022967
199703,83691,2895539
199703,191523,2852856
199707,343962,4198453
199706,260469,3550753
199703,111646,3978336
199712,701564,3804237
199702,126995,4203717
199711,518673,3572764
199704,776722,4583062
199709,648267,2045232
199709,624673,4112325
199702,543227,2598829
199702,404776,2964843
199701,231898,4254471
199712,745959,3929643
199702,433671,2801718
199712,765589,3080772
199704,753171,2060227
199709,625608,3036468
199703,430567,2845326
199703,222439,2483230
199712,236110,1945746
199712,183454,2982653
199704,555029,2368540
199711,73869,4925964
199711,386153,2881000
199708,118244,2871596
199708,555296,3513302
199701,710144,2077398
199711,533179,2181870
199708,233017,2297100
199701,523965,4296110
199712,63762,3624096
199702,534576,2784640
199707,35578,3699165
199712,544312,3051652
199710,279320,2104882
199703,485891,3378366
199710,162224,3009754
199712,693995,4009743
199710,581499,3840542
199706,19376,2461203
199706,641108,1676413
199702,526082,2315845
199708,143139,2432823
199709,738395,3652201
199711,349275,2641898
199705,181230,3186288
199706,19857,2899819
199704,92550,3228557
199709,675711,3223245
199702,775887,3729415
199705,559713,4786263
199708,506971,5340465
199707,500513,2924062
199705,366016,2616276
199709,487870,3110040
199712,563891,3675155
199703,602382,3178766
199704,149148,2670819
199704,132125,2806016
199712,370012,1784218
199706,645190,1961556
199709,98781,4805406
199701,315578,3371972
199712,98002,2016000
199704,619775,3026805
199706,65801,3462928
199701,229404,3233470
199709,397754,4133083
199707,310135,2828446
199710,279733,3584722
199706,525705,3561739
199706,320693,2651062
199712,789273,2588256
199701,124729,3630200
199711,65789,3134037
199704,403170,2172055
199704,274652,3591621
199711,563551,2470230
199708,626793,3169517
199706,519985,4084103
199706,179598,3086765
199705,574532,3801002
199701,788371,3625000
199702,129166,1848912
199709,346550,3161149
199702,446690,3273340
199711,206173,2709770
199701,130373,2969530
199703,211510,3482675
199705,162504,3422802
199702,631014,1977843
199708,389023,1821472
199703,649003,1488881
199703,322126,2066598
199706,174463,3099519
199705,80331,2863944
199707,99446,2601792
199707,668388,2962268
199707,788997,4755988
199705,589368,2413355
199711,305186,2493118
199705,751996,3735479
199703,629287,2988326
199712,648634,3931178
199701,606391,2117291
199702,58309,2483908
199709,510441,3722892
199712,59097,2718375
199711,447104,1955008
199712,195948,4660183
199709,73770,3850244
199704,300850,4764062
199702,90183,1994406
199710,5787,3519289
199710,748949,3606227
199705,372912,3930102
199705,222080,2543253
199711,148889,4464875
199711,418222,2394420
199704,660624,3872737
199705,765146,2785553
199705,355215,2534049
199705,433126,2179627
199706,569919,3436801
199701,167161,3001623
199706,378475,3106920
199705,54299,2395037
199712,784304,2962568
199706,503704,2815964
199704,366548,4071844
199706,186905,4712835
199703,647620,2978421
199707,382245,3057937
199708,164450,3898194
199708,326350,2659088
199712,593677,4541717
199705,274906,3423219
199706,233501,3236209
199712,651330,3164811
199703,39314,3133275
199708,558270,3054975
199701,44560,2875214
199701,696024,2134839
199711,208473,3431546
199705,104195,1855146
199707,659191,2587860
199707,60510,2793969
199711,59240,2210199
199708,756832,4895769
199712,738594,3555715
199710,747295,3245584
199708,628527,3213721
199709,677017,1689766
199701,124843,3739415
199707,570705,3231737
199708,576394,2705480
199705,628665,3505986
199712,107987,3790462
199709,492643,3160017
199701,512290,2578494
199710,325896,3424790
199704,664951,4023432
199707,133826,3079861
199702,144561,2658807
199708,107858,4657161
199703,586485,3284351
199705,696723,2909715
199710,132744,4557338
199709,476286,2908247
199709,781414,2530182
199711,279545,3152728
199703,241876,3635720
199712,635343,2428789
199712,67607,3868792
199708,65626,3996557
199711,7752,3550205
199706,518995,4948324
199704,316122,2503842
199701,240922,3468738
199701,461600,3897703
199705,123494,3420422
199705,1372,2753025
199707,659623,3006921
199707,755907,4522452
199707,221516,3485937
199707,148469,3420354
199709,397109,2894616
199701,506522,3521664
199704,258393,3478452
199710,336726,4054233
199702,25032,2438512
199705,736402,3141400
199710,384703,4537157
199706,80613,2753758
199703,248362,2724217
199708,63488,3171483
199708,257512,2512845
199703,466534,2790948
199701,38761,3664682
199707,655317,2404609
199705,686641,3437512
199702,539661,3872357
199706,514692,3548166
199707,336097,2783977
199706,623582,4064985
199706,330297,2370522
199710,324180,2709382
199711,209931,3645021
199706,791394,2881598
199706,529882,4636260
199701,9979,5049216
199701,418237,2550703
199701,632191,2091323
199712,354458,3516423
199703,574473,3491047
199702,114099,2114871
199704,541141,1969411
199704,551245,2955381
199704,788573,2841233
199705,470904,4049740
199708,469182,2329947
199704,236793,3938709
199710,36499,3682031
199704,42478,2390651
199703,728492,3211211
199702,790179,3035782
199702,715867,4981968
199710,459351,2863071
199708,315361,2105815
199703,670093,2631073
199703,153798,4177638
199703,8437,3296303
199710,199189,3059427
199702,261496,2877065
199711,556287,3223824
199706,308265,2459919
199703,177530,3993104
199702,676813,4166607
199707,89844,3267902
199701,74145,2445320
199709,604944,3267023
199703,246761,3371098
199708,697391,2499048
199705,369330,3358368
199704,242718,3902645
199707,29376,2822209
199708,623944,3126881
199703,614888,3483106
199703,16556,3737331
199706,631273,2326591
199703,249398,2586969
199701,251041,2238019
199710,15388,2149273
199712,698893,4672894
199712,288154,2170066
199705,371410,2986502
199709,156918,3677282
199703,186905,5127150
199704,147944,3444064
199708,179009,1963840
199711,299442,3410423
199702,283578,2877955
199704,249208,1770500
199712,340520,4002708
199709,500310,3431649
199712,674388,2746497
199701,89462,2377491
199708,656030,1609152
199704,315583,3756639
199709,254333,2664752
199705,63471,2556225
199710,95504,2729090
199702,713460,3253333
199704,192442,2827972
199711,215314,3285918
199705,369797,4637081
199709,309208,2833618
199711,339848,3904032
199705,682164,2877932
199705,371052,2695296
199708,447636,3840254
199707,405893,4614101
199711,257686,2958606
199707,616366,3267376
199703,417304,2843139
199703,733597,3195897
199711,8473,2891416
199704,701508,2947994
199711,623759,3981315
199710,452996,4092837
199712,216607,2750079
199712,736724,3929860
199705,163622,4096056
199705,598995,4353363
199702,212332,2314435
199702,339226,3131394
199705,749886,4181436
199707,611137,1710499
199712,600406,2020954
199709,312353,3174415
199707,639318,2030507
199710,593080,2111508
199702,114992,4017993
199701,788444,3242579
199710,267942,4392839
199707,249430,3034724
199707,102666,3684401
199702,315115,2796997
199706,442497,3310781
199707,89725,3858120
199707,796982,3517583
199701,501515,3312014
199707,101089,2607471
199702,478467,3122150
199710,338445,3804997
199705,112487,3148908
199707,493579,2512934
199704,637035,2426112
199702,125003,2343840
199708,87537,2497180
199704,93461,2792563
199706,552637,3997617
199711,356073,2906200
199712,260645,3656019
199704,174590,3675414
199707,728654,2998428
199705,116938,4981161
199710,463944,3987552
199702,621305,2764012
199705,530364,3625284
199702,146843,3518882
199709,128533,3825748
199708,314526,3868220
199708,626186,3002805
199707,102928,4248024
199710,515615,3587298
199712,448290,2470348
199708,131947,3296914
199703,712398,2916624
199703,464540,3980959
199704,413327,2592227
199704,538951,4485302
199701,261577,3360215
199706,512006,1678649
199701,694151,2968151
199702,95918,3898634
199703,27898,3863583
199705,148323,2805720
199709,555482,3034946
199712,476831,3326370
199706,189418,3644917
199703,673041,2433624
199703,584494,3636794
199710,698492,2661961
199705,747591,2988733
199701,408173,2432587
199709,185252,2413736
199701,558454,3227525
199701,347796,3468150
199710,598646,2698927
199709,149725,4214960
199705,137043,2592096
199707,567046,2504295
199707,721855,4966065
199704,561493,2574202
199706,230845,3104150
199704,106014,1899258
199704,388350,3141334
199705,537203,2191398
199709,34671,3203311
199711,318027,2128685
199705,208227,2134194
199706,344622,3899867
199709,371676,4152440
199705,730686,4171459
199704,514734,3700270
199704,18190,2293953
199710,561343,3033331
199710,646864,2966139
199705,684896,3466424
199707,604331,2182775
199703,2763,4047796
199708,373070,3024536
199705,521722,3368828
199705,143894,4278861
199701,256986,4379454
199708,539534,3288635
199705,501842,4015839
199702,468991,2998754
199711,173505,4063059
199707,545830,4633250
199705,650359,3011436
199710,214118,2088970
199707,118488,3945471
199705,378015,2642874
199706,37421,2738574
199706,765274,2924900
199708,98551,3849082
199707,288837,4473259
199701,334886,4944319
199707,229117,2711491
199707,545871,4600440
199705,189449,2907651
199701,616314,1882328
199707,422424,2229638
199708,263138,1853184
199701,585072,1927645
199708,705704,3815983
199708,615449,3138143
199710,769196,2355727
199711,609855,4191447
199708,639036,1755000
199708,634939,3026348
199704,368493,3978651
199704,65666,4199892
199704,438843,3811312
199701,793755,3017111
199707,351548,3090291
199707,277548,3473631
199709,609205,2757570
199704,464135,2502673
199703,383876,4921208
199706,748545,2782268
199706,213392,2642089
199706,98933,3152909
199708,354590,4233148
199705,491765,4005367
199708,579255,2109417
199703,559056,2461986
199704,421771,4062600
199704,586594,3517433
199708,332256,3315929
199708,680325,2256846
199712,666163,2145347
199705,446129,2294263
199705,612482,3212812
199703,194888,4318712
199703,530528,4011579
199703,164246,3270359
199703,543180,2785135
199710,371978,4374614
199706,775798,4227202
199701,231904,4318013
199706,584630,2997138
199704,527449,3056189
199708,215874,4374417
199710,565186,3175444
199706,676708,4292539
199710,567649,2801523
199705,403204,2989386
199708,374422,2644156
199712,89453,2378600
199712,412580,2835864
199705,544373,2500205
199701,74757,3428865
199710,27297,2027424
199706,28071,2508664
199703,659763,3011332
199703,722830,3813062
199704,253725,4441866
199707,119036,2649180
199702,117466,3560304
199703,737363,2237727
199711,421977,4236557
199712,58571,3166209
199704,560160,2469563
199707,331939,4257187
199703,579403,2508186
199702,234937,4088273
199704,653696,3919592
199701,115209,2618563
199710,462130,2109956
199711,135366,3398298
199704,540740,3682528
199704,654506,3066987
199708,57586,2963673
199708,636190,2317637
199701,217690,3993477
199705,758362,2833558
199711,492656,3297260
199709,489338,2994411
199703,142925,3926000
199709,467631,3876629
199701,728090,2711295
199702,386477,3370819
199712,512524,3533950
199706,99217,2145394
199708,364743,3253914
199708,624533,2681800
199702,334751,2989328
199703,251090,1645947
199701,566244,3177283
199703,330534,3235427
199701,765202,3181863
199703,610602,3025140
199705,668367,2111156
199709,297673,3040601
199707,735266,3091722
199707,64082,2824416
199707,81637,3933270
199709,527531,3261961
199704,485795,4259601
199711,35371,2661075
199707,338797,4009343
199702,158009,2331395
199705,719654,3280295
199707,245176,2307347
199708,23731,3733070
199708,767763,4210679
199710,207979,3207832
199709,599967,3848642
199709,221418,2468514
199712,466023,2115471
199702,255115,2033190
199708,773155,2947488
199704,283969,4745668
199701,741835,4189017
199711,353584,3163785
199708,296854,4497541
199711,603818,4369877
199703,705925,3118387
199702,670657,3977903
199705,339977,3325967
199710,743101,1976952
199710,9455,3377013
199712,461626,3810240
199703,224655,3753224
199701,716378,2760793
199702,89048,1891560
199704,154342,3732416
199701,589663,4306236
199710,623184,1953012
199701,210789,3951965
199702,418223,2656713
199702,644364,3355866
199702,219670,4120398
199712,170763,3344778
199703,334615,3134240
199710,207038,1701036
199704,93203,2985715
199709,579919,5235092
199707,266238,2817874
199702,374590,2816469
199708,414433,2756800
199710,604400,3067878
199702,612320,2750471
199703,629925,3882284
199705,602403,3393962
199712,450336,3334115
199702,179199,2760890
199702,770185,2800239
199708,219868,2978558
199702,119255,2156031
199710,496064,2014076
199707,70811,3349802
199704,157415,2402973
199705,162758,3645141
199703,81912,4007513
199711,740837,3075836
199711,40289,2684747
199701,257434,2329237
199708,300060,2192183
199710,252333,2467814
199703,571296,3691629
199707,30799,3739805
199701,567683,4201584
199701,324570,2755399
199711,161891,3636281
199706,707147,2205504
199703,703662,4330638
199703,784290,3401293
199701,554029,2465991
199705,519313,3033624
199706,684277,2383743
199706,420153,1873684
199705,348005,2500851
199707,31712,3507677
199709,197629,4057557
199709,514535,4100003
199703,746336,3450220
199710,266305,3363833
199707,513347,3289253
199702,672203,2232823
199701,13822,2937007
199712,175173,2246706
199708,314720,2810230
199703,574337,3528275
199708,464468,3724344
199712,737395,3519308
199702,407875,4171869
199705,297053,1767217
199701,74365,3412689
199712,718651,2582902
199704,378728,4227701
199703,454818,3127201
199705,41366,2941560
199706,18082,2673213
199708,663520,2536767
199709,483369,2985966
199706,482503,2500062
199712,17184,1823554
199701,537048,2267691
199711,337611,2670732
199707,722105,2566338
199704,580357,2457834
199711,9209,1767874
199703,233064,1661085
199702,521905,4027179
199708,330834,4984663
199708,344523,3461062
199708,156776,4669897
199706,689357,2378947
199709,555196,2094458
199709,749489,3384590
199703,282961,4762677
199709,470923,2897667
199709,396013,2874528
199704,545568,4225861
199705,642736,2596948
199710,80558,3720213
199710,338103,2309566
199706,644071,1867673
199702,488524,2545537
199707,425422,2506164
199704,116750,3770244
199710,72991,4430761
199701,272197,2258855
199709,326362,2653136
199709,734405,3281763
199708,458643,3276914
199710,41479,2173319
199710,192216,2791720
199712,12244,2765726
199704,450819,3893538
199704,109838,3473920
199707,18685,2918697
199708,91418,2870968
199708,409055,1735254
199704,461647,2992033
199705,306155,2252611
199705,245485,3746400
199704,388708,4608509
199703,550503,3013751
199711,572665,4644711
199709,63731,3487754
199708,376692,4200615
199711,772571,3845883
199711,710597,4054266
199707,276486,2395525
199707,44169,1778829
199701,706660,3199929
199701,564944,4771185
199702,273358,2377773
199703,325666,3735163
199702,459365,3361174
199701,700340,3152409
199706,700167,2521000
199704,50131,2188207
199711,535019,1821294
199707,482124,2875860
199705,575845,4744425
199701,303310,2521536
199706,553195,2870791
199706,742473,2788409
199711,437590,3015423
199705,453356,2121114
199708,335036,2645419
199708,602662,3442186
199708,678245,2113706
199703,666741,3770623
199708,747543,4093972
199706,100452,3131482
199710,207414,3072255
199710,552172,2732302
199710,348109,2767759
199707,574673,3486561
199705,50530,3233477
199705,741541,2690267
199711,222051,1982082
199705,557307,3192415
199702,159774,4481733
199702,95404,2392974
199704,31347,2442907
199709,353662,3194540
199712,64130,2182789
199701,654940,3384309
199709,356549,3583542
199701,204437,2961855
199711,496203,2467912
199704,748147,2366317
199710,788884,3827329
199709,737873,3515945
199704,533250,2438137
199704,555885,3503252
199706,539514,3355538
199711,794205,2520389
199702,701285,2926218
199706,758507,2943083
199706,198960,4645013
199710,253361,3220157
199706,769243,2800256
199710,344683,4384826
199704,686918,4680290
199704,359720,3452637
199701,734357,2892554
199711,251743,3691121
199703,239071,1781745
199712,314751,3531480
199704,668630,2554562
199705,630752,3792850
199711,262228,2435169
199706,628169,2624334
199709,103276,2406306
199708,651473,3110976
199708,548741,3683243
199706,265979,5056896
199705,4575,2476800
199710,670235,2571896
199704,502298,3440514
199704,401557,3185429
199710,544495,3006584
199707,575612,2917843
199703,239984,5038877
199703,544625,3077072
199703,376323,2378827
199707,98663,3668945
199707,642724,2833373
199711,615305,2959154
199706,665601,2663169
199706,640002,1971543
199708,199350,2556653
199710,775481,3540923
199706,12825,3357468
199710,414242,3006172
199710,204250,2308480
199704,324508,3601351
199704,38386,3015613
199708,764336,2268486
199705,564870,4910649
199711,746512,3120076
199703,544500,2546847
199710,595372,2676446
199710,303157,2217027
199707,620785,2667793
199708,619444,2178729
199703,679638,3073440
199701,81572,3229872
199711,631797,4062586
199702,418920,3668605
199712,192231,3465539
199702,698512,2990750
199704,647861,3827484
199711,33820,2921864
199705,125681,4515875
199703,26342,2384479
199706,17061,1662702
199706,336056,2402488
199709,562541,3919002
199711,643286,2888737
199709,522117,3075543
199709,642132,2764733
199703,209500,2678031
199703,406860,2973591
199711,788013,2219575
199705,407539,2632648
199703,92038,2502972
199705,776622,3791252
199710,33929,4929286
199706,196333,3144526
199711,238291,3073200
199703,83217,2902107
199709,388775,3168392
199707,317812,3128958
199701,64101,2169608
199706,789057,3001426
199701,208686,3473191
199703,283175,2213243
199703,113665,2596887
199704,448317,3289754
199704,410289,2427302
199707,347255,2570621
199702,521178,2837188
199709,574405,3513527
199708,579490,3320998
199705,408115,1943871
199708,715843,3552185
199707,53919,4037993
199707,601723,2661242
199711,24939,4831306
199708,691220,2180142
199707,52260,2351784
199707,724027,2780919
199701,162937,3647872
199702,40732,4181825
199712,155973,4674746
199707,484054,1718977
199702,787925,4830936
199712,501150,2859406
199704,652216,2064174
199707,654188,2238614
199704,157144,2076771
199702,312041,2491468
199709,521722,4101182
199707,374492,3496383
199702,127931,4266549
199712,276853,3743852
199703,719104,2695368
199703,373994,4549556
199709,688033,2481030
199709,782793,4876976
199704,45323,2861329
199701,43330,2291994
199711,697746,4010533
199703,487360,3104271
199706,581590,3175983
199704,350335,2986749
199708,135331,3615309
199701,54076,2575175
199710,451593,3303835
199703,571053,2630230
199712,771995,3348475
199705,178507,2568510
199710,399122,2780467
199702,733789,3444997
199704,188960,4763832
199712,574694,3852163
199706,87745,4144714
199705,238800,3468886
199712,493060,1781743
199712,680157,2672232
199702,387577,3425664
199704,280575,2459340
199705,143404,2667558
199705,712640,3007750
199708,634671,2620404
199712,728502,3379277
199702,639555,2439056
199706,548946,5386284
199708,444137,1764371
199708,598866,3837332
199705,111559,4113270
199712,511555,3642182
199702,40596,2738203
199708,48358,2794282
199704,167408,3393420
199706,338873,3556059
199710,650566,3336366
199701,331037,2511983
199704,321994,4636754
199708,737322,2691394
199709,333782,3170334
199702,353778,3833873
199710,134383,2612231
199709,547318,2920355
199701,690409,3601978
199701,796217,3106983
199704,150637,3240249
199711,438665,3528008
199708,47714,4486617
199704,164460,3219659
199706,317905,4880294
199701,535297,2278181
199705,421300,2584228
199710,648253,2306342
199704,452959,3338229
199712,536273,2827980
199702,198380,3366271
199704,680464,2495975
199702,771900,4973056
199709,644213,2198642
199707,246206,2905823
199709,239360,2221888
199710,3032,1683054
199708,466002,2378326
199708,84488,2944960
199707,297750,3817064
199710,703736,3288033
199712,59446,2698444
199708,347275,3109955
199709,503634,2918221
199709,122263,3020361
199707,40491,2705516
199712,736843,3722023
199703,106030,2119717
199701,5780,3034404
199704,779085,2200054
199712,693003,2689119
199708,605009,2305032
199708,382524,3473274
199706,150158,2471874
199712,129474,3713570
199707,230277,2554562
199707,111532,3266109
199701,166855,3932105
199704,171554,2925990
199712,13853,3021313
199705,6455,3267480
199710,758463,3394310
199708,199700,4421862
199709,69382,2952765
199709,164948,4919625
199712,12756,2853562
199710,116660,3822784
199708,380818,3930516
199710,770262,2264791
199701,675845,4020348
199705,12993,4888864
199701,7914,3315876
199705,766963,4932729
199712,78656,2975063
199703,772338,3384720
199702,87908,3278011
199706,512887,3630632
199710,475956,4829825
199709,513395,2433663
199712,749942,4489765
199711,623715,3020087
199705,559837,3839143
199701,61763,3966948
199711,604811,2966583
199702,196399,2930964
199702,134553,3571987
199709,739983,3865857
199702,655333,2903828
199705,316050,2005221
199701,42042,2078292
199701,681043,1806353
199708,188998,3568752
199701,377155,2587494
199701,378936,3554318
199709,510191,2075621
199703,34994,4436677
199703,352207,3059831
199710,96007,1937796
199712,118651,3225763
199702,613924,3030680
199704,114028,2300780
199707,19946,3905412
199712,560767,3509260
199707,85686,4302904
199709,313094,1952889
199710,632761,3450128
199710,775912,3975760
199712,29117,2360024
199711,721077,2348707
199703,9193,2727920
199712,774403,2895645
199704,716737,4340407
199709,705082,2259976
199706,12179,2160516
199706,389613,4249689
199711,364507,3658428
199702,472094,1842168
199709,759244,2401816
199710,571644,3314577
199705,480990,4075965
199705,412691,4086151
199702,541967,3839084
199703,60800,3010968
199705,569083,2799505
199701,363905,3740891
199712,181342,2322890
199712,323380,3334407
199708,750312,2803572
199703,624329,2594310
199708,355057,1777039
199711,252112,2873070
199701,666433,3190632
199708,221480,3519091
199709,190309,2938530
199712,590899,4115051
199706,737460,2506697
199710,545279,3374189
199709,419973,4448432
199707,760818,4445193
199703,118375,3762099
199709,350313,2729326
199706,282966,4965924
199709,9827,3334694
199707,583221,2556232
199705,85008,1735764
199703,157809,3907212
199710,608228,3037035
199706,389639,2703561
199701,485615,3534102
199701,330265,2946693
199711,218929,3047203
199703,742534,3901837
199703,562960,3865838
199705,148290,2569516
199703,177818,3190648
199705,519409,3586662
199701,673889,3729425
199709,423618,3357583
199710,743680,3412827
199703,338279,2963835
199708,159130,1969199
199710,665253,2217160
199704,216874,4083160
199704,197752,3496027
199710,789149,2591364
199712,14097,2527725
199707,52808,4578080
199712,368019,2065300
199705,709160,2998818
199710,322154,2432257
199705,501532,3533207
199701,652402,2573303
199707,758838,4882363
199705,595232,3416238
199709,349336,2343961
199704,384962,4237186
199704,690946,4098501
199706,28672,2476236
199705,751810,3753348
199701,30706,3047535
199708,151089,2188953
199708,211573,3107184
199703,752645,3592142
199701,144592,4091475
199701,315687,3708415
199701,146510,2691205
199712,508890,3076169
199712,97818,4579472
199711,421661,2912057
199703,520321,2803317
199703,296167,2320484
199705,732443,3744590
199711,486883,3702322
199711,212515,3451695
199712,772161,1949578
199707,382606,2669660
199703,194430,3658632
199709,767629,3863135
199701,73422,2623389
199710,405120,2192688
199704,270176,2372551
199705,712379,2727026
199706,710127,2251438
199705,394873,4809449
199703,711241,2793680
199707,642183,2025270
199710,463065,1914210
199711,69045,2285646
199710,181723,3394678
199701,205733,2590816
199710,246590,3775377
199706,453049,1963959
199702,364114,2171238
199702,171725,3557505
199710,565785,4219732
199712,495976,4263355
199703,468300,2594900
199705,191509,3380256
199712,750614,3329160
199702,695789,4640350
199704,777469,3479467
199710,714049,1779478
199708,701808,3583344
199705,460960,4033974
199707,388373,3507264
199709,548211,1990779
199711,653138,1985802
199706,615374,2906172
199705,400105,2336811
199701,555123,1802493
199708,579811,3021482
199707,126967,3768584
199709,397291,3598421
199702,683845,2798079
199703,743195,2533275
199712,301025,2462424
199705,79931,4521260
199705,55698,3730724
199705,66685,3452011
199703,579154,3063094
199706,767276,2777820
199712,186922,4520070
199712,589252,2563090
199711,81037,2036060
199710,172102,2092246
199712,461407,3054224
199702,404684,3717464
199703,345502,3166164
199705,8059,1708777
199712,460448,2274598
199706,614555,2736246
199707,160486,3052751
199701,324177,3243132
199712,527992,4797428
199705,403804,3179886
199710,76419,2762911
199703,774838,3270888
199710,429233,1945539
199706,528933,4151401
199712,474599,3461854
199708,705826,4308370
199704,394110,2191462
199705,112434,3124288
199708,253341,2951072
199708,391352,2828946
199708,649895,4364938
199707,786047,2775874
199710,57086,2453324
199702,133064,2742650
199708,568452,2736774
199708,714290,2759814
199709,238277,2078094
199711,143825,3767541
199709,262118,2410783
199703,519472,2744268
199701,601510,3043150
199709,594455,2634031
199703,578407,2433052
199710,339407,2369186
199710,221082,1637010
199712,791245,2164660
199705,353473,3816150
199707,575165,3069346
199710,625521,3118632
199710,513389,2709359
199703,526173,2913934
199707,616046,1904779
199705,160534,4133021
199712,182808,3592520
199705,635168,2696049
199707,232605,2629278
199703,199784,4730171
199709,503499,2871220
199702,243939,3291344
199712,150665,3386712
199706,134733,4458215
199704,645068,2260069
199708,758869,3589619
199701,678712,3682301
199709,562285,3187617
199712,4955,4971646
199708,479553,3831325
199707,668887,4639625
199707,58146,2622332
199706,285498,2370601
199706,757061,2101896
199706,437828,4195540
199704,371659,3461280
199706,123838,4675055
199705,55453,2178872
199702,429778,3888546
199708,259216,2651251
199705,348525,3254018
199709,691482,2413511
199705,38137,2607190
199701,511455,3202683
199710,503651,3143797
199711,166134,2808304
199711,444004,2093139
199701,583226,2191600
199710,543044,2275132
199707,303627,3407974
199706,543170,2426300
199706,333775,3906921
199706,366831,3706442
199704,705706,3943687
199706,638752,2787997
199708,441593,2452242
199706,288942,3649457
199704,458175,2062333
199703,67320,2348071
199705,43160,2829605
199705,424313,3000428
199704,626467,3239724
199704,217681,3740887
199706,735664,4451330
199705,207568,2719438
199711,107774,3080680
199702,359654,3824844
199704,10410,2458603
199712,647093,1976114
199705,325204,2765677
199709,422530,3413398
199712,5250,2516134
199712,50323,2567013
199712,32534,2903729
199706,445949,3581398
199707,550809,4351885
199701,397197,3162975
199701,479695,3426374
199711,626194,1895310
199704,232394,3294727
199707,564352,2691027
199704,502587,2748349
199701,97183,1933134
199703,77301,2531034
199709,80480,2444843
199705,726477,3572173
199705,483176,2109653
199705,735975,4488418
199709,635881,3917128
199707,569872,3103076
199705,280445,2708317
199712,109998,3734861
199701,468003,1502106
199701,109632,4077808
199707,470877,4420057
199711,322538,2808936
199701,760752,4123938
199701,349114,2369234
199703,703732,2655621
199703,302700,4043888
199703,679635,2470338
199701,709013,2113454
199701,763798,3289729
199702,473398,2419096
199702,730792,3393979
199702,75686,2873044
199709,103255,2808414
199701,571099,2639677
199705,96474,2871827
199712,246435,2493463
199712,563522,2996595
199706,391670,4316067
199711,42001,1716260
199707,306205,3106702
199707,169486,4073802
199709,378600,3582111
199710,448718,3360047
199709,50048,1907254
199711,355861,3757026
199708,254128,2213997
199710,101181,2106644
199705,610652,3375259
199703,137352,3713732
199708,227754,2801778
199705,501120,2448482
199707,754537,3342150
199708,445918,4613127
199706,620850,4466008
199706,775574,3835180
199707,207008,1646982
199710,491921,3186891
199708,215229,1956599
199706,732357,3131527
199701,203570,2599359
199704,50680,3261360
199712,531724,3511400
199712,604719,3117465
199706,546710,3652158
199709,395589,3881249
199708,449188,2074179
199701,135766,4403501
199709,521671,4021736
199701,194545,2774101
199710,697302,2271123
199709,722057,2562672
199701,526738,4764717
199705,278437,2942658
199706,494177,2585899
199705,700922,3391977
199706,454600,3146469
199706,645216,2641684
199703,738330,3283920
199712,67538,2890617
199702,602680,2766472
199711,148208,1943341
199702,732156,2483170
199701,512161,2646603
199709,313636,3290991
199709,290886,3094958
199707,245117,2320688
199701,166939,3917581
199711,600474,2533092
199711,403904,4116542
199712,299785,3887229
199704,667492,2469406
199710,732829,3686344
199705,548403,2865024
199704,590327,3427031
199708,286819,3734394
199704,280449,2430031
199703,261661,4218890
199712,789562,3993399
199705,585635,4205170
199709,258063,2399467
199710,278629,3512627
199706,727959,3775148
199711,768002,1764380
199705,482280,3374020
199711,312080,2285702
199711,327761,2962170
199711,465149,2032154
199704,766585,2526871
199701,447132,2130163
199701,374922,4792584
199708,343237,3040522
199707,41417,3097174
199703,544241,3180919
199705,395910,3574513
199703,473021,1988000
199703,18042,1555264
199701,59668,2876075
199704,773117,2382540
199702,185266,2067427
199702,453161,2011022
199702,274641,3518842
199709,572662,4033038
199706,153752,3069775
199703,275882,4226654
199703,291478,2273254
199701,503350,3085592
199712,322048,2648324
199704,376299,3234658
199701,431256,2884968
199703,661923,4523736
199703,683155,2276240
199704,379356,3070192
199701,690249,3111656
199706,603333,2758185
199706,504039,2372847
199708,269517,4013550
199703,762905,5100719
199711,560828,4391460
199703,662942,4524161
199710,420537,3461586
199710,695555,3682485
199704,73848,3938818
199712,14932,4299653
199710,32485,2579813
199709,480883,4333474
199707,15794,4616433
199701,458302,2121051
199712,90952,4155970
199703,440474,2342329
199710,184241,2162791
199710,220075,2105546
199705,172449,2534719
199703,758517,3623604
199708,249122,2204344
199707,745376,2174650
199708,452134,2212406
199709,704801,3539309
199709,670928,4135782
199705,690487,2916486
199706,628417,3067466
199712,730252,3013217
199711,109992,5081050
199708,31978,3084601
199708,640854,3230676
199708,594385,3300452
199707,199942,4900656
199707,528982,5375296
199707,461153,2664998
199709,253835,4114286
199705,639709,2522465
199708,209650,3789925
199703,736465,3770090
199702,240526,2507732
199702,519481,3421048
199709,512744,3555601
199710,552608,2749920
199712,786186,3076058
199712,785704,4033916
199702,110487,3743700
199705,131460,2777098
199702,185360,2989004
199705,780949,3818260
199701,344573,3720388
199702,585301,3406089
199710,300092,2612255
199709,446597,2624069
199709,241274,3064885
199711,276067,2534611
199703,178450,4126815
199703,549834,3616915
199712,353719,4286388
199706,621990,3200621
199704,390732,3444940
199711,732511,4125722
199711,195667,4616406
199709,733186,2663842
199701,772598,4330091
199704,773658,3290078
199707,449004,1474260
199702,101071,1910428
199709,663206,2495008
199705,262444,3001321
199712,218213,2771440
199705,113488,3246199
199708,303403,2404926
199702,318770,3187570
199706,404458,2997346
199708,551241,2532751
199705,604117,2058497
199705,586418,3466114
199708,458263,2640320
199712,122664,2809975
199705,490227,2547599
199708,264306,2892450
199703,424094,2611349
199705,333632,3562761
199709,703274,2281150
199701,690856,3645622
199705,630529,3648725
199710,754389,3780133
199712,125121,2771318
199702,408730,3082413
199704,505935,4415570
199702,371366,3400770
199707,433656,3662507
199705,159276,3533124
199706,186305,3568684
199710,170618,3262394
199711,508490,3239692
199711,207408,3093797
199701,84770,3193681
199711,107985,3551490
199711,496607,3046802
199707,369168,2048720
199706,90269,2896298
199712,655116,2673415
199705,247038,1740530
199705,98762,3887758
199703,389277,3147863
199712,94623,3720526
199707,414707,2865508
199701,357071,1969592
199702,168903,4614246
199712,217778,2777654
199702,142881,4571138
199707,422956,4058488
199709,298837,4295818
199712,379612,4201934
199708,353353,3001129
199703,147734,3880607
199703,278259,2476954
199705,671493,2798583
199711,521960,4756656
199705,430516,2237720
199712,676515,2744323
199706,672363,3298265
199706,619824,4378656
199706,458517,2576205
199703,623279,2043808
199704,601447,3236184
199703,220863,4109990
199711,589792,4111667
199704,224721,4043509
199710,475547,2740536
199710,272333,3190202
199710,611676,3492808
199711,108988,4742827
199702,468822,4376715
199702,1636,4151601
199712,664486,3658034
199708,665039,2066232
199710,789764,3922492
199706,548139,2820573
199706,556668,3566555
199711,373289,2269541
199710,361674,3066911
199701,319228,2132729
199708,107858,3683187
199706,785722,3253842
199706,777387,2928700
199706,212372,2835866
199710,611190,2662604
199706,539930,4073773
199707,770336,2480713
199707,397981,4918843
199707,65023,2086698
199712,421632,3728664
199709,148949,4747105
199708,208542,2756007
199710,520428,2240674
199712,766874,3842863
199712,99089,2252325
199712,396846,5193184
199704,711443,3441134
199705,16535,2743391
199710,400726,3347748
199710,464643,4340574
199711,536241,3193050
199708,381156,2442114
199710,599829,4864433
199705,62244,2315980
199708,447704,3121675
199711,647236,2236248
199704,454878,3101182
199706,73561,3989856
199703,633202,2696028
199711,395452,3032982
199703,752045,2665734
199703,77370,3136677
199705,593420,3329480
199701,423355,2791872
199709,324771,3555604
199707,281796,3832893
199702,72023,1665663
199710,56569,2334106
199709,745551,3735856
199708,523239,2650641
199706,393074,2490506
199706,327166,2255053
199701,428481,2677974
199702,791626,4359243
199703,652660,3217196
199701,746188,2358460
199706,479778,3480345
199701,559242,2446293
199705,465834,4319544
199705,57738,3861177
199704,137491,3576666
199707,489183,2426371
199705,196427,3046840
199703,638005,2240496
199703,129558,3133823
199706,712845,3095111
199704,580360,3279654
199710,15521,3039676
199708,514640,4378124
199708,160196,2286265
199708,132491,2486335
199710,568385,2223640
199710,701467,3230546
199701,13030,1630498
199709,637196,2268586
199706,728607,3526288
199706,698863,4550312
199709,454532,2824369
199707,278326,3391206
199709,679404,2187107
199709,753366,2938013
199710,236872,3545365
199710,650193,2715005
199711,240659,4232647
199706,564684,4137329
199706,363745,3740453
199701,486591,2981607
199711,549801,4171658
199701,767125,3057710
199701,767345,3107082
199705,450230,2884433
199703,470456,2362168
199703,402555,3251749
199711,148267,2057066
199707,719085,2283175
199708,390501,2842401
199702,32187,2240598
199707,122449,3481427
199703,115755,3010275
199712,557494,3791792
199707,14229,1913750
199704,731070,2725074
199701,390116,2388078
199709,420969,3704282
199705,145381,2541809
199708,320493,2936151
199701,148442,3726100
199702,505708,3153171
199702,453459,3622882
199704,332076,1695331
199712,466979,4430928
199701,474746,3372611
199710,636163,2453258
199701,683881,3356730
199708,422378,2122171
199706,169874,4470901
199709,369501,2742075
199702,430566,3048451
199707,263967,4537732
199701,762751,4897044
199707,178951,3836605
199710,431085,2005702
199712,37865,4146578
199703,502393,3069814
199707,578268,2902493
199711,331103,2238693
199704,149385,3101129
199708,429654,3135587
199706,444338,2558208
199712,417039,1806858
199701,110254,2305992
199702,604458,3099505
199707,156549,3692742
199706,364831,3275976
199704,95630,3218747
199701,531812,4471190
199703,600295,2584152
199706,757173,2772735
199712,600988,4439032
199712,496371,2827679
199708,777383,3285787
199707,517226,2375755
199704,106990,4696920
199708,392404,2467547
199708,732274,2852828
199703,54001,1607265
199704,651628,3819448
199708,793819,4166034
199706,781612,4115399
199711,553090,1904354
199703,745540,4152450
199708,191432,3770489
199705,286070,2594739
199705,551428,2670317
199705,221955,3641263
199708,212534,3007315
199708,4712,4035308
199707,752022,2244639
199704,118308,2785230
199705,785139,2325790
199707,399975,4438339
199705,411778,3041550
199707,673767,3237757
199707,360757,4453463
199710,604738,3252546
199702,180945,4011361
199703,195456,3630393
199704,460968,3904174
199711,242909,3307475
199704,263690,3299091
199706,248763,3355030
199704,310397,3571930
199706,551132,2484531
199705,343627,3650282
199711,30579,3773925
199712,363992,4882952
199706,365549,2822198
199709,338055,2586132
199706,215454,2711491
199706,64421,3494029
199709,562066,2544858
199710,9131,1976247
199706,130822,4602404
199707,498666,3828672
199712,199507,4120672
199711,474777,4204200
199711,13637,2963253
199709,526672,3162886
199705,114966,3843062
199711,56839,4223792
199702,664500,2504243
199701,594341,2563481
199707,112882,4758043
199702,761185,2201947
199709,226684,3224561
199704,46770,4418965
199701,83275,2295084
199706,140900,4794023
199710,41316,3123158
199710,784764,3196454
199705,555260,2124112
199710,469799,3159023
199710,706814,3965658
199701,336385,2343839
199712,667449,2960296
199708,187704,4789214
199703,207315,3168201
199702,613865,2977761
199702,433832,3146673
199707,174332,3515825
199707,389059,2870100
199702,181130,2534895
199703,169696,3448392
199703,221446,3216195
199712,29523,2345819
199702,162836,4329332
199702,767861,4444024
199703,769706,4506650
199701,713800,4244221
199704,331053,1874305
199706,319420,3310643
199705,462304,2446452
199703,270473,3663501
199703,532328,3400750
199703,500978,3989563
199710,330014,1924092
199707,689991,4469045
199707,29244,1934672
199704,162716,4162181
199705,593635,2938637
199703,726211,1892885
199707,250788,4412998
199701,295399,2565659
199708,635667,2884734
199704,683278,2224827
199704,440168,1974705
199710,39624,3740179
199706,463832,4399734
199710,476194,2394167
199712,577415,3260872
199708,204519,2647710
199710,520040,2340524
199712,708615,4032972
199705,622494,3222446
199706,296647,2570637
199712,30530,3549087
199706,739522,2877826
199706,680598,2819308
199705,70543,3263192
199709,274292,3248008
199705,671892,3679259
199705,170171,2626315
199705,234689,3841603
199702,671498,2708214
199710,107119,2096816
199709,745298,2237871
199711,542221,2584507
199712,262082,2633144
199711,661476,2846131
199711,606279,3168146
199705,666793,3308348
199710,34112,2626782
199709,261167,2538337
199705,23709,3644186
199710,19880,4229718
199705,723644,3221822
199706,276053,1714380
199701,241394,3204912
199711,742397,2792358
199701,133970,3847622
199704,664618,4144777
199709,748734,4192910
199704,97223,2012142
199712,785802,4436259
199707,50573,3921669
199708,508508,3275596
199704,605486,2223537
199706,238051,2299518
199707,739881,4373775
199705,503017,1595264
199708,786816,3615282
199708,131107,2366109
199702,277667,4111625
199706,486470,2708997
199712,74608,2991114
199708,776162,2852651
199707,374632,4266550
199703,777460,3542238
199710,171531,3390953
199712,775871,3924829
199706,148914,3886561
199706,205414,2401308
199702,576961,4452898
199706,694336,3112902
199703,151402,2380669
199712,747895,3322290
199705,478647,3738926
199708,431151,2717228
199703,70024,2290222
199712,180484,3642109
199704,535716,3494621
199709,82484,3812848
199708,55184,2330762
199701,676695,3109287
199701,524643,3301887
199702,123706,3378104
199710,97671,2793353
199709,748427,2332591
199703,70924,3562449
199704,34280,1940419
199706,179912,4894122
199706,73615,2565605
199705,688336,2586357
199711,624262,2757984
199701,309943,3562144
199706,667255,2859994
199705,456257,3210206
199711,184668,3508825
199707,600557,2544829
199707,25090,2436216
199712,671522,2411986
199709,52036,2346571
199712,95765,3930016
199703,501000,2252205
199703,293727,3269349
199709,589228,2544830
199706,275234,2923893
199707,146711,3518935
199710,144945,4656459
199705,447291,3309895
199705,728087,2638208
199707,268525,2310459
199712,576819,4534729
199705,778052,2547065
199708,173207,3062238
199708,493723,3000791
199702,109391,2632733
199709,591862,3712296
199709,209302,1853273
199712,460402,2997236
199710,373254,2759331
199710,470033,2145438
199711,257513,3455675
199706,196386,2520046
199712,613977,4349162
199712,703019,1921322
199705,454062,2468977
199705,21026,1619404
199703,295596,3705198
199704,363345,3239159
199707,772747,4185333
199701,226947,3672902
199706,497314,2117733
199704,295075,2089827
199703,630046,1854419
199701,714782,4096590
199701,538700,4553602
199707,154096,2277178
199706,243602,3817607
199706,645358,2253440
199706,126088,2511136
199707,234663,2760739
199712,162988,4512156
199705,161546,3626610
199703,764863,4167968
199709,627667,2683762
199709,739602,4210627
199702,565635,4251525
199702,593957,4292596
199710,256095,2074831
199706,63715,2749726
199704,430228,2156568
199709,240729,3606573
199701,265857,3359494
199705,278808,3655772
199711,663213,3016901
199709,392569,2960882
199706,58843,4189278
199708,39826,3411564
199706,646917,4659700
199711,598089,3086356
199710,499791,4496623
199701,639677,3236513
199709,436022,2276208
199701,706814,3932884
199702,714195,2055572
199705,621671,3862152
199701,45807,3423218
199712,295103,2553059
199704,772110,2610032
199704,12625,3638008
199708,528694,3169712
199710,78586,2579992
199711,503301,2942455
199709,158784,3501282
199702,594630,3295729
199707,645831,4086640
199711,714702,3749207
199706,418055,2101744
199712,123324,2244635
199708,726599,3738788
199711,581690,3437039
199711,460830,3871731
199711,356141,2758187
199703,164458,3653880
199701,519188,2637644
199711,213548,3156904
199711,166617,2939583
199711,282079,2196394
199708,505624,3096240
199702,77768,3177283
199704,427173,2027576
199708,96243,2850252
199703,398296,2898708
199706,462347,2286072
199711,372063,2216752
199705,561672,4334125
199706,191671,4537112
199711,621197,2717128
199705,638718,2982024
199705,249587,3726182
199704,505657,4085081
199708,713587,3495601
199705,598850,4823354
199702,48205,2825340
199709,95330,3327903
199709,282377,2251100
199703,715070,2020344
199702,480940,4562185
199706,636430,2611190
199708,330783,4527169
199708,131673,2947374
199712,638551,2627513
199709,73833,3946116
199707,448367,2420225
199708,173119,2124340
199711,240750,4564998
199710,71815,4459877
199710,691689,3294074
199711,558894,3339407
199709,456848,4196206
199703,16343,2098060
199703,271977,4030449
199701,718117,2202055
199706,381380,2604161
199703,773546,3491663
199702,504661,3334611
199701,364131,1991069
199707,615664,3451491
199708,68658,2967009
199705,527272,3242928
199702,430362,2352058
199702,458008,1743593
199705,133190,2201742
199711,625373,3435407
199704,618963,4452646
199709,143553,3051007
199709,66011,1977468
199709,482401,2711424
199704,57887,4073495
199711,541006,2640483
199712,36595,3302108
199712,643393,3240673
199707,536325,2755271
199706,64067,2439487
199701,588889,4936738
199710,238453,3205877
199701,441792,3699865
199711,478380,2567300
199708,462810,4355745
199704,772245,3185013
199704,754320,2748580
199706,455489,3502815
199702,5455,2277393
199705,405052,1909274
199709,155232,2782991
199709,449238,2303187
199703,484196,2632959
199709,445588,4099205
199702,273573,2523985
199712,793139,2629301
199701,693881,4409647
199701,54949,3152924
199705,245867,4305518
199703,284941,4160008
199703,767991,3325220
199712,421000,1609873
199710,153396,3200253
199710,517732,3579906
199708,406817,4302579
199706,631552,2835006
199710,186581,3375181
199704,632026,2241696
199710,77727,3682195
199712,26831,3962148
199708,392057,2426772
199701,689924,3410551
199704,663086,2517720
199703,259483,3115735
199711,635716,2675721
199707,317330,2934462
199711,703251,2648912
199711,498061,1746356
199711,264419,3423915
199702,344729,3875556
199712,98324,2951418
199712,108037,2351317
199702,458466,2820391
199704,388375,3365728
199701,689976,4069495
199706,202459,2328062
199705,651218,2525428
199702,374242,3422198
199702,533850,4506121
199707,263833,3593640
199706,644829,3015443
199712,513132,2221513
199703,466768,3511113
199701,386842,3664777
199701,349890,4690629
199704,53787,4324097
199704,724139,3077562
199709,623708,3759367
199702,301292,2176590
199709,452597,2677656
199709,94898,4259002
199709,798981,3288400
199704,276819,3343779
199712,295359,2210282
199705,205856,3079696
199701,630809,3235972
199709,259011,2258160
199701,590915,3466177
199710,593674,3943627
199710,521768,3570531
199702,735734,2994332
199703,448089,2439165
199701,203800,4140209
199701,461328,2668851
199706,541842,4897932
199711,568817,3771580
199708,269343,2985550
199707,515032,2613336
199708,605737,3664863
199705,506909,3831760
199708,249582,3446032
199708,608515,2347318
199706,577279,2869825
199704,260917,3076000
199704,428035,2082027
199705,568348,2775987
199704,33466,2307709
199703,679490,2941858
199704,267156,2531557
199703,756230,2248277
199703,683112,2676375
199711,404412,3001369
199702,282709,2674561
199706,504843,3510858
199710,748577,2597612
199705,564012,2146600
199703,172018,2678154
199706,568033,2559848
199710,30842,3545680
199712,529518,3927529
199702,239877,3026888
199707,620643,2589338
199708,549591,2649520
199705,6969,4142119
199708,370386,2401554
199712,464439,3523962
199703,769754,3610965
199711,552193,2720696
199706,253913,2888094
199704,556889,5008643
199708,705877,4330532
199709,238419,3628330
199709,209699,3432923
199705,519246,2277396
199708,529380,2565035
199710,72122,2735300
199708,155209,3128895
199708,582144,2900999
199711,161859,3649615
199702,698161,1898654
199711,750102,2543770
199708,69062,2319885
199708,497228,2205360
199706,146576,2867081
199706,480829,3547208
199704,545015,2413597
199706,394418,2339682
199712,591027,2442830
199712,573844,3175909
199703,145918,3794274
199712,83051,2283182
199701,774303,2977657
199710,754940,3357433
199703,502758,3972206
199707,671308,2044273
199702,728243,2288178
199705,735699,2997492
199705,763490,3616454
199712,468332,2396471
199709,414818,3812138
199709,642869,2772099
199701,655083,2550488
199702,41967,3212779
199707,139799,2938386
199704,181366,2722484
199712,762530,3981250
199703,409580,2380316
199703,227951,3002546
199704,598748,3403504
199708,462319,2536954
199712,3537,2627526
199709,369394,3804788
199701,631405,2950704
199704,619814,3328857
199706,497156,1940717
199704,623966,4677576
199704,255128,2521480
199710,516852,4260932
199712,232034,2386069
199711,39737,3090213
199701,324773,4465635
199702,626378,2817374
199708,621929,3997922
199706,647652,2620177
199704,569168,2560879
199709,668059,1848636
199703,606288,2132930
199712,554927,4707012
199712,683563,3031198
199710,96739,3627675
199704,790943,5033927
199704,574369,2572031
199704,612555,2937975
199710,548463,3291916
199706,738540,2468789
199711,654661,3715949
199701,180594,4144610
199710,768983,3348782
199701,30008,2048592
199701,333659,4146968
199709,791386,2722756
199706,574440,2698696
199703,11250,2276050
199711,81251,2915503
199707,293596,2648240
199704,679352,2847693
199709,282620,2827004
199706,680894,4657152
199703,211981,3789725
199712,281532,3935152
199707,660189,1986880
199710,403061,2036052
199712,710314,3432533
199712,632472,2890337
199712,323776,3932475
199705,589111,2188964
199705,226707,2666182
199710,353826,3868648
199701,700795,4435527
199708,612249,2844964
199702,260793,4545797
199708,791599,3888288
199707,501954,3520674
199701,593668,3280173
199711,685756,4347333
199702,605273,3022185
199708,10392,2273972
199704,770614,4548366
199702,471070,1780195
199708,291442,3261053
199708,373234,3104647
199710,37428,2637991
199703,703632,3573786
199709,783451,2854021
199705,560431,3986538
199709,630127,2008471
199701,633187,2737646
199702,543042,2551967
199702,142435,2925311
199707,614924,3677780
199705,635578,2392906
199705,68885,4955421
199701,707124,2327783
199706,114211,2258062
199710,299761,3766244
199708,189217,3420963
199708,278063,2436057
199710,554251,3325726
199706,276315,2085449
199705,91220,2674373
199707,42456,2441693
199711,556395,3161083
199704,360832,4048741
199704,555756,3270172
199702,502435,3311792
199712,737412,2869772
199709,380257,2920532
199709,529831,3751392
199709,58972,3301958
199706,302100,1798610
199704,315852,4856384
199704,514239,2646779
199712,211517,2314170
199712,557045,2672398
199709,787871,4897100
199709,576198,2568726
199708,90846,3453259
199711,592017,2295609
199701,148808,2935600
199703,418050,2023182
199709,125205,1903119
199708,568125,1947139
199707,439907,3472134
199706,198218,2808792
199712,404827,4232519
199701,22074,2318850
199703,578013,2333627
199704,521037,2052539
199710,505116,2023567
199701,202394,2170140
199707,771608,3350742
199709,729946,3754229
199704,260672,2880012
199702,465547,3165704
199711,244804,4364979
199701,750704,4105927
199703,751511,3196834
199708,339294,2130581
199708,695776,3330871
199712,774703,4344625
199707,302108,2348950
199707,180377,2519792
199709,520848,3296598
199707,484128,1777135
199702,83147,1863600
199702,639743,2941377
199702,89451,3694754
199702,490598,2859426
199704,552064,2165117
199708,401019,1925539
199709,170116,3022208
199706,758809,3406812
199707,419766,3068046
199705,17258,2513859
199712,13674,3143586
199707,534045,2330683
199711,725924,3334311
199712,433644,3246741
199701,760531,3074778
199710,763335,2572872
199704,110921,4733204
199711,772843,3348835
199703,647357,2277342
199710,97317,3154344
199701,693129,1837983
199701,339061,1801881
199710,281328,2890956
199702,62486,2424755
199709,227230,2632675
199703,161681,4095298
199708,613036,2536677
199710,598686,4022623
199704,524667,4384730
199704,705365,3329901
199708,713515,3553716
199710,369862,3477330
199710,137373,3173332
199710,733682,3026406
199710,95034,2500542
199706,235316,2252340
199707,66150,2814930
199709,448666,4141551
199710,154617,2708008
199710,548710,3964087
199702,124716,3683342
199706,207390,3502926
199701,395076,2225014
199704,307021,1912098
199708,618412,3216858
199711,415254,2199321
199703,648722,3996290
199703,197600,3946920
199701,266356,2850965
199710,160479,3469965
199705,139454,3830699
199706,182860,3794405
199709,472285,3360655
199710,525334,2854551
199707,227101,2193944
199706,234099,2045498
199709,92264,2611764
199709,246432,2591429
199701,340686,3444706
199706,678366,2937361
199706,481593,2635830
199706,667008,2199532
199701,593629,4418469
199704,262529,3006884
199709,293828,4022556
199704,497728,3416886
199705,684115,2374012
199706,341448,3833792
199710,469098,2679412
199702,701336,3045032
199703,47672,2588232
199707,351051,1989182
199709,200268,2976701
199712,77250,2761312
199705,636205,1910318
199705,441592,2821768
199711,46818,3939055
199710,375384,2889552
199704,316183,2479883
199704,553043,2290681
199704,588015,2810418
199704,108515,3327345
199704,339856,4265640
199705,727133,3016260
199708,209994,4158292
199708,684997,4816162
199702,240342,2333840
199707,439499,3440820
199707,252285,3273816
199707,571907,3601561
199711,18749,2693400
199706,342779,3807478
199706,349615,4241400
199707,799345,2686416
199706,751370,3138318
199703,355551,3547240
199710,107785,3999692
199704,443122,2155762
199712,703946,3264149
199704,69539,3922178
199701,88152,2924484
199710,477283,2567149
199705,590934,4517574
199711,569350,3035946
199708,569769,4192327
199708,92203,2556532
199711,431372,3065479
199711,260914,4094781
199707,493982,3641694
199702,384848,3711033
199705,142808,3614612
199705,524240,2907706
199701,488299,3146087
199703,6103,2346157
199703,249953,4829661
199708,328126,2910665
199706,235308,2952813
199710,766062,2893396
199709,416605,3461594
199705,620584,2378693
199708,265720,3074735
199712,583341,3560800
199712,533596,2972335
199707,318140,2178442
199707,340683,3716232
199704,375803,4191580
199708,372153,2327766
199701,106383,3576264
199702,277455,3300341
199707,56493,3304837
199712,156911,4526193
199703,191958,4575488
199706,309100,2710615
199705,74527,2822857
199706,785376,2637718
199706,397716,2938194
199711,457479,3800846
199709,503076,2709494
199703,479315,2166641
199702,735387,2648415
199702,317470,3427107
199709,9963,4577514
199709,237889,2857224
199710,289301,2781865
199705,555161,2057708
199709,476243,2062920
199704,310104,2408662
199702,475972,5064670
199702,267319,2443970
199701,330065,2575557
199712,204615,3871940
199704,714751,4017013
199704,323420,2818979
199707,211774,3469294
199707,573079,2905470
199702,267274,3250859
199708,552552,4011325
199703,223130,2000928
199705,442829,3299091
199702,140593,2777103
199707,21258,2490576
199712,511158,2417760
199703,390897,4329602
199702,631117,1829947
199711,107055,1854339
199712,54775,3321158
199711,172143,2627132
199709,499781,4054790
199708,715035,2579850
199711,140435,2788562
199701,567334,2446687
199701,589381,2737810
199703,590590,3976228
199706,749699,3427373
199710,27091,2217400
199711,745527,2838344
199708,435181,2259107
199705,574852,4759270
199702,681602,3103797
199709,743283,2801040
199701,317822,4520413
199707,7603,2784035
199704,385742,3860165
199708,686816,4063466
199702,215379,2068387
199709,71750,4183852
199707,267105,2626620
199704,777629,4053151
199704,208173,2558024
199710,665378,3324766
199706,748175,2818114
199704,476254,3038668
199708,580391,2543998
199708,313352,3106148
199709,768541,3516779
199704,795781,3209242
199701,599029,2233440
199703,790847,4844525
199703,22294,2858281
199703,656983,3456990
199705,188648,4688928
199702,176431,2743522
199701,225186,2831261
199708,488360,3260286
199701,649408,3393425
199705,171237,3139752
199702,534919,4906217
199708,155484,3251381
199708,367803,4130704
199706,241209,2645437
199709,372154,2074628
199709,667925,4637580
199712,714960,3290233
199710,339017,2587200
199708,694130,2747300
199711,642478,2505656
199711,651669,3079197
199708,237573,3335316
199712,668865,4401192
199709,745415,3116450
199703,695116,2376600
199711,626753,4031328
199708,239136,2398592
199706,542447,3425666
199710,18499,3087293
199711,372581,3869353
199711,363559,2920572
199701,713785,4468095
199703,183624,3456222
199708,433871,4411053
199710,32962,3714121
199704,534863,3533778
199710,763739,3219622
199706,115108,1851991
199707,201803,3239101
199708,365163,3033530
199711,168710,3379549
199701,114410,2706379
199706,378087,2014406
199712,142221,2779084
199711,537392,3567707
199706,413489,3264926
199702,125310,2732044
199702,482461,3464256
199711,50963,4689202
199712,432200,2391164
199708,492532,3253304
199707,588639,4312114
199703,440289,2195458
199704,610756,3791788
199704,173000,1957152
199705,91595,2743214
199705,232790,3605778
199709,91999,4248772
199705,24294,1967538
199701,123180,2450877
199705,256049,2243226
199705,205198,2488774
199708,477618,2814620
199708,234755,2980701
199710,212921,4720484
199705,227672,4075933
199711,533093,2432311
199703,325371,2387775
199712,221265,2847000
199705,301336,2114302
199704,276354,2876195
199707,338300,3432713
199708,787738,4604415
199704,85699,4366716
199705,514916,4352226
199710,605717,2985731
199705,93177,2285342
199705,261826,4440920
199707,292968,5047485
199703,51177,2233776
199706,589220,2694333
199704,745987,3586123
199712,583778,3768182
199707,514804,4634251
199707,465993,3921857
199709,241986,3516617
199710,120331,2383746
199701,496422,3097785
199709,645544,2859859
199709,537594,2913984
199708,732618,4085185
199711,784250,2801862
199711,693536,2954994
199707,320114,2495020
199703,728346,2932777
199704,405904,3871333
199705,627052,2138179
199702,99410,3382584
199709,133566,3519032
199710,294506,3676200
199704,505800,3488766
199705,25842,4287012
199705,715150,2756673
199709,428608,3687792
199709,195315,2813568
199709,589562,4280791
199709,729140,2718180
199701,362290,2488195
199710,203919,4192670
199709,267771,2955892
199712,432209,2204759
199702,454148,2351924
199712,258542,3235142
199708,88072,2518726
199707,230821,2995595
199707,161058,2719291
199703,319718,3796874
199706,381214,2261419
199705,283052,2285368
199705,15866,3977111
199712,587103,3094208
199701,636231,2128972
199712,709148,2610440
199711,293376,2281353
199711,411733,3669348
199704,551240,2324196
199701,560507,4034693
199701,7426,3384219
199707,155147,2938030
199704,482982,4002623
199704,664184,2925486
199705,700843,4602149
199711,245111,1996029
199711,120727,3768084
199711,249575,2722864
199711,713053,1918836
199709,357437,2286462
199703,312129,2334711
199705,144453,2955966
199708,160395,3274627
199701,680658,3113378
199705,790509,3291709
199712,512354,3467745
199712,350627,3221011
199706,133349,3251263
199701,787052,2280318
199707,716609,2708199
199706,479405,2367289
199706,553410,3187263
199701,246135,2714692
199704,721412,3511781
199710,401359,3024792
199712,682373,3476447
199708,688521,3296726
199705,54640,3262633
199704,375908,5003370
199708,646811,4007738
199712,665314,2309100
199701,108027,2235643
199711,444260,2861274
199708,427706,3087655
199705,254989,3919043
199705,591778,3083217
199711,582209,2761834
199711,626733,2964224
199708,612156,2595531
199712,508512,2969516
199709,160963,4420328
199709,771008,2136360
199712,799652,3258013
199703,786456,3141909
199712,358833,3829043
199703,11129,2271622
199704,533470,3869880
199710,85452,2941022
199710,585332,3472409
199702,484468,2649250
199702,45466,3181430
199705,743833,3565920
199708,788012,2089962
199712,644108,2461843
199704,727751,3041611
199702,760072,2021823
199711,515431,2262185
199709,676207,3162613
199703,471232,3003212
199712,14156,2337207
199712,306775,2918522
199709,342219,2813737
199708,730231,2320608
199708,282610,3188385
199710,142273,3111928
199701,684409,3274419
199701,740204,3137796
199711,562406,3560821
199711,701557,2464020
199706,238518,3483948
199709,115569,3574767
199711,582320,2524140
199709,538539,4131498
199708,132,1857834
199709,728956,4043282
199707,700085,1917283
199704,712562,3075057
199703,108641,3835413
199703,743600,3057040
199706,788454,3748080
199704,80689,3840264
199708,650717,3528810
199704,213758,2953964
199710,222331,2977888
199710,206814,2749838
199709,461034,2498470
199710,238397,2794950
199711,351478,2470077
199706,330278,2331319
199704,82105,1792627
199704,97921,3799461
199707,323535,4039683
199702,580349,3224545
199704,279457,3548006
199704,344878,4038006
199704,46644,3464413
199711,714280,2912062
199701,103865,4251656
199704,210036,2287476
199704,51397,2305746
199705,335725,3521420
199710,11183,2573511
199711,449812,2905191
199712,428623,2917008
199710,253060,2653177
199707,478006,1810523
199710,538379,2738320
199704,771859,4796156
199702,482684,3593318
199706,616602,2965767
199709,274046,2478672
199703,788229,3343028
199712,434999,4223790
199711,770557,3329905
199710,253925,3002498
199710,506642,3915472
199708,692940,5114479
199712,686962,3508074
199710,274355,2525746
199703,42583,3569857
199705,288445,3197982
199706,268538,2407418
199706,731211,3003591
199712,712405,2216766
199712,382110,2522483
199709,408826,2997734
199709,727627,3957779
199709,109901,4643487
199704,465879,4339087
199704,386849,3740023
199712,770890,5188435
199710,506143,2220099
199701,289020,2439786
199710,11042,2012820
199707,64116,2430247
199707,64573,3035163
199703,355274,2924372
199705,134372,3105264
199709,491222,1965384
199703,554542,3033388
199707,523560,3602553
199712,777543,3208609
199705,445492,2483948
199703,6450,3315163
199706,614580,3586920
199712,370109,2386478
199711,791221,3149256
199709,615377,3158478
199706,456090,2739657
199706,322939,3466712
199704,386963,3431616
199703,667596,2532967
199710,306978,4519753
199712,513298,3052636
199705,616174,2943378
199705,87970,3608538
199709,448044,2380848
199709,653945,3178775
199703,554807,3831543
199705,213066,2494619
199711,770559,3250892
199703,13552,2617472
199712,344463,3617880
199701,508954,4102523
199711,394610,3562614
199708,612990,3982895
199712,38944,3835548
199712,241339,2002420
199710,433587,3421260
199705,293748,2978358
199707,76743,4247757
199705,445608,2429799
199708,538057,2737575
199704,249272,2044389
199712,783894,3382140
199702,402016,1689101
199711,463119,2833993
199710,40746,3137336
199706,450268,3124785
199705,646000,1787883
199706,229556,3592035
199706,139719,3102364
199706,422325,2245140
199708,289070,2516326
199709,169236,3197813
199704,208976,3602158
199709,272154,2752286
199705,762828,3573593
199707,482356,3340471
199705,415546,3007808
199711,613813,2906170
199710,194624,3500828
199704,647562,2958678
199711,326901,3244638
199701,397828,5147690
199711,77206,2721360
199707,653247,2328407
199709,218428,3255619
199710,309527,2715013
199710,73307,2738561
199704,766687,4208760
199712,6399,2401917
199703,483143,2648634
199706,579150,1901464
199707,652871,2852485
199712,415920,3271573
199702,714679,3983441
199702,758717,4293594
199708,233541,3981231
199701,355138,3221424
199711,268698,3040024
199703,97300,2983790
199703,547380,2467905
199712,97843,3214106
199712,355289,2625359
199704,726103,2896064
199707,277883,4838262
199701,797199,2462704
199706,195519,3903885
199707,255217,2363155
199706,64331,3357495
199705,436247,1870670
199711,657275,2224193
199710,4281,1853777
199710,39904,3614044
199712,492777,3815581
199712,496820,4087800
199711,571517,3964871
199706,461867,4434937
199704,374961,3461115
199712,308039,1865789
199710,114425,3040055
199707,267038,1588936
199707,394636,3525272
199708,366617,3788100
199708,343309,2885786
199711,642688,3637980
199703,22965,3479510
199710,552159,2637841
199706,156641,3660111
199706,636823,4209417
199706,686911,4277821
199701,595008,2316258
199709,153843,4006126
199708,222237,1891847
199703,354016,1911020
199701,278963,3145959
199707,732733,2881622
199710,510126,2975445
199712,109726,2685158
199712,242176,1932180
199706,552365,3635477
199705,273994,4534225
199709,596495,3241824
199704,382314,2785618
199703,550616,4166475
199703,683051,2019441
199712,358267,2616043
199710,220895,4096625
199711,577203,2760068
199704,267018,1861650
199704,562751,3618391
199704,208253,2647627
199708,190896,3254525
199712,616911,3909835
199707,454791,3971626
199701,104056,2098899
199703,38452,3506714
199702,549309,2170531
199708,535706,4138231
199712,364099,2010965
199710,255938,3674204
199702,709106,2359488
199709,763424,2543436
199706,110659,3105549
199709,49215,2619472
199709,741951,4583716
199702,538794,3482263
199701,400503,2453283
199711,466361,3547979
199711,520766,4599068
199712,102652,4173027
199705,481417,2305945
199703,267670,4023730
199709,259315,2872272
199712,456774,3821496
199703,390814,3504832
199709,509964,4313058
199705,671067,2671889
199711,610726,2798739
199702,390562,3759551
199708,687534,3043000
199709,22797,3405184
199703,693178,3098836
199706,73152,2866882
199712,355850,4295763
199708,137268,2349468
199703,390373,2897452
199701,386424,3057069
199708,554167,2930736
199701,301515,2397586
199701,434787,2868452
199706,563854,4506900
199703,261030,1751132
199703,35325,3014685
199707,397708,3945432
199708,334746,4471413
199702,446745,3890956
199709,295937,4349070
199712,350233,2625468
199712,528171,2118898
199711,285729,3420846
199711,543842,3292641
199709,286251,2061241
199706,638358,2832459
199706,91705,2826702
199707,636045,2030690
199703,391470,2848103
199703,299100,1839876
199711,719399,3297687
199712,760805,4298734
199702,81083,2055802
199702,123846,3365712
199708,176192,2460288
199701,430615,3448211
199706,209414,2779140
199710,572991,5366322
199709,579611,4141945
199711,45139,2621426
199702,646132,2522754
199703,179874,4927660
199702,210828,3748874
199701,202820,3845311
199701,332312,2554170
199712,141500,3745845
199701,369253,2705303
199701,266862,3983235
199710,185660,4320508
199703,705209,3048780
199707,361310,2591757
199710,32000,1886368
199701,319658,3781400
199707,501592,2839741
199710,569773,4378374
199701,401985,4840052
199701,411550,2835368
199706,80972,3163811
199701,523294,2502813
199705,788847,3345079
199705,538453,2893374
199708,412121,2350302
199712,244836,2815476
199702,521548,3941064
199711,514928,3170812
199708,350168,2430209
199710,12865,4560210
199708,53387,3257123
199704,216829,2760125
199704,234525,2522033
199709,774149,2966041
199711,208764,3407391
199703,197953,4339810
199707,391827,3419319
199704,493650,3629135
199706,377149,1986330
199702,384224,2023800
199710,723752,4794444
199709,287396,3436315
199705,341701,2666315
199712,493389,3455900
199702,302344,2277990
199705,96163,2923401
199712,782375,3643350
199709,482248,2243921
199710,722316,2229574
199704,266527,2667408
199703,465227,1974283
199712,292317,3076855
199706,119442,2864422
199706,611887,3664257
199703,677618,3749613
199706,583937,4462169
199712,639521,3191170
199706,450530,3303017
199702,164447,3015322
199702,645602,3782261
199710,164937,4864689
199708,394522,3457714
199708,326150,2234666
199704,511816,4035760
199712,491237,2682410
199710,798502,3386594
199708,530856,3298178
199707,665495,3364899
199706,155494,2449743
199706,433833,2973541
199706,336731,4242528
199701,717175,2659664
199706,740954,4356905
199706,410553,2897789
199707,466977,4986231
199705,257578,3040408
199712,179213,2643861
199711,474479,3075500
199709,169034,2867878
199709,430069,2113968
199712,782604,4047768
199706,54890,3693469
199709,654164,1932128
199702,624349,2633205
199709,224844,2976940
199707,77771,4580028
199709,18175,1967706
199712,616094,2508989
199704,579812,3694665
199709,690797,4029611
199704,609495,3286436
199711,278757,3001094
199711,520947,4242835
199709,643623,4102899
199711,127543,3455188
199703,556911,4345101
199706,378347,3078712
199702,566746,3868344
199711,114952,3328079
199710,40282,2586344
199710,178087,2102969
199701,150526,3771035
199708,493289,2308068
199708,528285,2210216
199705,231807,3286313
199703,584198,3288766
199710,258456,3603993
199704,484217,2010792
199707,331547,4219410
199708,522689,3851235
199703,302969,3549510
199705,82958,3503414
199710,278606,3882245
199710,536501,3179508
199712,696033,2296728
199705,3636,3470326
199706,40699,4017240
199710,202717,2947854
199707,520591,3519668
199701,269608,3180421
199709,295808,3035778
199709,343462,2380116
199701,270468,2433857
199712,396913,3509285
199705,515210,3142612
199701,424884,2962912
199707,605671,2964083
199703,175684,4047264
199703,704689,4298483
199704,183274,3094575
199701,776993,3518932
199706,593045,2751732
199711,2972,2868704
199702,49194,2418990
199702,114170,2924899
199704,653677,3954302
199703,209606,3137271
199709,210364,3131077
199702,92307,3310616
199708,284353,2922087
199708,705846,3888801
199702,682514,3813031
199705,289113,1825077
199703,732349,2113404
199711,187980,4011881
199711,602874,2990421
199704,76542,3125155
199707,539433,3251081
199701,532545,3123489
199705,697709,3145392
199712,286899,3077756
199712,628912,3644942
199708,504426,2663404
199706,740692,4537836
199706,176467,3704304
199706,663557,2682197
199706,135145,2492455
199701,176329,2327209
199712,588827,4004022
199708,662037,2247750
199706,455341,2450044
199704,120324,2661753
199707,473494,3020053
199703,186911,4908864
199707,656831,4601797
199707,615240,2943475
199701,592579,4468053
199704,606259,2546005
199701,298129,2479642
199709,18587,2482701
199709,530502,3153843
199701,125679,4254856
199708,617565,3816032
199705,456209,2081011
199707,288951,4238768
199707,386309,3503573
199711,317514,3721545
199705,57890,4035791
199702,395520,2733442
199702,561106,2490548
199701,466690,4135048
199701,466824,2770367
199705,304201,2928611
199705,362511,3398760
199704,637099,2424380
199706,81717,2782486
199708,119761,4305877
199701,190300,2861237
199705,370937,3397400
199708,496948,3360821
199702,293580,2605831
199707,485953,4191966
199707,206819,3016698
199712,485177,2876321
199710,429589,2769853
199705,514164,3063164
199705,564410,2801341
199707,94488,3202156
199703,583066,1986690
199707,329883,4047632
199711,374793,4109116
199711,733397,3254069
199711,384199,3326002
199712,463653,3763514
199702,595213,3178901
199705,244787,4156248
199705,550379,3144570
199704,313689,2605085
199709,306348,2701888
199711,619926,4164327
199704,717539,3257754
199701,734198,2833968
199710,467599,3828697
199701,513038,2289099
199711,411922,2805867
199701,114958,3515796
199707,718626,3706905
199706,99191,2193520
199705,676303,3108626
199705,211278,2101422
199711,773947,4799661
199711,517727,3109055
199704,385555,4180095
199704,284132,2273536
199708,791337,2605219
199708,698955,3306032
199711,299953,3198915
199708,426074,2400120
199705,352322,2638675
199704,195511,3373671
199710,158979,3562371
199705,47309,2860595
199703,684481,3467254
199703,645536,2814850
199709,372417,3756266
199707,158513,3469894
199707,276310,2688367
199712,159491,4018870
199707,343329,2525050
199710,47605,3195250
199708,563161,2754315
199710,681898,3464581
199707,424801,3246192
199710,449536,2932396
199707,193021,2606806
199711,462551,3229873
199710,3604,3826288
199705,742214,2148067
199709,113914,4303095
199703,209223,2717304
199703,395479,2991474
199712,226830,4260288
199701,344755,2845388
199707,19402,2747190
199704,48123,2416446
199710,134865,3537539
199703,83642,4169766
199703,633024,1705356
199706,57880,3931225
199708,106379,3047814
199709,122286,3108473
199703,260244,2242276
199705,49081,1628556
199709,712432,2357260
199703,628981,4950590
199703,544282,2645888
199701,299610,4128624
199701,335094,2037989
199709,562436,2394459
199709,710700,3250273
199701,112523,3178526
199703,573477,2976864
199709,14404,2971673
199702,274453,2920542
199702,716289,2913318
199704,302163,2260391
199712,16346,3306068
199705,138674,4254272
199705,338603,2900689
199705,221003,2419929
199704,519160,2801636
199710,305114,2548190
199711,30298,2210922
199705,133118,1968398
199710,204815,4003694
199712,663955,3262164
199703,592784,4005005
199712,745794,2971212
199712,154200,1982890
199712,144241,3074294
199710,619636,2520072
199703,130120,2981111
199704,432212,2447422
199710,451972,4986878
199708,270003,1751382
199708,223080,1688166
199710,294225,2865143
199702,192944,3849816
199707,490804,3876724
199703,763604,3490224
199709,334659,2743696
199710,203521,2649588
199705,92418,3300359
199709,488291,2153011
199706,632307,2096844
199708,426995,3182782
199708,498875,3710223
199712,770232,3222945
199707,572588,3513744
199708,127911,5025654
199706,650459,3145825
199706,420970,4680101
199703,317985,3765583
199710,122963,3584657
199712,399204,2757550
199710,640854,4386540
199701,158420,2856307
199709,12027,1746577
199710,353508,2389079
199708,62610,4007010
199712,732636,3340537
199708,627781,3246625
199708,429764,3218106
199705,305238,2830811
199708,147318,3538883
199708,761387,3754123
199707,334926,4923845
199709,15351,2887278
199704,285567,3390769
199701,647146,2656257
199705,407743,2971296
199708,148067,2230120
199709,243467,2572660
199711,105144,1855861
199709,625293,2977427
199710,279664,2682436
199711,657051,2053336
199711,406497,3300961
199708,199847,4993644
199702,608660,3137260
199706,548368,2311466
199704,192012,1950785
199705,168855,3472549
199705,711253,2991144
199712,405484,3163800
199708,624870,3481989
199702,143362,3372864
199701,409083,1979159
199712,41651,3443309
199702,607934,3394621
199704,787000,2641337
199701,363979,3567008
199704,354937,4631214
199707,583700,3895557
199707,269210,2789987
199708,394699,4304832
199702,394972,3408417
199704,780029,1976220
199702,305335,2546608
199712,166347,3047161
199709,632000,1714824
199712,104106,2064786
199701,80761,3845806
199701,533601,3952414
199703,642858,2755254
199703,505391,3049672
199701,501432,2241853
199709,352883,4258914
199712,141199,2331557
199711,441108,2509399
199711,376213,2970316
199706,605288,2863800
199704,46972,4653502
199708,151895,4283158
199708,583812,4709142
199706,269765,4163400
199711,40784,3768644
199710,705790,4202078
199703,334358,3308199
199706,122184,1988990
199711,790316,3202099
199703,736825,4743840
199709,656294,2850592
199708,531369,3591872
199702,789421,3023800
199709,213247,2067529
199709,385526,3625897
199707,251079,1839687
199707,576658,4293209
199705,324380,2148686
199706,90974,4291494
199709,430505,3301604
199709,349115,2737963
199709,468811,3758916
199708,135511,2366160
199709,32242,2254540
199709,377666,3891826
199705,33647,3595956
199711,414873,4119206
199705,620839,3072610
199705,272519,2777173
199704,481965,3403251
199707,740949,4439489
199701,91700,2789613
199701,771740,3614361
199705,563882,3963716
199705,8333,3284559
199710,695304,2715474
199709,440793,2770564
199710,73467,3313058
199702,747821,3401197
199701,106168,2677084
199711,467242,2133064
199703,268936,4000332
199712,798317,2447019
199706,404834,4216614
199704,129790,4367496
199701,670910,4596870
199708,223761,3484063
199706,158795,3169980
199704,781613,3050244
199703,112497,3698250
199711,497689,3400306
199708,176277,3281679
199712,18147,2875878
199711,339621,2720079
199706,49084,2538277
199711,453182,2070531
199704,756483,3135859
199711,504821,3295569
199705,121857,4415297
199704,403096,2153994
199707,80184,2598449
199709,70156,2054097
199709,702404,2175654
199709,550902,3671414
199706,144005,2509208
199710,164315,2437240
199709,569710,4757111
199712,124506,3621163
199706,446630,3586787
199708,593701,3050956
199705,703952,4259993
199704,391799,4087866
199703,715532,3381287
199707,748828,3490829
199704,505278,2007003
199703,213618,2447496
199708,674277,2846571
199709,15939,2901110
199711,284276,1971046
199710,737190,2168391
199701,600065,1910759
199706,308858,3659006
199712,640554,2413649
199710,271357,3478922
199711,73497,2382193
199709,85977,3468567
199703,647216,1989037
199703,585438,2975219
199709,215698,2904624
199703,241094,2214036
199705,549750,3142328
199707,733594,3906144
199712,484148,2689917
199706,53214,2388111
