 节点name: Group[0]-1
120,752,0,21856
 节点name: Group[0]-1
120,790,0,22958
 节点name: Group[0]-1
120,769,0,22349
 节点name: Group[0]-1
120,811,0,23567
 节点name: Group[0]-1
120,741,0,21537
 节点name: Group[0]-1
120,798,0,23190
 节点name: Group[0]-1
120,787,0,22871
 节点name: Group[0]-1
120,790,0,22958
 节点name: Group[0]-1
120,794,0,23074
 节点name: Group[0]-1
120,812,0,23596
 节点name: Group[0]-1
120,691,0,20087
 节点name: Group[0]-1
120,800,0,23248
 节点name: Group[0]-1
120,770,0,22378
 节点name: Group[0]-1
120,779,0,22639
 节点name: Group[0]-1
120,811,0,23567
 节点name: Group[0]-1
120,773,0,22465
 节点name: Group[0]-1
120,798,0,23190
 节点name: Group[0]-1
120,822,0,23886
 节点name: Group[0]-1
120,776,0,22552
 节点name: Group[0]-1
120,801,0,23277
 节点name: Group[0]-1
120,803,0,23335
 节点name: Group[0]-1
120,795,0,23103
 节点name: Group[0]-1
120,826,0,24002
 节点name: Group[0]-1
120,761,0,22117
 节点name: Group[0]-1
120,822,0,23886
 节点name: Group[0]-1
120,781,0,22697
 节点name: Group[0]-1
120,772,0,22436
 节点name: Group[0]-1
120,795,0,23103
 节点name: Group[0]-1
120,837,0,24321
 节点name: Group[0]-1
120,808,0,23480
 节点name: Group[0]-1
120,786,0,22842
 节点name: Group[0]-1
120,805,0,23393
 节点name: Group[0]-1
120,811,0,23567
 节点name: Group[0]-1
120,784,0,22784
 节点name: Group[0]-1
120,777,0,22581
 节点name: Group[0]-1
120,845,0,24553
 节点name: Group[0]-1
120,827,0,24031
 节点name: Group[0]-1
120,733,0,21305
 节点name: Group[0]-1
120,715,0,20783
 节点name: Group[0]-1
120,787,0,22871
 节点name: Group[0]-1
120,794,0,23074
 节点name: Group[0]-1
120,796,0,23132
 节点name: Group[0]-1
120,803,0,23335
 节点name: Group[0]-1
120,823,0,23915
 节点name: Group[0]-1
120,790,0,22958
 节点name: Group[0]-1
120,786,0,22842
 节点name: Group[0]-1
120,802,0,23306
 节点name: Group[0]-1
120,827,0,24031
 节点name: Group[0]-1
120,813,0,23625
 节点name: Group[0]-1
120,794,0,23074
 节点name: Group[0]-1
120,833,0,24205
 节点name: Group[0]-1
120,786,0,22842
 节点name: Group[0]-1
120,798,0,23190
 节点name: Group[0]-1
120,748,0,21740
 节点name: Group[0]-1
120,853,0,24785
 节点name: Group[0]-1
120,789,0,22929
 节点name: Group[0]-1
120,767,0,22291
 节点name: Group[0]-1
120,812,0,23596
 节点name: Group[0]-1
120,737,0,21421
 节点name: Group[0]-1
120,759,0,22059
 节点name: Group[0]-1
120,819,0,23799
 节点name: Group[0]-1
120,813,0,23625
 节点name: Group[0]-1
120,790,0,22958
 节点name: Group[0]-1
120,830,0,24118
 节点name: Group[0]-1
120,795,0,23103
 节点name: Group[0]-1
120,796,0,23132
 节点name: Group[0]-1
120,792,0,23016
 节点name: Group[0]-1
120,791,0,22987
 节点name: Group[0]-1
120,774,0,22494
 节点name: Group[0]-1
120,857,0,24901
 节点name: Group[0]-1
120,788,0,22900
 节点name: Group[0]-1
120,767,0,22291
 节点name: Group[0]-1
120,740,0,21508
 节点name: Group[0]-1
120,797,0,23161
 节点name: Group[0]-1
120,745,0,21653
 节点name: Group[0]-1
120,776,0,22552
 节点name: Group[0]-1
120,824,0,23944
 节点name: Group[0]-1
120,820,0,23828
 节点name: Group[0]-1
120,808,0,23480
 节点name: Group[0]-1
120,756,0,21972
 节点name: Group[0]-1
120,809,0,23509
 节点name: Group[0]-1
120,798,0,23190
 节点name: Group[0]-1
120,795,0,23103
 节点name: Group[0]-1
120,779,0,22639
 节点name: Group[0]-1
120,775,0,22523
 节点name: Group[0]-1
120,789,0,22929
 节点name: Group[0]-1
120,770,0,22378
 节点name: Group[0]-1
120,806,0,23422
 节点name: Group[0]-1
120,778,0,22610
 节点name: Group[0]-1
120,774,0,22494
 节点name: Group[0]-1
120,794,0,23074
 节点name: Group[0]-1
120,780,0,22668
 节点name: Group[0]-1
120,785,0,22813
 节点name: Group[0]-1
120,758,0,22030
 节点name: Group[0]-1
120,803,0,23335
 节点name: Group[0]-1
120,768,0,22320
 节点name: Group[0]-1
120,797,0,23161
 节点name: Group[0]-1
120,722,0,20986
 节点name: Group[0]-1
120,827,0,24031
 节点name: Group[0]-1
120,756,0,21972
 节点name: Group[0]-1
120,816,0,23712
 节点name: Group[0]-1
120,826,0,24002
 节点name: Group[0]-1
120,786,0,22842
 节点name: Group[0]-1
120,792,0,23016
 节点name: Group[0]-1
120,811,0,23567
 节点name: Group[0]-1
120,769,0,22349
 节点name: Group[0]-1
120,792,0,23016
 节点name: Group[0]-1
120,764,0,22204
 节点name: Group[0]-1
120,836,0,24292
 节点name: Group[0]-1
120,764,0,22204
 节点name: Group[0]-1
120,809,0,23509
 节点name: Group[0]-1
120,805,0,23393
 节点name: Group[0]-1
120,791,0,22987
 节点name: Group[0]-1
120,790,0,22958
 节点name: Group[0]-1
120,783,0,22755
 节点name: Group[0]-1
120,811,0,23567
 节点name: Group[0]-1
120,780,0,22668
 节点name: Group[0]-1
120,815,0,23683
 节点name: Group[0]-1
120,777,0,22581
 节点name: Group[0]-1
120,753,0,21885
