 节点name: Group[0]-1
120,18478,0,673476
 节点name: Group[0]-1
120,18361,0,669656
 节点name: Group[0]-1
120,18305,0,667164
 节点name: Group[0]-1
120,18123,0,659356
 节点name: Group[0]-1
120,18243,0,664704
 节点name: Group[0]-1
120,18172,0,662390
 节点name: Group[0]-1
120,18624,0,678860
 节点name: Group[0]-1
120,18318,0,667464
 节点name: Group[0]-1
120,18175,0,662192
 节点name: Group[0]-1
120,18449,0,672510
 节点name: Group[0]-1
120,18340,0,668702
 节点name: Group[0]-1
120,18256,0,665386
 节点name: Group[0]-1
120,18271,0,666038
 节点name: Group[0]-1
120,18028,0,656472
 节点name: Group[0]-1
120,18365,0,669300
 节点name: Group[0]-1
120,18322,0,668106
 节点name: Group[0]-1
120,18571,0,677028
 节点name: Group[0]-1
120,18332,0,668288
 节点name: Group[0]-1
120,18588,0,677554
 节点name: Group[0]-1
120,18217,0,664134
 节点name: Group[0]-1
120,18055,0,657600
 节点name: Group[0]-1
120,18265,0,666154
 节点name: Group[0]-1
120,18329,0,668980
 节点name: Group[0]-1
120,18602,0,678022
 节点name: Group[0]-1
120,18207,0,663124
 节点name: Group[0]-1
120,18472,0,673236
 节点name: Group[0]-1
120,18323,0,668014
 节点name: Group[0]-1
120,18449,0,672460
 节点name: Group[0]-1
120,18486,0,673174
 节点name: Group[0]-1
120,18368,0,668998
 节点name: Group[0]-1
120,18636,0,679286
 节点name: Group[0]-1
120,18190,0,662894
 节点name: Group[0]-1
120,18504,0,675162
 节点name: Group[0]-1
120,18349,0,669010
 节点name: Group[0]-1
120,18269,0,665920
 节点name: Group[0]-1
120,18539,0,676018
 节点name: Group[0]-1
120,18168,0,662184
 节点name: Group[0]-1
120,18033,0,657628
 节点name: Group[0]-1
120,18265,0,665870
 节点name: Group[0]-1
120,18451,0,673112
 节点name: Group[0]-1
120,18856,0,687758
 节点name: Group[0]-1
120,18101,0,659714
 节点name: Group[0]-1
120,18152,0,661882
 节点name: Group[0]-1
120,18259,0,665032
 节点name: Group[0]-1
120,18284,0,666514
 节点name: Group[0]-1
120,18464,0,672436
 节点name: Group[0]-1
120,18271,0,666080
 节点name: Group[0]-1
120,18276,0,666066
 节点name: Group[0]-1
120,18356,0,668354
 节点name: Group[0]-1
120,18272,0,665538
 节点name: Group[0]-1
120,18287,0,666818
 节点name: Group[0]-1
120,18299,0,667090
 节点name: Group[0]-1
120,18108,0,659588
 节点name: Group[0]-1
120,18220,0,663564
 节点name: Group[0]-1
120,18085,0,659528
 节点name: Group[0]-1
120,18066,0,658834
 节点name: Group[0]-1
120,18307,0,667014
 节点name: Group[0]-1
120,18653,0,680200
 节点name: Group[0]-1
120,18275,0,665314
 节点name: Group[0]-1
120,18323,0,667664
 节点name: Group[0]-1
120,18535,0,675220
 节点name: Group[0]-1
120,17951,0,654856
 节点name: Group[0]-1
120,18387,0,670804
 节点name: Group[0]-1
120,18642,0,679340
 节点name: Group[0]-1
120,18456,0,672734
 节点name: Group[0]-1
120,18227,0,664422
 节点name: Group[0]-1
120,18495,0,673714
 节点name: Group[0]-1
120,18508,0,674348
 节点name: Group[0]-1
120,18176,0,663010
 节点name: Group[0]-1
120,18204,0,663372
 节点name: Group[0]-1
120,18314,0,667592
 节点name: Group[0]-1
120,18445,0,672032
 节点name: Group[0]-1
120,18421,0,671650
 节点name: Group[0]-1
120,18258,0,665444
 节点name: Group[0]-1
120,18566,0,676878
 节点name: Group[0]-1
120,18262,0,666136
 节点name: Group[0]-1
120,18351,0,668360
 节点name: Group[0]-1
120,18432,0,672250
 节点name: Group[0]-1
120,18296,0,667194
 节点name: Group[0]-1
120,18371,0,669482
 节点name: Group[0]-1
120,18123,0,660910
 节点name: Group[0]-1
120,18430,0,671628
 节点name: Group[0]-1
120,17964,0,654954
 节点name: Group[0]-1
120,18139,0,661080
 节点name: Group[0]-1
120,18302,0,667184
 节点name: Group[0]-1
120,18456,0,672512
 节点name: Group[0]-1
120,18274,0,665524
 节点name: Group[0]-1
120,18228,0,664860
 节点name: Group[0]-1
120,18677,0,680146
 节点name: Group[0]-1
120,18522,0,674652
 节点name: Group[0]-1
120,18210,0,663612
 节点name: Group[0]-1
120,18343,0,669202
 节点name: Group[0]-1
120,18440,0,672012
 节点name: Group[0]-1
120,18048,0,657120
 节点name: Group[0]-1
120,18351,0,669472
 节点name: Group[0]-1
120,18491,0,673802
 节点name: Group[0]-1
120,18488,0,673900
 节点name: Group[0]-1
120,18232,0,664264
 节点name: Group[0]-1
120,18026,0,657154
 节点name: Group[0]-1
120,18551,0,675990
 节点name: Group[0]-1
120,18567,0,677134
 节点name: Group[0]-1
120,18248,0,664914
 节点name: Group[0]-1
120,18434,0,671670
 节点name: Group[0]-1
120,18534,0,676004
 节点name: Group[0]-1
120,18123,0,660648
 节点name: Group[0]-1
120,18236,0,664670
 节点name: Group[0]-1
120,18428,0,671290
 节点name: Group[0]-1
120,18535,0,675404
 节点name: Group[0]-1
120,18157,0,661794
 节点name: Group[0]-1
120,18358,0,669042
 节点name: Group[0]-1
120,18334,0,668114
 节点name: Group[0]-1
120,18294,0,666716
 节点name: Group[0]-1
120,18537,0,675708
 节点name: Group[0]-1
120,18081,0,659262
 节点name: Group[0]-1
120,18078,0,658720
 节点name: Group[0]-1
120,18504,0,674540
 节点name: Group[0]-1
120,18450,0,672480
 节点name: Group[0]-1
120,18565,0,677544
 节点name: Group[0]-1
120,18227,0,665080
 节点name: Group[0]-1
120,18242,0,665366
