"d_yearmonthnum","lo_partkey","lo_revenue"
199703,427597,3622378
199702,41630,3457586
199705,514425,2850012
199703,318000,1795734
199712,395902,3396413
199712,440985,3274132
199707,65873,3346743
199709,441248,1990754
199703,428822,2836296
199704,169279,2085773
199712,189966,5107004
199712,143618,2990898
199701,169174,3038307
199711,92119,2199997
199708,504429,2580120
199709,204286,2399584
199708,8305,1856349
199703,594158,2164932
199709,164250,2932091
199704,571168,2644324
199701,553068,2307100
199703,503428,2238709
199706,570672,4485581
199702,210247,2041353
199702,154252,2455750
199702,111669,2571409
199707,16848,4359154
199710,438844,3048622
199711,270259,2261801
199704,390070,2067226
199704,99470,2512793
199701,3414,3343586
199701,117602,3299125
199705,304235,2535444
199702,501646,3114001
199702,555197,2649591
199702,546394,3670062
199708,228223,2175786
199701,409265,2416585
199703,235607,2696447
199705,266556,3014629
199702,269383,2190839
199705,290565,3842208
199706,198017,1991407
199708,499954,4040727
199706,107495,2654899
199704,198484,3377012
199705,107739,4669009
199708,16070,2267961
199701,31199,2441210
199704,385361,3127008
199706,24262,1996475
199706,160341,2522412
199705,221258,2253527
199709,92088,2592192
199704,65376,3549265
199708,111729,3376996
199701,341955,3157162
199704,127562,2648206
199709,311328,2643797
199702,345281,3282518
199702,418910,3226161
199703,260448,2647848
199704,258078,2331135
199710,408516,2752114
199711,589945,3217208
199710,201057,1743632
199705,332350,2641651
199706,476017,2097194
199712,307758,3776917
199710,580497,2839446
199707,437067,2066314
199705,414855,3058266
199711,394222,2250719
199708,168972,4775869
199706,429193,2555181
199712,379241,3136866
199705,4540,3627239
199703,214044,2044436
199706,222203,2092853
199705,211609,2949944
199704,333610,3398964
199704,578194,2518896
199706,66525,3691512
199703,569631,3249865
199704,274165,2695228
199704,33726,3380849
199708,270020,1982000
199712,15123,2013952
199705,197542,3698802
199703,83185,2525605
199711,447279,2759062
199711,15595,3398827
199703,108283,2115116
199703,202324,2820513
199705,385918,4761266
199712,343970,3665407
199710,251017,2420000
199708,570364,3617405
199708,498627,3311347
199707,494166,2552308
199710,409727,2954243
199706,582787,4674400
199706,167137,2958547
199707,552205,2544532
199711,357439,3579436
199701,311861,3814995
199709,245860,4507401
199706,584150,2869352
199709,377654,4069354
199712,347100,2638307
199705,358191,2273507
199702,154466,2744430
199701,453430,3150024
199711,363763,4201525
199702,92164,2659168
199702,201975,3310957
199705,114217,2862563
199705,170087,2392841
199708,76497,2949926
199702,541014,2377947
199705,135090,2976988
199710,539484,3363799
199706,110218,2711887
199712,349913,3321226
199711,571359,3329808
199711,172868,3429499
199701,166561,3544825
199706,83579,3712666
199710,216496,2415340
199712,581870,4668825
199707,206480,3156992
199711,217177,1711266
199711,164105,2635151
199705,571900,4217851
199709,261615,2610849
199704,304251,2048551
199711,252413,2089062
199708,326894,4658134
199707,402823,3013246
199707,434754,3276136
199712,540525,3068380
199701,97736,4493828
199707,111552,3217785
199712,455943,3531991
199712,127110,1944458
199709,312282,2156253
199705,192741,4217602
199707,595364,3155093
199708,46940,3685193
199701,17217,2970495
199703,273215,2095984
199708,155586,2836650
199701,576364,3168748
199712,238418,3625657
199708,324590,2852962
199710,364356,3604822
199706,39574,2906054
199712,310332,3124920
199709,54047,2118200
199708,406366,3308084
199703,396617,4349116
199711,457422,2383603
199710,122537,3443442
199705,143068,2402111
199706,196326,3648250
199704,437930,4565172
199710,384259,2498426
199704,55615,3298281
199711,159418,2925271
199706,177799,4234038
199707,41392,2974793
199712,527258,2657855
199704,143431,2771928
199708,536210,2808912
199703,59525,2618693
199703,28044,1827435
199712,278163,1842957
199703,8975,4730648
199709,562138,2376217
199702,411490,2606734
199702,394750,3903469
199702,455099,2630958
199704,459164,1859919
199706,290762,4374864
199710,45975,3200336
199711,394810,4754380
199703,513983,5140175
199704,306981,4920225
199711,48179,2272374
199702,553142,2810922
199712,349151,3110762
199711,46832,4466642
199706,566866,3235574
199711,562273,2511605
199702,133601,2612090
199709,528326,3351892
199710,3104,2492572
199710,415593,2513277
199704,476529,3468672
199704,323594,2796795
199704,180730,4258836
199706,70129,1879495
199706,539406,2636373
199709,320968,3665634
199709,493809,3322523
199709,516274,3032087
199704,310847,3550313
199706,488726,3160192
199707,527193,2630686
199711,382546,3633250
199707,266575,3120117
199707,112597,3479933
199702,462225,2051481
199707,198905,5210140
199712,414950,4460912
199709,305924,3688058
199708,175506,3416040
199710,136459,3589080
199708,494734,4148904
199711,174703,3242524
199712,17784,4070657
199701,170995,3406817
199701,109271,2143171
199711,319734,3472365
199710,447395,2871329
199709,324760,4104925
199709,397687,3323055
199709,66321,2811506
199706,110721,4488618
199712,331600,3323548
199706,1095,2151554
199707,453389,2190731
199710,350145,2782262
199701,6464,3091757
199702,141874,4098045
199712,228224,2189199
199703,473066,2194452
199711,87114,2180197
199701,74198,2436983
199707,456722,4015450
199710,278229,2484438
199710,156930,4720945
199706,49383,2379630
199703,27838,3559913
199703,297461,2800224
199705,267503,2943920
199703,510924,4450270
199707,513783,3636642
199703,43407,3176140
199705,213517,3192876
199710,40045,1832174
199706,227586,3341962
199702,324385,3805299
199701,406057,1646781
199705,68358,3150081
199708,421668,3735654
199705,290074,2212180
199710,592895,4343495
199707,68938,4153293
199706,583876,4280312
199703,416620,3177688
199701,26810,2804948
199707,419004,2076705
199712,297679,4228536
199708,383757,4920298
199708,356742,3847483
199702,547094,2213675
199708,206220,2452885
199707,567722,3608035
199712,87720,4195868
199707,565976,3798027
199707,311140,2762712
199706,133563,3001532
199710,445469,3394656
199710,128973,4654580
199703,235905,4197229
199701,436557,3689019
199707,449255,2739623
199703,503318,2746961
199708,240763,3961218
199705,275355,3097031
199712,78488,3919901
199712,214434,3008325
199710,371906,3419771
199710,506876,4338086
199703,523110,2243518
199705,581704,3117797
199705,349752,4621463
199703,254494,2839020
199711,244326,2427562
199706,300584,3872689
199707,307434,3182655
199705,69287,2611806
199701,65493,3354527
199708,563415,3057310
199703,124604,2768620
199708,376061,2114913
199708,54611,3804432
199704,419106,2611903
199703,145886,3651253
199712,15586,2399524
199712,205948,4579207
199702,241636,2877578
199712,394991,5206606
199707,202348,3207096
199703,595794,3051978
199702,92292,2139627
199711,248665,4269717
199707,1180,2516987
199704,46907,4530931
199704,570789,4106350
199708,10826,2864016
199709,28915,2883875
199709,407075,2190953
199712,217112,1815332
199702,33566,2645223
199711,168105,2346200
199709,355007,2867373
199711,282661,4304719
199702,308626,2648068
199702,515930,4623482
199704,303564,3172721
199707,362618,3823365
199707,3217,2912546
199710,150267,2753073
199709,413993,4462309
199702,73771,4231067
199712,491030,2601533
199704,55384,2917169
199704,237648,3348850
199701,28978,3623243
199706,418349,3097330
199711,216763,3584586
199702,204089,1608773
199702,426147,1696602
199706,501257,2893929
199701,35707,2927291
199706,560072,2499566
199702,19686,2890224
199702,414993,4626827
199709,562603,2968063
199708,210231,2684149
199710,542147,2123768
199712,74222,2985765
199703,540231,2989885
199711,259706,4200870
199711,96586,2421347
199704,409162,2463622
199701,473011,2507206
199705,480330,3243017
199706,565804,4764199
199712,103318,2111453
199710,332071,2829348
199705,264011,2474550
199707,421558,2929469
199706,105717,4091436
199710,304290,3235700
199704,451825,3619341
199704,396246,3245512
199704,299374,2101240
199702,347632,3990777
199711,418283,2935879
199711,466831,2811774
199711,158768,3858117
199712,535115,2649807
199703,81631,3149466
199712,412942,4958201
199709,187679,3731207
199709,432176,2604152
199712,397896,4934853
199702,139811,4647383
199704,583799,4575131
199707,195130,2141527
199708,463351,3280567
199705,124458,2668410
199706,41131,1929834
199712,264312,2519416
199707,409834,3970655
199707,438003,1567672
199707,110976,4196480
199702,112125,2855308
199708,140360,2495441
199710,206355,2608451
199704,398394,3086241
199709,391369,3084259
199705,349806,4776803
199706,192731,4026795
199710,151613,3479034
199712,438380,2755372
199707,136448,3069821
199704,426520,3290787
199711,319353,2607446
199712,2587,3151951
199712,156757,3052541
199707,212732,2906220
199705,575928,3955698
199701,371418,3217104
199712,163065,2626123
199706,19347,2165441
199705,467768,3912357
199705,159615,3697538
199705,560064,2275056
199712,44105,2673106
199708,293590,2828273
199708,365521,3959928
199707,427716,3435312
199704,112996,3702568
199707,219527,2473532
199707,545933,3906368
199711,17389,2816555
199703,189044,2998023
199702,289099,1963984
199705,535510,3554627
199710,80506,2809485
199704,566358,3046641
199704,246974,4241479
199706,146098,2466658
199701,217723,2986092
199708,86473,2921858
199701,229970,5078593
199712,356442,3065787
199704,387539,2765084
199708,349771,4460862
199701,553027,2268000
199703,398379,3152686
199709,44671,3604559
199709,184659,4315533
199709,213767,3751434
199705,341093,2755814
199704,327668,3543908
199704,201767,2703375
199707,335611,2786047
199707,414108,2657408
199702,527124,2393136
199703,165435,2790799
199711,576171,3266285
199707,317305,3206553
199710,7162,1799396
199701,110619,3549290
199702,343253,2203608
199707,80941,4612656
199707,162943,3833351
199710,583793,4504248
199701,39911,4303365
199702,291722,4534476
199711,205761,3150157
199712,62831,2897035
199702,540104,2860200
199705,379597,2930661
199710,466454,2245699
199705,343583,3669541
199703,104005,2597166
199708,320526,3883286
199711,523902,4756923
199711,107495,3533856
199705,325566,4254213
199703,12126,1951665
199711,277055,2507857
199707,406441,2694840
199708,199158,2627443
199701,189453,3325522
199701,469891,4237200
199705,353341,3179072
199710,590397,2855750
199705,399231,3447930
199707,373566,3964431
199702,508183,3023164
199708,251175,2252320
199709,535328,3041522
199703,32715,4284046
199702,335170,2744149
199707,571912,3650357
199703,224367,2404493
199701,188534,3236947
199701,164708,4786290
199703,231817,3819379
199712,447376,2695663
199705,180012,2132695
199704,48167,2097615
199703,11390,2373735
199703,448894,3637825
199710,544649,3780159
199707,227545,2252970
199701,43232,2459756
199709,146961,5258847
199710,210866,4619810
199703,367504,2922971
199704,319097,2706494
199704,570145,2322094
199711,123583,2649250
199705,157761,3928521
199706,262660,3738585
199708,510306,2969527
199707,466966,3672586
199704,189348,3400746
199703,306676,4287417
199710,156540,4267551
199702,584003,2000043
199709,200957,3009862
199712,10368,2881423
199712,244897,4923345
199710,239885,2989137
199710,409625,2915740
199709,296238,3112702
199705,415724,2951460
199710,546203,2298491
199704,401853,4243178
199704,389002,2291079
199708,60778,2910700
199708,283674,4137519
199708,134861,3753802
199704,569954,4122745
199702,304005,2181436
199702,304356,2503025
199710,523376,2928839
199702,16786,3254012
199705,64482,2434425
199705,333069,1761075
199701,15257,2553160
199703,305546,3390093
199712,277761,4129531
199710,321091,1801569
199702,512624,3726538
199705,163319,3115726
199701,461506,2958439
199712,285212,3070818
199703,49227,2705306
199703,13601,2938324
199710,303494,3261511
199702,336102,1843705
199710,567478,2936355
199712,49324,2567013
199707,273465,2200828
199702,353645,3397260
199711,269225,2155549
199705,42483,2654243
199709,92632,2661143
199707,146981,4917851
199704,391198,2609300
199703,151219,3170444
199701,500524,3085588
199710,87261,2300543
199703,477551,3894694
199707,208318,2207340
199707,54704,3649140
199701,567296,2729266
199703,249242,1822581
199703,78040,2296698
199706,560943,4859506
199712,565815,3889473
199701,433895,4038144
199709,40547,2409814
199710,501137,2151027
199705,255960,2931403
199703,591738,4940217
199701,516278,1980202
199703,309482,2748779
199711,435251,2372460
199711,47559,3578056
199702,306828,4403544
199702,423466,2612147
199712,221644,2581723
199708,27716,4438017
199705,172243,2168830
199708,170098,2518402
199706,362979,4410633
199706,305073,2150729
199706,351986,4438698
199701,176543,3724942
199702,71363,2185681
199701,232437,2464956
199702,319269,3047999
199709,8044,2493392
199709,84382,3111247
199701,121220,2189512
199706,575218,2560516
199705,408685,3091700
199705,562834,4916531
199709,205158,2418643
199706,555447,3155082
199707,573659,3825647
199707,119741,3660578
199708,168755,4377000
199711,560275,2980278
199706,215651,4018431
199706,296860,3843679
199710,363963,5472765
199701,87601,3002454
199707,119411,3630380
199702,34204,2378838
199704,239680,4066991
199701,114538,3915480
199706,442686,2574911
199703,431743,4005930
199706,130944,5279014
199701,350830,3910224
199704,255305,2461346
199712,59992,3591661
199706,594277,2523100
199704,103463,2268613
199712,125339,2087424
199710,543907,3687163
199709,478847,3103894
199708,449277,3012896
199702,249646,3510386
199711,36792,4527701
199708,388575,4034133
199710,194582,3485609
199712,60704,3752233
199711,38413,3393390
199711,406840,3049947
199702,154370,3145008
199708,363330,2297584
199712,380935,3749611
199711,572525,3417052
199709,379678,3866852
199710,389365,3926745
199706,243322,2878580
199707,93840,3205552
199707,222659,4071141
199705,261955,4048577
199710,305451,3597406
199708,158651,2831180
199709,5161,2558784
199705,186495,3004831
199703,307572,4094219
199704,482639,2674034
199705,164404,3524160
199709,23832,4598518
199708,44171,2569351
199708,339773,3908310
199708,513077,2302185
199712,307480,2463250
199705,187608,4154220
199707,348249,2953792
199701,562460,2630776
199702,150058,1994490
199708,115826,3683640
199709,566987,3697128
199705,428772,3979755
199711,223234,2937024
199707,59515,2801569
199701,396559,3423656
199705,121445,2730511
199708,582058,1744245
199711,402400,2695926
199703,15228,2400762
199708,473665,2743083
199705,543408,3104501
199706,294387,2362142
199704,271804,3445032
199702,425653,3630849
199710,315690,3639921
199708,455815,4350831
199708,205056,1626079
199710,598485,3496279
199703,263706,3887038
199708,261182,2313776
199709,523721,3334121
199709,418840,2810594
199709,567074,2834368
199709,90242,2883441
199704,180205,2923830
199704,65893,3680602
199702,353016,2009720
199708,60144,1951015
199703,464423,2796998
199712,206430,2135599
199703,333165,1962569
199705,526658,3679231
199702,130972,3911800
199703,195212,3398746
199705,86945,3338392
199702,312379,3104124
199708,6951,3418628
199703,469748,2813625
199704,459408,2727923
199709,51208,2506190
199709,342140,3042802
199712,6462,2654812
199709,281383,2514533
199705,319134,2681004
199704,145004,2605716
199704,476381,2679428
199707,252173,1836261
199704,86079,2423034
199706,494557,3208564
199705,581619,3794016
199707,514273,2013259
199711,536078,1742374
199701,130147,2626199
199701,435461,2387912
199704,323948,3017052
199704,303844,3902616
199711,136667,4599882
199706,518957,4260105
199707,413144,2334120
199711,512368,2650252
199706,511636,2548852
199703,470805,2908727
199711,514757,4207858
199702,215758,3084702
199707,470755,3246098
199712,580658,3237329
199706,114954,4489206
199701,461332,2408143
199712,120222,2981328
199712,369383,3099357
199707,190851,5190565
199711,19475,2384543
199710,158345,2349191
199709,468053,2205424
199702,9692,3315498
199705,329404,2476897
199704,342215,1987633
199704,599557,3374351
199712,556412,2960274
199703,89510,3598824
199710,321785,2959489
199708,381177,3019584
199706,89182,2984166
199709,455273,2287001
199709,256610,4229820
199701,261812,3875753
199712,505593,4272977
199712,432024,1548720
199712,311108,2517952
199701,536233,3134948
199703,235832,3889204
199702,451574,2724632
199702,379637,4588525
199708,392881,4721497
199707,235027,1663315
199704,215456,2578307
199708,125909,4171644
199704,526156,2000163
199711,381735,3342764
199703,172174,2342799
199712,81358,2217963
199704,26743,4418132
199704,65214,2685061
199709,560120,2124180
199706,552628,3788072
199707,396545,2869394
199707,521297,2504713
199709,132209,3049628
199703,181885,4484486
199706,348591,3426722
199708,384370,3490464
199703,7319,2420735
199707,232428,2197062
199704,501536,3985225
199706,475503,2501588
199708,541711,4122326
199702,583322,2613858
199712,529298,2174068
199702,7236,2932384
199706,91927,4889408
199707,480170,2318702
199709,306692,3954527
199701,12556,2848987
199709,373217,3320974
199705,20565,3315769
199707,145829,4319585
199705,70910,4792558
199703,526694,3914524
199707,307264,2074680
199707,576318,2944740
199706,279097,2528788
199706,390082,1983142
199709,233093,1929030
199706,252732,2976900
199709,346706,3030401
199708,208271,2037761
199712,428754,2574576
199705,372974,5029380
199705,368248,2845689
199705,344990,3355682
199707,276349,3170189
199705,332530,2559407
199707,403479,3147838
199711,208049,1914060
199705,515577,2608596
199709,538459,2494718
199709,245778,4374902
199706,103353,2448211
199710,190655,2937928
199710,237864,3218104
199709,205442,2304105
199708,526257,2101930
199705,503300,2736888
199702,226540,3103177
199702,2576,2794497
199702,81172,2237149
199709,495524,3646800
199710,210654,3220029
199711,107960,4118940
199712,48661,3515497
199706,108550,2552904
199712,46404,2226809
199710,126695,4230192
199709,33891,3054865
199701,347400,2663197
199706,587258,3462622
199712,135345,2276180
199707,197492,2621069
199708,60053,1768785
199712,26370,3111288
199710,387815,3219537
199705,533443,3189067
199711,510634,3581960
199708,476279,2259450
199701,306983,4626680
199704,161256,2104965
199708,344281,2313921
199708,359618,3091816
199707,282121,2978397
199708,472714,3305912
199705,71766,2747398
199701,476646,3508104
199709,433577,2637420
199712,88947,3523410
199701,486948,4094290
199706,34603,2430945
199712,581330,2887540
199703,68529,3272081
199711,229345,3440691
199708,542608,4034017
199701,250603,3775223
199709,522783,3678333
199710,453994,4581625
199707,3583,3865108
199707,141613,2700323
199711,530329,2125945
199707,47641,2430619
199702,488355,3248171
199706,353276,3481331
199706,507456,2858078
199712,178886,3106475
199710,190909,4277786
199703,490027,2114343
199711,106487,3400653
199709,174912,5257363
199703,135137,2588063
199703,532004,2486352
199704,446694,3978624
199704,116415,2945841
199707,46612,2411169
199710,146723,4070356
199712,229730,4107807
199709,363052,2980501
199704,48854,3814830
199712,284405,2655124
199702,210395,3088529
199711,91857,4209831
199705,482682,3625629
199702,46095,2298726
199709,599484,2913566
199707,455651,2747337
199702,243090,2024836
199703,336439,2719199
199705,490130,2021798
199701,527273,3042585
199703,104197,2320699
199706,216553,3244744
199701,552941,4127414
199709,281163,2306606
199709,484079,2551320
199708,70591,3794663
199710,240549,2660300
199701,23925,3869789
199711,379362,3107550
199708,121821,3892035
199702,117064,2412925
199705,43396,3314990
199701,372299,3554357
199704,495333,2932908
199705,364135,2367062
199707,21693,3516794
199704,280079,2773678
199711,305474,3096509
199703,38191,1727660
199701,383032,2890131
199701,566785,4444224
199702,14951,4120017
199707,152963,3374717
199706,223237,2348285
199710,261339,3042748
199710,155424,2642244
199706,395730,4651934
199708,186674,4325966
199711,240154,2286752
199712,302789,4121071
199704,172225,3292344
199707,73820,3018999
199712,84675,3983208
199712,360311,3016860
199706,130538,3347243
199709,159506,3888702
199701,343444,3557932
199708,205751,4070610
199705,442965,4029569
199708,250374,2390469
199712,347363,2843265
199710,250843,3099738
199712,325705,3937319
199703,237375,2362248
199702,344413,3147984
199705,4132,2538518
199701,333954,3142933
199701,358356,2367605
199712,572505,2782674
199702,457072,1574446
199704,320125,2356636
199704,507251,3238684
199706,342584,3806173
199706,201236,2292635
199702,392270,2403026
199702,552243,2665562
199712,430808,3199355
199709,401902,3750266
199709,219141,1748154
199705,303145,2686624
199702,53404,3029716
199709,463647,3594903
199711,72068,1976114
199708,579076,2883004
199712,504074,2578695
199703,379556,2976682
199703,583415,3239519
199704,412800,3946245
199704,155351,3645259
199704,456247,2767406
199709,499383,3147633
199707,287167,2627999
199708,574867,3468126
199708,581507,2859264
199706,368812,2877624
199707,437510,3790976
199703,137295,2849768
199704,25358,2541033
199703,533758,3913138
199704,156971,3621954
199705,75513,2652524
199704,390466,4046770
199707,501670,3309867
199709,279217,2698627
199701,484041,2712202
199702,546214,2842988
199702,204369,2201622
199709,58334,2279670
199710,505897,4281457
199702,508163,2810736
199709,520890,4695007
199712,310864,3700953
199712,438577,3200841
199701,446241,2493162
199703,414832,3081372
199704,500764,3882428
199708,3964,3883488
199708,200534,2530493
199704,467529,2587448
199701,412388,2990828
199701,401746,4137424
199704,590777,3160233
199712,522921,3324069
199701,158679,2846303
199701,218096,2518974
199702,251679,2935188
199711,441520,2885001
199703,6265,2410453
199705,41098,1589807
199703,88466,2487126
199702,167633,3826417
199702,573372,2471548
199704,222661,3008935
199710,443643,3466764
199710,163707,3665349
199702,446942,3400056
199704,257883,3887917
199701,415669,2567116
199708,428380,2949043
199703,587870,3459520
199703,437064,1934009
199708,398601,2744837
199709,281845,3123879
199702,530128,2721535
199702,254756,3659272
199703,209238,2893288
199707,30414,3180874
199704,102486,3215116
199704,473873,4343791
199712,23816,2881125
199707,72372,3320593
199705,413924,3061941
199701,143137,1946034
199706,29653,2690505
199707,225383,2798603
199708,293818,3652588
199707,446930,4504584
199712,223907,4262311
199708,517577,3897080
199711,274492,3299580
199707,79460,3562663
199706,538894,4673679
199707,70433,2770370
199709,51445,2639271
199711,299250,1932574
199711,306569,3056567
199712,554097,2783287
199707,201394,3076527
199710,594361,3179917
199701,578283,3071002
199703,116415,2529301
199712,316797,4262383
199705,6847,3065712
199701,259203,2810175
199701,100199,2029029
199707,447787,3903210
199707,256323,2525357
199707,7314,2872521
199709,446015,1601009
199701,306022,2636845
199708,113035,2156845
199702,508465,3462584
199706,494004,1907139
199705,129406,2532045
199709,213084,2566458
199707,531470,2912813
199703,103635,3113397
199704,465040,2188933
199707,599815,5118233
199709,515410,3594833
199705,308649,3355043
199709,327961,3279778
199709,162528,3737722
199710,194772,3983687
199707,282194,2488796
199705,502686,4346610
199707,133435,3436126
199701,127035,2207960
199701,138537,2843831
199708,291825,3886156
199706,72641,3065916
199707,447369,2626098
199701,390029,1893364
199703,455786,3170003
199702,213189,2737790
199707,326120,1831483
199701,95719,2915007
199705,505485,3353535
199703,512957,4777080
199710,270459,3567882
199706,74739,3825045
199703,222096,1661506
199710,493736,3985251
199701,494812,4683199
199711,226890,3270384
199703,439439,2618979
199712,56387,2101046
199710,444995,3926499
199711,132317,3204611
199712,378697,4439200
199704,490125,2256962
199702,467660,3059963
199701,485047,2270444
199701,570010,1670744
199704,221488,3112109
199702,421309,3070778
199701,445298,2954009
199702,477211,3027508
199708,244183,2177692
199711,100355,3155254
199711,55457,2522635
199708,383919,3965742
199703,275454,3473539
199702,73454,2440939
199702,338836,4630805
199702,215687,2506575
199701,347393,2514903
199701,185017,2093819
199707,262350,2164048
199709,524653,3311641
199709,532545,3028838
199711,573282,2466573
199711,350301,2983648
199709,372719,4210495
199701,421391,3241553
199703,203810,4303351
199703,26263,2001524
199711,504719,4123066
199709,531538,3806061
199712,129635,3955160
199706,157487,3654239
199705,153891,4619113
199706,41681,2867275
199704,488289,2467666
199706,489131,2650180
199708,346409,2648809
199703,555220,3060480
199711,503986,4632626
199705,65946,3556208
199705,374377,2507950
199711,22192,2139244
199711,30544,2506718
199704,550695,3316773
199706,253969,4245873
199711,121273,2385339
199711,137109,2046934
199712,446360,3396484
199712,133365,3391023
199712,457269,2942976
199705,440993,4776905
199710,593218,3221593
199706,219442,3308274
199703,27018,2211323
199705,162821,4238595
199711,441012,2470150
199707,171497,2666433
199711,287460,3829952
199705,435079,2399242
199705,361090,1898130
199705,559365,2652121
199702,406119,1672946
199703,56321,2299176
199701,231506,3207040
199709,186729,4720872
199709,159681,4010526
199712,132784,4360272
199708,56396,2923867
199712,293542,2479880
199711,326739,3531440
199709,444197,2282340
199705,215813,3765326
199701,330573,3768366
199706,167999,4563913
199710,99717,3227414
199711,291704,4188354
199710,394554,3115740
199711,35130,1792613
199704,565653,4593897
199708,323491,3116799
199709,464075,1954453
199707,453649,2533742
199708,570596,3464799
199709,382331,3047117
199703,36289,2641703
199701,550516,2960666
199705,116794,3983738
199703,525101,1818619
199702,111838,3699660
199702,562746,3255696
199712,163740,3611087
199701,493397,2536034
199707,286768,4167531
199705,440673,3320891
199701,116965,4756704
199701,375206,2190834
199702,411612,4072556
199707,460935,3753901
199709,467482,2982988
199707,433093,1908490
199712,343084,2384880
199710,532445,3533988
199706,213050,1981936
199707,561923,4912627
199712,320106,2927834
199709,522106,2387017
199705,464741,2725740
199712,372731,3221443
199707,130621,4294212
199705,238542,2931449
199706,33203,2249676
199703,489280,2284668
199711,387111,2230862
199701,211070,1883635
199703,115028,2503248
199704,363421,3647195
199702,525178,2628882
199709,108854,3559906
199704,47584,3928502
199712,154472,4039039
199712,293283,3158768
199712,439312,3344698
199707,328077,2546058
199711,44818,3208314
199707,413863,3752686
199708,110679,3653066
199701,228368,3143648
199711,521982,5009900
199709,461075,1850385
199701,381155,2225052
199705,111317,2190383
199709,79230,2962613
199701,294421,2406197
199710,289045,2259355
199703,204860,3529700
199702,27590,2825752
199711,334826,3349458
199703,486420,3071577
199704,569526,3559560
199710,470296,2826314
199701,483325,3197485
199701,184944,4433233
199712,123724,4107142
199706,377085,2788968
199704,398960,5225615
199710,7012,1985061
199706,429887,3662789
199706,495556,2823784
199709,293499,3086448
199706,245088,1803740
199712,258898,3717473
199701,2932,3713898
199703,482899,3539797
199703,244003,2314443
199703,501955,3127174
199709,231290,2953055
199701,328256,2696904
199710,408944,4076424
199710,115157,2813160
199710,17186,2308955
199703,102069,1889349
199705,440303,2602185
199705,10310,2012291
199705,196587,3798156
199706,462058,2754081
199711,220064,1963179
199711,292923,4088551
199711,442537,3106971
199701,398888,5042676
199707,244455,2896840
199704,421215,2672318
199705,419178,1836629
199706,121073,2461657
199711,203904,4338936
199710,69984,3712562
199703,582711,4125487
199702,346711,2847474
199702,209247,2861669
199705,160202,2934615
199705,313991,3536784
199712,509083,2889590
199701,540752,3201815
199711,360112,1833164
199705,551588,3021709
199708,36326,2908385
199712,260924,4252356
199711,130566,3218664
199711,508012,2651974
199703,3489,2787744
199703,430592,3539975
199705,65083,2169525
199702,89142,2748670
199705,16055,2307214
199710,594259,2365446
199712,472376,2269273
199704,249808,3962058
199711,314824,3975507
199708,461291,2825121
199709,539424,2634120
199704,179927,3835224
199704,45086,2573575
199711,577634,4049669
199704,327685,2928665
199701,270817,2896236
199705,400735,4372252
199701,186770,4344841
199701,178683,3847509
199708,596310,3455254
199703,327667,3187636
199702,382628,2955934
199701,109238,3177942
199709,405050,2154547
199709,74906,3979984
199703,482845,3363188
199711,421423,2056932
199703,540588,3713116
199705,82086,2041100
199708,69156,2916388
199708,79711,3533583
199702,557873,3933141
199711,438306,3258769
199706,93796,4384985
199712,306629,3205795
199709,577865,4196534
199708,506918,4023020
199704,43630,3106345
199712,89273,2641931
199712,205130,2356968
199709,152629,4162009
199711,24398,2356498
199705,52467,2171773
199709,313276,3126455
199703,175584,3883417
199703,556631,3489977
199707,194933,3613771
199711,485198,2983954
199706,50819,4120117
199701,159311,2417226
199707,42097,2363929
199703,161388,2724834
199706,521023,2136024
199711,151869,4108719
199710,499788,3294841
199709,249707,3015175
199702,88677,3098146
199706,125353,2282547
199709,331352,3380882
199702,438666,2926863
199706,101363,3440915
199709,329384,3434489
199711,92970,4416682
199710,144531,2779234
199705,502619,3468581
199706,2280,2610474
199701,94667,3290086
199708,159638,3666880
199703,72310,2363297
199703,197726,3428593
199703,65369,2561971
199704,507415,3494812
199712,235513,3793621
199712,365696,4280882
199701,198643,3011295
199706,37322,3208747
199708,485103,2611392
199703,244855,2915740
199704,467962,4394473
199709,370197,2394970
199705,215524,3145329
199701,14481,3628248
199703,134642,3026335
199710,463464,2232516
199703,199681,3276451
199710,299693,3581710
199704,76720,4029710
199712,368119,2980808
199703,467384,2540556
199701,526968,4358943
199710,81892,3751527
199710,46074,2397164
199702,378350,3470866
199712,225187,2732601
199712,226767,3353625
199705,375253,3177150
199710,558184,2650769
199712,365750,3055890
199706,317070,2259997
199702,427036,1887499
199707,279657,3436944
199705,41324,2910236
199711,528225,2857296
199701,97986,4364756
199702,321140,2757683
199705,453228,2764008
199704,431696,3556458
199709,399390,2455987
199707,499706,3138451
199705,417489,3073115
199708,148251,3402735
199708,463328,2208123
199704,96309,2019299
199704,221503,2421633
199708,283973,4050907
199704,298811,3901928
199707,474746,3680620
199703,96459,2710047
199708,190376,3555947
199708,449110,2414725
199702,107508,3100713
199711,122389,2337245
199710,66541,3802015
199705,89705,3392789
199703,368300,3521978
199704,398675,4079418
199712,470301,3206168
199711,450731,2754640
199712,384003,2077237
199712,259182,2348527
199707,82940,4038174
199703,545736,4053390
199707,96378,2126150
199708,263471,3640659
199711,219940,4063947
199705,156162,2771314
199703,402854,4696006
199701,542390,3388987
199704,492328,2534976
199708,247003,2513673
199707,32775,2858806
199707,422212,2778765
199701,443076,1878109
199703,173137,3114874
199706,513642,2980116
199704,549409,2654251
199711,147449,3132048
199705,414629,3556454
199708,78383,2229940
199701,304718,3762376
199709,502396,3045649
199701,91439,2394539
199710,252837,4429804
199708,584824,4676560
199701,3621,2805300
199703,127236,2104541
199701,440158,2503736
199703,234481,3051753
199704,80872,4817462
199710,557926,4102705
199702,344099,2839410
199705,321144,2275498
199702,351401,2704350
199705,31938,3517338
199710,13376,2424015
199702,275257,2494053
199703,19996,5173173
199705,141899,3429552
199709,7022,1641578
199712,305895,4240863
199703,252831,3321472
199709,101552,2686087
199710,338644,4038312
199705,527284,2195049
199701,309935,3430838
199711,530711,4354225
199705,305188,2028389
199708,453473,2905678
199708,207957,4984984
199708,148909,4937823
199703,73617,3359368
199703,196526,3657160
199704,32200,1976821
199708,33955,3517224
199703,107521,3049397
199701,353420,3819078
199703,200013,2267892
199705,144705,3499400
199712,432528,2608453
199707,29158,2713526
199708,577616,4022276
199706,149148,2068657
199706,119772,3476033
199701,553455,2977640
199708,273958,4497556
199702,406626,2911940
199705,390425,2909587
199710,399353,3803678
199702,121910,3747905
199705,316863,3829254
199708,543913,3487177
199703,190588,3860734
199708,13633,3557249
199702,300573,3582996
199706,483889,4092199
199701,287428,2237763
199702,495233,2886293
199702,334903,3906786
199708,345467,2695185
199708,52707,3311101
199706,444090,1861326
199706,4182,1791110
199710,161596,2620649
199707,285359,2581132
199711,6967,3747920
199710,150076,2117011
199712,168230,2313445
199706,442642,3094762
199708,510017,2310727
199711,217486,3438501
199712,102735,3996779
199712,136488,2881267
199706,525047,2720786
199710,179889,3404193
199703,21641,3094027
199707,71781,3663310
199706,173477,3535071
199709,475345,3135760
199712,179129,1957154
199708,136076,2091803
199705,389420,3187873
199705,568154,2015292
199706,380734,3506039
199706,590611,3130925
199702,264332,2477267
199710,595458,2429564
199703,284673,3282166
199709,425441,3246613
199704,123083,1791849
199712,105696,3369346
199708,58556,3065449
199704,54549,2886796
199710,390215,2041332
199706,375392,2535632
199710,305863,3337766
199710,434511,3396901
199709,111072,2661102
199710,506805,4000410
199704,156785,4724165
199707,501019,2064459
199706,42844,3616564
199706,514673,3842779
199711,93133,2341224
199706,38296,2177287
199703,112730,4349854
199707,89498,3596750
199709,210827,4692087
199709,424129,1800801
199709,522350,2593703
199705,561547,4021300
199704,334359,3649157
199701,134045,2278932
199703,337739,4130874
199706,342196,2574176
199709,225300,2020503
199704,85014,2277742
199711,261749,3376981
199702,260008,2115058
199710,563766,3904665
199706,419678,2847012
199707,529194,2616360
199709,234727,3384903
199711,339702,4420409
199707,114821,4009430
199705,293692,4323769
199704,75389,2273057
199710,472398,3329999
199708,370454,2716552
199708,526864,3743863
199702,256603,2838453
199704,267819,2764179
199710,433356,2126105
199701,224442,2230013
199709,199517,3006708
199707,404364,2168861
199707,432079,2576155
199708,387505,2866482
199710,590549,3115088
199702,280893,4047580
199704,50026,2318047
199708,566067,2769149
199710,101663,4045123
199709,526569,2970895
199705,211258,2979223
199705,396885,3884465
199706,378877,3344520
199704,198078,2953111
199709,544996,3673746
199712,370016,2715000
199706,160868,2983946
199711,300550,3749205
199703,353693,3185944
199701,328854,3598107
199706,450492,3375379
199710,359519,3827862
199710,461442,2582292
199710,451664,3678812
199708,18959,4785016
199708,360021,2726307
199703,66576,2807477
199710,450884,3486234
199708,509843,4552378
199707,302712,4235309
199701,205465,2603855
199701,585427,3696305
199710,241515,2426529
199701,123656,3785931
199708,322010,2702808
199708,361698,3243090
199704,184609,4064640
199710,460353,2990452
199711,513465,3511295
199701,8778,3204863
199707,542941,4811006
199709,567015,2892159
199707,176193,3002903
199704,338027,2066119
199707,245935,3752435
199707,155381,2647248
199707,273159,1834066
199704,277600,3876138
199701,342634,3782454
199703,188752,2982015
199707,382009,2256167
199712,76987,3181647
199705,339121,2481475
199710,414073,2179406
199707,216868,2852190
199701,148536,3850407
199706,586968,4109880
199702,295210,2771960
199703,116904,3146434
199703,56795,3776859
199701,283510,2807780
199711,101057,1946812
199704,279584,2525165
199707,272690,3511580
199704,516773,2931610
199703,489683,2955590
199711,93216,2811413
199707,576400,3215555
199704,181956,4927763
199704,533850,4506121
199701,471157,2053196
199703,84722,3548270
199712,50228,2601509
199707,211459,2525720
199708,152844,4144595
199711,466613,3266592
199709,349161,2299285
199710,575858,4269896
199710,439066,2005054
199710,250173,2880905
199710,21874,3832386
199701,33284,2289703
199709,99707,3968077
199709,562339,3443018
199704,263225,2233834
199706,159599,3025268
199712,180290,2685768
199707,380264,3158987
199711,572584,4099986
199702,444476,2585219
199705,286357,2297111
199707,432843,3036652
199704,317474,3542217
199710,181706,4369138
199704,243094,2099049
199702,390053,2734151
199705,32709,4012314
199702,476857,4538729
199709,77072,1812792
199709,385693,3913096
199709,371327,3087468
199704,288664,3926696
199704,475389,2436746
199702,535813,3094874
199703,105331,2310514
199709,258661,3015788
199701,213397,2724280
199701,360557,4280010
199710,27061,2012678
199710,323330,2545594
199712,52720,3114604
199703,385703,4249927
199701,270781,3328363
199709,36678,4036675
199701,372598,3728734
199709,357261,2451945
199711,137972,4160637
199702,18110,2512700
199707,132020,2297611
199702,7726,3293579
199704,519315,3602583
199711,220108,1665505
199707,41673,3067873
199706,114375,2338309
199703,128566,3402791
199705,87010,2039882
199711,378327,3091682
199705,251057,1838664
199709,217124,2598610
199710,197551,3791665
199707,490675,2698353
199707,317715,3583223
199704,142451,2335755
199705,564748,2989175
199711,160509,4110520
199707,368426,3368400
199701,458808,3148401
199701,277849,3491072
199706,475877,4261555
199706,566113,2228480
199707,563132,2576657
199712,411132,1689838
199703,178611,3081848
199702,581284,2823357
199707,18309,2120774
199706,74917,4493286
199706,157193,3031710
199706,195570,2974708
199701,119596,3418588
199712,347614,4320160
199711,436531,3416363
199706,562730,2925702
199704,22908,4597389
199704,399182,3251609
199705,157537,3635528
199701,563860,4159342
199706,456579,2713316
199703,380910,3079922
199708,391683,3162461
199703,206485,2755110
199704,158561,2670654
199710,578361,2488618
199710,476391,2625350
199704,153940,3948001
199709,456442,3216366
199711,428314,3105725
199711,331403,2507313
199706,192876,4607155
199702,101626,2845079
199701,264424,2449155
199706,202623,2593537
199712,141611,4007579
199704,352390,3353533
199706,511435,2499396
199705,187347,3549991
199705,229328,3017544
199706,195689,4361757
199710,65201,2728908
199710,47431,2980165
199702,358515,3021120
199706,46145,2836964
199707,596454,2503944
199705,155497,3764788
199711,434818,4401255
199704,18606,2410392
199707,234419,2545745
199703,252067,2623034
199709,126149,2467794
199710,321666,3007392
199703,167499,2594107
199701,64712,4527117
199706,172328,2309127
199704,290001,1872971
199701,51043,1571577
199702,216785,3914071
199703,536486,3602140
199702,357635,2772511
199701,164692,3757559
199704,322456,3752280
199708,6088,2314218
199711,581930,4677690
199711,5047,1713672
199703,374721,3469311
199708,183195,2129464
199707,461175,2456356
199704,341775,3597184
199708,427314,2311281
199708,39829,3254628
199701,401613,2998888
199710,488777,4386123
199712,62668,2688958
199712,23764,4092818
199705,461340,2596133
199706,539814,4356406
199701,469790,3959482
199710,280783,3079542
199703,568698,3738273
199707,242290,2895858
199707,379755,3207125
199702,502107,1959744
199709,382159,1983341
199703,471011,1732230
199710,61227,2794693
199711,76348,3015522
199705,559577,3723151
199704,61372,2085390
199709,224144,2029447
199711,182432,3021287
199703,195904,4655767
199709,471035,2172981
199711,370314,2929178
199702,295176,2311869
199702,28028,1835558
199703,506885,4264252
199703,204105,2492452
199709,233239,2588261
199702,223882,3488940
199704,566741,4338528
199703,133305,3312292
199703,492025,2192652
199703,248862,4449258
199703,551748,3801008
199704,546896,4517172
199702,197110,2107614
199708,142773,3834906
199705,59019,2402970
199710,473360,2852014
199701,540139,1884217
199707,417484,3223358
199702,87307,2459170
199708,325774,3840687
199706,598507,2867387
199712,328085,2508859
199707,119950,3971419
199701,136565,3843744
199701,597660,4413434
199710,347457,3574549
199711,431202,2946268
199706,474532,3291724
199704,282902,4557664
199704,330083,1823208
199703,387304,3478225
199703,323675,2874132
199707,186458,3159944
199704,422811,3531730
199710,95519,3413705
199710,359869,4490362
199708,196586,3368525
199711,426893,3974596
199704,168743,3958651
199709,515036,1702636
199710,38531,2592250
199704,340273,2245674
199705,183379,2825298
199712,504219,2226205
199707,17946,3506071
199707,404054,1638231
199704,273964,3643346
199708,350039,2881546
199712,468422,2502720
199708,8887,4399906
199710,545660,2754608
199709,483104,1941524
199711,323511,3682800
199708,95156,2256254
199702,184215,3118104
199703,553388,2629040
199706,254263,3012693
199703,521828,3625608
199708,177037,2751654
199708,294224,2436420
199710,211843,3439466
199708,547036,1851947
199704,596464,2546638
199712,454938,3270948
199703,424830,3299042
199702,281599,3872421
199702,162435,2674409
199707,380139,2979529
199704,84669,3333778
199710,302661,2658512
199710,20002,1825560
199710,455895,4571648
199709,229346,2016296
199703,147593,3773357
199703,393250,3223776
199704,234981,4502529
199707,467230,2894853
199709,425459,2575039
199701,120634,3143797
199705,100513,3541613
199703,13616,3180059
199711,447233,2197551
199707,239085,2355361
199707,154642,3970137
199712,258501,2881033
199709,211460,2394551
199709,389686,2972471
199709,377145,2056844
199706,31774,2667824
199705,339265,2451990
199705,122875,3347842
199712,488184,1813331
199706,432088,2322676
199705,229263,2017287
199706,585085,2837395
199706,117093,2597610
199705,191353,3626762
199701,586103,2711102
199711,362775,4300358
199709,113459,3251169
199705,412276,2541666
199701,446486,2827676
199701,541447,3429319
199712,461133,1841387
199702,532282,2780974
199710,444572,3303045
199712,340382,2748018
199703,154051,2466471
199701,578653,3059790
199709,357585,4301890
199707,426163,1882033
199705,384022,2276168
199709,383585,3398877
199710,574168,2079342
199712,109673,3786007
199712,73113,2739169
199712,429671,4078456
199701,443265,2198996
199708,599039,2674323
199712,127854,4516440
199705,531425,2253050
199704,338992,4728121
199703,274425,2392991
199701,468775,2845800
199701,98816,4311988
199708,301187,2378716
199712,312839,3133279
199705,156677,2808545
199706,254516,2461617
199706,385042,1825788
199712,567597,3828511
199706,318880,4018008
199702,599816,5017454
199702,502918,3319297
199712,300224,2399451
199707,433844,2780510
199707,75159,2495130
199705,267130,1935319
199703,462759,4175195
199712,71872,3053448
199707,550925,4880473
199711,488940,3510634
199704,208528,3568290
199702,118277,3287395
199706,560757,4135335
199708,114918,4824543
199702,577239,2598198
199706,401549,2967763
199705,156653,3939033
199710,544377,2457514
199703,577025,2406768
199706,452224,2705260
199710,592714,3577246
199711,338434,2782873
199707,24650,3807503
199705,442206,2728075
199707,443944,4342216
199708,520224,2105186
199701,444231,1988455
199707,469288,2957075
199706,321326,2182642
199707,210230,2058097
199710,16139,1964652
199704,20750,3800956
199706,95127,2348597
199702,126865,3893447
199712,560325,2931294
199712,287669,3975960
199711,405010,2241725
199712,225329,2555029
199707,328718,2955416
199707,428089,2608758
199707,206857,3592942
199703,265367,3237610
199710,360033,1690901
199709,141800,3254460
199701,282445,3014732
199703,233272,2126078
199703,289241,2921796
199705,208407,2935950
199703,319931,4920220
199709,597001,2167412
199702,443624,3317041
199704,466187,2895584
199710,170432,2934245
199703,273794,4725275
199710,279885,3330657
199709,57001,2207232
199702,199809,3435840
199707,307125,2830275
199701,116822,4275256
199703,530835,3776399
199707,538780,3637520
199706,597824,4756455
199706,14484,2234771
199701,93382,2585714
199712,527810,4142378
199705,353942,4722370
199706,465707,4001050
199706,88878,3435040
199709,253255,2695583
199707,112618,3300354
199710,283245,3216734
199711,24843,4242816
199704,415329,2239740
199710,179602,3262304
199712,478245,2414636
199701,385104,2078529
199706,552371,2395498
199701,401312,2183922
199703,388803,3378736
199711,387338,2850640
199711,585909,5278452
199706,512744,3513440
199708,326974,3781814
199711,340902,3580746
199708,489139,2203198
199711,570567,4172451
199710,470060,1716046
199709,353110,2646052
199703,405505,2397816
199703,267466,2723555
199706,415857,3822221
199709,357082,2921714
199709,427403,3292690
199704,546026,2342320
199702,74701,3428482
199705,84562,3020431
199712,224053,2127993
199707,279296,2350341
199707,163228,2851013
199708,369479,3134083
199712,270502,3061306
199705,279379,2898740
199712,421140,1973683
199708,495917,4590936
199701,160200,1992376
199711,267466,3337071
199704,97163,1972272
199704,414129,1922433
199706,257420,3458676
199704,253758,3450867
199705,241449,3302271
199705,221286,2897448
199712,439586,2463779
199704,590828,3799224
199710,478172,2486624
199711,195207,2474180
199705,590233,3358306
199702,131103,2694621
199703,86333,2742887
199704,565859,3010434
199708,226306,2883558
199704,318137,2425752
199705,85997,3997707
199710,180811,3450661
199701,462969,3338392
199703,547125,2725132
199709,151368,2427105
199712,51788,3288184
199705,318811,4208540
199701,463262,2425975
199706,459121,2138598
199702,222266,2566620
199707,519426,3122064
199705,291931,4549628
199701,85380,2261069
199711,400045,1865469
199706,253074,2314993
199702,315423,2563246
199706,397694,4740785
199710,407022,1641543
199707,107684,3339376
199711,369146,2843404
199712,53667,3131115
199705,295732,3085707
199708,836,3068978
199708,303134,2619924
199711,303701,4556636
199702,74811,3535903
199702,230522,3398873
199709,475408,2444432
199707,540421,3507360
199712,539589,2713180
199706,140104,2745840
199701,375134,1932173
199702,577239,3000958
199702,596028,2289588
199708,386061,2005043
199708,166259,2146905
199709,290695,3944491
199712,74429,2750703
199701,506217,2448826
199702,496118,2339589
199702,4095,2297907
199702,372106,1802477
199704,97123,2150630
199712,127682,3889522
199711,144953,4727149
199709,489958,4347779
199704,168915,3372647
199705,430193,2861837
199707,487044,1752734
199707,423879,4478279
199705,206342,2995992
199707,589342,3647003
199703,479596,3297668
199711,42997,5185593
199712,548976,3770456
199701,496259,2801673
199706,475528,2828083
199703,275203,2126632
199709,219613,3313481
199702,135007,2180906
199708,432785,3246566
199708,167201,3043680
199708,104067,1870070
199709,356626,3069080
199712,386428,3634584
199709,553438,2893335
199706,355991,3807382
199712,230931,4055261
199702,264261,2254460
199701,179230,2922201
199702,555107,2733212
199704,13243,2946099
199712,360213,2841782
199712,537545,3956300
199701,227720,3163603
199704,191879,5002068
199708,69475,2431043
199711,105830,3561510
199709,159669,2862660
199706,285136,2606604
199706,478764,3476766
199706,467199,2099106
199712,292265,3360629
199706,540925,3397075
199705,115145,2111454
199704,62564,3022588
199711,368096,2297893
199710,129300,3094610
199702,424150,2653101
199712,500016,1930381
199712,537710,2881940
199701,282428,3243943
199703,12837,4199592
199702,453744,3123804
199704,127768,2941454
199704,326676,3873551
199710,158237,2792515
199712,498584,3411999
199706,158128,2700795
199711,345592,3465119
199712,351014,2343000
199711,453941,4581916
199712,474983,4135211
199704,547723,3399744
199704,223136,2118240
199706,148976,4232187
199702,212848,3364946
199702,134601,3460929
199710,120357,2380060
199701,297927,4434992
199712,596203,3377868
199701,340067,2191959
199701,418636,4197447
199710,245283,2527779
199710,419310,2684769
199705,578424,2487974
199703,21369,1974250
199703,589574,3027661
199706,597234,2755604
199712,443482,2736883
199705,193252,3450566
199707,383347,3384160
199702,464455,3134101
199712,271018,2417116
199712,50707,4117726
199711,7904,4794287
199710,317837,3794961
199706,536216,2824940
199706,503190,2040320
199710,394901,3257292
199701,125324,3238368
199707,216458,3100736
199703,80117,1790483
199709,455056,2232354
199706,4568,3048199
199705,53560,2724408
199705,491945,3095198
199703,79150,2835295
199707,346487,3491711
199707,266287,2331082
199710,385713,4144204
199706,210562,3598912
199707,130678,2860313
199711,304796,4541567
199711,96692,4258876
199708,174733,4078238
199708,37110,2094220
199707,129691,3799283
199711,247262,2154883
199707,458872,3705640
199704,52219,2840184
199704,9193,2332234
199701,258454,3354545
199701,453397,3143661
199702,289980,4396973
199701,538770,3364275
199702,101657,2896002
199705,321574,3031564
199710,471536,3400942
199712,44040,2025154
199703,70973,4471131
199710,473637,3978206
199706,267486,2848801
199708,249171,2187672
199712,512947,4974276
199712,213600,3405577
199705,296436,2692949
199703,247170,1899172
199711,4171,2786840
199710,420929,3514810
199710,448545,3435096
199710,440292,1990116
199708,567685,3829562
199708,236950,4464500
199705,131900,4172904
199709,38382,2606430
199708,44147,1706542
199706,333127,2697255
199701,562567,3405738
199701,174595,2950165
199702,389470,3371552
199703,374049,2427990
199706,72678,3714007
199706,494295,3223175
199712,65908,4008272
199706,65783,3987218
199711,397554,2981029
199711,85380,3080297
199702,208952,3971245
199708,142193,2015830
199706,168668,2716136
199712,324549,3619119
199702,419982,3149645
199706,484542,2610349
199703,560722,4635020
199710,207863,2868777
199703,588108,2224708
199701,459279,2909887
199701,534652,2948229
199703,256431,2322541
199710,182727,3534383
199706,266317,2922074
199710,58943,3613686
199712,252700,3227703
199706,316103,2215798
199710,448496,3588063
199712,358641,3263289
199701,541051,2594663
199701,28089,2245712
199710,169129,2135049
199704,192212,2869262
199704,546887,3057432
199705,447580,3207876
199701,344855,3197430
199711,17688,3532496
199707,546705,3261628
199711,480770,4396133
199701,393940,3972265
199703,498463,2385070
199703,129440,2568581
199712,102217,2962680
199709,580750,4617101
199706,319001,2447976
199711,84735,3638948
199701,173104,2544890
199702,551814,3358422
199710,50053,1958956
199707,537336,3131146
199709,474876,4847376
199702,194006,2217600
199710,381507,3902919
199702,193331,3332932
199704,455676,3712003
199712,156756,4600759
199712,502892,3410766
199706,566608,4250084
199706,73498,2595708
199708,489690,3436604
199710,38606,3694683
199701,291247,1936591
199703,537991,3652146
199706,31159,2692670
199712,231153,1951452
199712,575669,4099904
199701,61923,4704760
199710,360162,2515184
199704,531206,3240174
199712,93323,2606313
199708,276466,2631028
199705,72806,4347387
199705,587273,2557270
199711,526839,3123365
199703,489605,3520832
199702,165868,4003090
199707,587886,5169539
199704,73620,3078873
199704,131329,2530195
199703,544601,3032803
199701,362928,4166974
199705,91289,2581044
199709,216,2098474
199705,130508,2536986
199704,175838,4702280
199703,28364,3192129
199703,306962,5316165
199702,102274,2552540
199711,150236,2099127
199702,376910,3934062
199710,177684,3012472
199709,2492,2484981
199702,140028,2208665
199703,251359,2439853
199712,549157,2040771
199712,131807,3249159
199702,144779,4333277
199708,375640,3530766
199708,59379,2384975
199703,53930,3042546
199710,569602,3970002
199704,152471,3808675
199711,232488,2613664
199711,407495,2992870
199711,361654,4203318
199709,180478,3896175
199702,208235,2366465
199705,443730,3775889
199710,551202,3007632
199708,532305,2407104
199712,213828,3605546
199709,139982,3649673
199711,8483,2329337
199703,512585,3163168
199709,214427,2319297
199704,439230,2177069
199704,308303,2095441
199711,203619,3642059
199710,415882,3624485
199706,305999,5088639
199706,365644,3303005
199709,505159,2706602
199709,493781,3407539
199705,553362,3311895
199708,263565,2965387
199703,308618,2737567
199701,441329,1965154
199712,398852,4034337
199705,185653,4412693
199705,260997,3062280
199708,225909,4183549
199709,381149,2942470
199707,23054,1594545
199711,215839,3992215
199703,48589,3164339
199710,208437,2825382
199707,98118,2099402
199707,31869,4192402
199710,189038,2620344
199712,339583,3212688
199703,332135,3056687
199708,579367,3124094
199708,306089,2336879
199701,550126,2100514
199701,224344,2539196
199705,164668,3602200
199707,193120,2030762
199708,232026,2093251
199705,216082,1560981
199705,336883,3801342
199711,96232,3283058
199709,360704,4279373
199708,115198,3032975
199712,88744,2768918
199710,221818,2839353
199704,99625,2678998
199708,321553,3394708
199702,44815,4003567
199707,195024,2470796
199706,389129,2653043
199709,147141,3015499
199710,321392,2378718
199712,127972,3331950
199703,548622,3496565
199706,256439,2436403
199706,463349,3295235
199706,97848,4511232
199707,311797,3230481
199708,577861,4513619
199710,298562,3364545
199702,73582,2512261
199707,448765,3393205
199707,561795,4270571
199709,251946,3972367
199709,543227,2337168
199707,491949,4768840
199712,507843,4164345
199712,422274,2512125
199705,170791,3939547
199705,159055,2199134
199705,385214,3020640
199706,540327,2641623
199706,522503,3221813
199710,519933,4798299
199705,530906,3718809
199711,330577,3072047
199710,209171,2457364
199701,215642,3827096
199702,485162,2135974
199701,290163,2546155
199706,234487,3275066
199706,505932,4145189
199705,478100,2091475
199710,350097,2447868
199703,9985,3966193
199705,58772,3937501
199710,113871,3012022
199704,446920,4433887
199710,134310,3192736
199712,219867,4227687
199712,278238,2797306
199711,472694,3446673
199712,535409,3466512
199711,169330,3475935
199711,224742,4455169
199707,529381,2465309
199710,128015,2711826
199708,93438,2336093
199710,51106,1671275
199708,194040,1857557
199704,139774,4004804
199712,163826,3741843
199701,471905,2935440
199710,171235,2351214
199709,349618,3793790
199707,23140,2498379
199710,398341,3039864
199710,164062,2293784
199701,391154,2832693
199710,55575,3379498
199701,569167,2877733
199704,221751,3773701
199711,208480,2506188
199706,514013,2070411
199703,559459,3124928
199703,561692,3402119
199705,233128,1852698
199711,274759,3162341
199711,270712,3998095
199702,451726,4212704
199701,480760,3803516
199705,569191,3150425
199708,213844,2974248
199702,283719,3984318
199711,137220,2269282
199705,408512,2642111
199706,197870,4835056
199712,187237,2383614
199707,157146,2593969
199708,12332,2456307
199705,338910,3369648
199705,83021,1672697
199705,542043,2320857
199712,356419,3393420
199707,188478,3007622
199707,596554,4411866
199703,85127,2732478
199703,554191,3059382
199705,120133,2818249
199701,297359,2416997
199708,324697,4088990
199711,287549,3194445
199707,560544,3321356
199702,14087,1657788
199710,37486,3627027
199701,236728,2745106
199708,182209,3137616
199705,352413,2400325
199712,586401,3654492
199711,403779,2968371
199706,104720,3718496
199708,439992,4358524
199703,48026,2603555
199707,456929,3224889
199710,533858,4682279
199708,484182,2601702
199706,400134,1786942
199709,337567,3838083
199712,480512,2552157
199710,113262,2525014
199709,251477,2209827
199706,382017,2100189
199712,345762,3290105
199701,523698,2721960
199702,332909,4876085
199709,193744,3804121
199709,45528,2771691
199702,322613,2613688
199703,550730,4471362
199703,91694,4323794
199707,347387,2414044
199710,568625,3183968
199707,265636,3107142
199710,586339,3215499
199707,198610,3570994
199709,313015,2498040
199704,451325,2492613
199704,212748,2871402
199706,527320,2061369
199702,121585,3895956
199702,56598,3289512
199706,324418,2998749
199707,334403,2621799
199702,149591,2834939
199702,369475,2841806
199703,446361,2164955
199708,597901,4937233
199710,449155,1745629
199702,129730,3413876
199706,356077,1791367
199711,191698,3937318
199711,463718,3699718
199703,32291,2363396
199705,544775,4059862
199705,386574,3312817
199706,320099,2522406
199708,14089,1791500
199708,597337,2966153
199710,15133,2716752
199702,489013,1618213
199709,115039,2646669
199701,97675,3244979
199702,472585,2693021
199702,512310,2090540
199702,541217,2720206
199704,420269,1880188
199709,414199,2314280
199710,261639,3932723
199703,370036,2167799
199703,186979,4958328
199711,358149,2981611
199701,395972,4367531
199710,468455,3347907
199706,376916,3766581
199709,149049,2042354
199710,72659,2914126
199702,295904,4417244
199708,382900,3390741
199711,174431,3424853
199706,67471,3417804
199708,434258,2378498
199712,274753,2849043
199704,44212,2903243
199711,286608,3520854
199711,244838,3082495
199704,405646,3953527
199704,349268,3098172
199704,277433,3317307
199708,119786,4108149
199706,29503,3597007
199703,539993,3386928
199703,321340,2994926
199709,205333,2882808
199702,60424,2658086
199702,130547,3227646
199703,108808,2943216
199704,592665,2868468
199705,226459,2237485
199711,373348,2984793
199705,532763,2930647
199706,58980,4013688
199708,415773,3298128
199709,464377,3512995
199701,433404,2238774
199709,552559,2575224
199707,342355,2654946
199707,567662,4107895
199702,92693,3799545
199711,531354,3026946
199701,548866,5014965
199709,586260,3489454
199703,405214,2326796
199710,78446,2734924
199707,580494,3074939
199707,243541,3711325
199701,535677,3416736
199706,282653,3434844
199711,225418,2901744
199711,194290,2865480
199702,90889,5075676
199702,183277,3253765
199708,183033,2464194
199708,573429,2734368
199712,339290,2449863
199710,381598,2598310
199709,337181,2945535
199705,328523,3103020
199706,188741,3403316
199703,542560,2855726
199712,7941,4470736
199711,269220,1947925
199711,170917,4160695
199710,264512,2923470
199705,87450,3208388
199708,265491,3313492
199709,6029,1795238
199705,180363,3624276
199712,318099,2101227
199708,294587,3416191
199711,75598,2775812
199707,311520,3752199
199707,421341,2081565
199708,280480,2284175
199712,335957,4400411
199711,158913,4353977
199705,458993,3864900
199705,493917,5056214
199709,462327,2906082
199706,531270,2201715
199702,537518,2603890
199702,309974,3571128
199704,24157,2889913
199710,154418,3251081
199707,128825,4402822
199707,491149,2412493
199703,154980,3744363
199706,589884,3053561
199712,471995,3363518
199710,262991,3200619
199706,1138,1642864
199703,258079,2099009
199710,580990,3485442
199710,512144,2526122
199708,511818,4281708
199710,208409,2517532
199702,554230,3293998
199711,397871,3662079
199704,86716,2663038
199709,133379,2796492
199709,518505,3619788
199706,535640,2960820
199711,90516,3132034
199710,62304,2646567
199704,257732,3406475
199707,514084,2348750
199705,225239,1840631
199705,389371,3666963
199709,158436,3623992
199708,56246,2682197
199704,126479,2774581
199703,111316,2053348
199703,523579,2983948
199712,194555,3167136
199711,8315,2874778
199709,359034,2312830
199703,129990,3646081
199711,369854,4674931
199707,451623,3971141
199709,28834,3405787
199702,38851,4349335
199712,520591,4148181
199708,129629,2836240
199709,422195,2597420
199706,154114,3153897
199706,585108,2716643
199701,82694,4097830
199703,387959,3463422
199704,363756,3079000
199701,428500,2545551
199706,561742,2821018
199702,44870,3266766
199709,327015,2228838
199708,77019,1523895
199702,249572,3079637
199707,186477,3233255
199707,1349,2588203
199707,27306,2343270
199708,231053,2195393
199704,363653,3869306
199705,334489,3327258
199702,88579,3605411
199712,106626,2775454
199704,309359,3147182
199709,116521,2352405
199710,5072,2296114
199710,51431,2326629
199707,113756,3026272
199705,121206,2672841
199708,548232,2189159
199708,310972,4283193
199712,418644,3600276
199705,83153,2894910
199709,553398,2220596
199707,369079,1963182
199712,46874,3182880
199704,276126,2534853
199706,295965,4659217
199704,145353,3053996
199704,167018,2567133
199703,326179,1884870
199708,372916,3245884
199709,434669,2726188
199709,167049,2678496
199710,519829,4710742
199701,257486,3325754
199703,433330,3218913
199705,304458,2486148
199706,44628,3852919
199709,220421,3185848
199706,84893,3800849
199705,444209,2758406
199708,332870,3935114
199703,243742,3961465
199708,332448,3479010
199708,441634,2517824
199711,377797,4728195
199702,212741,4420420
199710,308957,4250362
199712,448668,3071616
199705,10153,2449497
199701,37526,2463104
199711,434416,3370573
199701,404371,2350470
199703,191554,2741486
199712,239206,2267476
199706,249617,3070536
199702,395450,3263969
199706,521456,3829498
199712,372283,3417990
199710,518571,3624174
199710,186621,3613323
199708,589765,3026935
199703,269594,3152177
199701,29891,3033602
199701,264272,2038592
199702,64983,4049850
199705,27061,1820994
199703,37302,2671930
199711,199957,3743649
199710,235927,3427754
199710,348076,1986214
199710,100988,3076952
199712,417722,2866195
199705,393344,3570327
199703,257675,2853889
199701,132220,2186376
199704,500518,2854761
199703,186643,4529927
199709,75907,3434409
199711,375778,3381258
199706,486883,2924461
199711,186547,3961334
199709,212049,2323770
199709,464024,1629212
199702,345929,4621289
199710,21334,2892280
199701,83884,4258766
199705,533268,2342232
199707,33241,2565714
199710,446577,2550422
199709,305949,5014395
199706,583171,2919661
199708,144456,2484745
199701,597757,4052585
199710,537921,3573033
199702,455979,5224365
199712,110514,3041397
199711,54614,2997613
199709,429192,2690808
199711,433716,3642515
199706,229173,2382869
199710,43155,2663013
199710,44566,3013567
199708,165776,3713008
199707,238978,4813486
199705,6927,4291372
199705,16578,3575011
199711,364052,2742110
199708,431589,2828241
199710,249858,4035098
199708,553504,3205293
199707,357250,2886385
199704,375827,3767563
199706,220354,2324396
199706,126039,2191831
199706,219595,3065509
199704,82827,4300132
199704,435522,3151115
199708,494124,2039414
199711,379563,3449355
199708,117874,3098883
199706,363499,3234333
199704,38638,3372411
199708,577839,4508337
199703,107792,4139517
199707,366737,3896035
199712,98397,2277276
199701,66755,4304375
199705,118679,3458153
199712,470839,4072072
199710,170146,2400660
199711,537710,3088168
199704,439511,2967702
199708,322648,4285165
199705,72243,2187432
199703,315424,3692086
199703,305075,2186041
199712,383365,3754123
199702,155824,4417577
199712,65568,2852421
199707,599427,3791577
199712,524358,2363784
199701,456919,4689725
199703,593152,3050568
199703,591827,3530592
199701,78149,1724524
199712,174196,3292332
199703,117927,3893729
199706,193110,2165598
199710,271338,2215369
199701,418388,3102605
199701,436794,3461540
199707,81650,2551900
199710,320863,3876963
199706,259222,2893964
199705,263723,3204749
199706,128772,4307441
199708,40035,2500951
199712,240717,3411546
199710,5295,2820681
199707,313011,2334720
199707,569616,2914385
199703,265546,3372223
199710,151201,2096182
199703,596157,2309518
199703,25559,2820645
199705,212402,2397447
199712,409336,2032345
199707,309650,4212166
199707,475582,3255300
199710,416433,2748748
199708,574823,4091656
199709,150748,2946336
199712,267531,2937099
199711,38307,2864190
199702,81648,4004025
199704,16195,1700120
199707,463279,2484500
199704,259091,1738932
199704,317756,3235301
199703,1717,2504144
199712,333138,2065855
199712,139060,2665220
199705,216313,3042517
199712,322121,2772041
199708,43939,4552924
199707,124601,4142028
199707,128740,4489062
199712,151401,3381187
199703,519720,4697190
199703,121188,2669869
199705,118587,3692834
199711,146953,3455913
199708,387698,3692786
199704,517789,4439209
199712,6963,3887646
199703,139781,4497326
199703,219980,4326231
199709,78817,4622414
199704,594539,4101743
199711,156076,2608289
199704,77858,3383471
199709,169216,2776053
199701,562154,2213356
199711,177974,4770830
199706,181039,2993840
199702,65652,3494124
199702,235248,2694214
199708,226337,2018785
199709,338221,2243912
199705,250662,3115639
199711,35110,2586647
199712,293104,2624239
199704,265478,3152516
199704,537140,2544933
199701,67300,2448423
199703,211264,2115450
199703,502855,4016628
199703,423920,3319020
199706,595772,4856150
199702,269606,3623857
199712,516520,3318840
199708,274949,4713628
199704,115695,3233204
199709,59754,4099290
199703,331852,4379928
199707,597638,4295634
199707,71816,2928432
199703,274950,3541889
199703,247821,2946837
199706,174716,3647676
199702,408298,2854034
199702,48331,2444799
199707,411958,4394335
199710,38628,4187575
199702,438028,1893360
199707,448743,2984194
199707,10265,2676067
199711,39447,2634236
199707,549469,3644256
199707,319978,4087826
199704,351511,3368750
199703,195218,2009211
199707,27243,2317075
199704,197856,4448916
199709,347297,3091844
199709,209375,2656056
199704,428390,3381619
199710,40761,3519239
199707,205466,3458796
199708,443896,3096501
199710,120970,3663384
199710,327085,2275295
199711,460698,3662343
199707,172935,3252846
199712,47054,1693776
199701,413386,2629904
199702,363802,4664475
199702,309641,2971134
199711,315284,2779138
199705,16732,4451571
199705,1050,1716645
199712,107743,3659046
199708,244053,2201464
199705,256384,2742397
199708,298117,1826533
199712,67145,2288784
199703,257694,3303360
199708,167481,3065990
199710,431027,1839360
199712,428137,2013057
199701,10412,3046832
199701,67744,3219782
199707,302689,3890841
199706,93579,3399896
199703,151685,3476833
199711,116696,4110456
199708,336108,1789356
199708,558895,3595120
199711,466553,3938621
199701,367362,3679146
199711,528929,3864894
199708,528606,2919359
199706,213355,2217058
199706,244864,4514889
199705,216908,3613282
199708,536248,2454144
199706,347132,2546899
199704,1020,2227026
199708,450920,3199239
199710,589022,1756491
199711,530085,2256881
199702,374134,2725518
199710,313859,3520939
199705,87053,2522121
199712,18471,3268033
199708,581115,1911351
199706,297066,1856085
199709,529695,3276873
199706,542166,2111828
199711,184273,2247639
199709,116697,3907213
199705,401127,1572993
199712,104854,3669369
199703,77071,1949410
199707,23332,2706491
199703,246355,3513618
199705,473070,2399015
199706,8806,4012632
199709,4219,1833078
199710,2009,1713591
199710,512729,3716787
199707,370745,3813033
199708,373326,2472580
199706,295245,3147703
199701,509620,4311921
199705,47755,3575775
199707,271394,2857740
199706,127521,2703715
199707,469814,3531904
199705,577276,2841825
199708,355346,3468291
199708,340043,2137901
199702,209404,3244073
199707,101670,2614491
199710,232045,1934519
199708,274916,3630528
199703,165189,2538460
199708,517564,2974876
199708,119223,3100581
199707,93619,3634822
199704,518085,2084783
199707,365511,2546047
199707,336421,3410339
199707,488313,3281853
199702,366769,4543481
199710,515845,4372927
199701,383682,3114641
199707,541019,2098780
199711,2810,3156708
199704,287755,3834028
199704,344092,2791348
199707,174455,2997722
199705,14591,3011180
199703,474422,3041359
199702,357238,2284768
199710,271735,3840120
199710,317649,2804938
199710,268850,3492172
199707,256526,3642527
199707,309143,2167156
199701,492349,2548508
199707,543200,1965467
199704,514475,2493339
199703,48292,2087408
199703,200610,2413938
199701,313941,3735871
199705,568438,3916666
199710,387201,2696181
199706,94849,4286928
199704,492519,2720682
199712,288459,2857246
199701,154935,5372811
199704,135932,4624635
199712,70457,3077582
199703,264159,2297944
199711,575561,2769025
199701,217972,4309108
199711,339027,2059531
199711,410996,4462309
199711,268070,2606568
199706,442985,4530706
199708,316782,3930312
199708,552548,4234975
199711,517220,2694621
199711,593790,3876798
199702,254274,1920998
199711,400189,2156536
199703,207982,4086115
199703,380517,3163050
199701,279205,2641927
199707,333159,2061210
199706,336097,2610616
199706,493160,2825193
199710,46253,2374515
199704,68610,3675004
199711,22558,2672392
199712,481647,3257240
199706,552032,2071543
199708,328966,4588385
199702,467755,3764165
199702,344186,2350854
199708,185953,4361314
199703,172740,2896758
199711,467902,3612608
199704,421856,4464131
199701,133104,2005844
199709,112079,2010842
199703,167713,3012961
199703,566282,2847525
199705,521798,2907992
199706,104524,3735702
199706,436577,2444383
199712,250945,4811870
199705,160917,3417828
199712,332236,2625215
199701,299246,3019682
199702,255953,4260754
199703,326018,1668312
199703,101300,2602600
199706,429244,2787570
199703,201397,2442252
199704,439115,2295808
199704,569354,2839543
199702,489613,3966410
199702,268586,3068721
199703,567303,3514768
199705,508161,2020273
199711,491847,3971851
199707,411495,2894515
199712,549603,2857310
199706,280674,3847084
199705,506189,3162393
199704,180507,3756025
199703,477676,3613225
199709,25250,2350500
199703,445299,2943942
199706,148235,2263617
199704,129721,3946122
199707,192871,3888462
199707,49904,3698530
199711,440979,4415885
199707,301242,2864401
199705,477849,4293027
199709,62066,2343976
199707,314904,3609432
199705,480139,1953966
199712,596996,4144080
199706,41442,2241172
199712,314864,4419055
199703,338911,5019042
199707,578626,3724551
199706,311856,3111821
199710,144673,3832121
199704,378503,4227322
199702,181168,2230999
199711,137697,4543153
199711,73209,2664678
199711,33616,3796544
199711,446649,3250277
199701,310742,3030470
199703,451743,4163927
199711,362552,2644616
199706,352833,3469908
199710,320755,2807444
199710,228668,3640362
199706,89059,1697841
199706,265470,3720712
199712,284634,3803757
199707,194265,3262224
199707,530826,4055251
199707,180367,2778931
199706,11925,3008874
199706,199183,3219553
199706,469197,2857116
199705,544053,2371778
199703,327540,3871799
199712,19180,2849074
199706,557982,4844905
199705,413489,3032118
199705,445933,4009593
199701,338514,3129840
199708,494927,4612560
199711,350695,4058706
199709,549591,3281140
199709,572174,1927794
199712,479824,2790478
199710,345355,3402826
199707,578897,4552404
199711,252763,3829554
199702,5150,2592503
199710,13097,2398963
199707,25979,3505144
199705,473927,4197187
199712,548141,3060794
199712,428206,2222992
199705,457650,2732971
199709,40767,3996158
199705,544180,2467906
199702,393004,1796869
199703,369431,3510982
199703,365385,2755703
199704,389290,2693733
199703,233349,2179961
199704,546430,2790414
199705,272034,2515050
199707,23312,2067908
199704,217768,3469273
199708,46583,3196822
199706,395784,3970074
199710,139301,2897728
199712,528722,3060223
199706,19913,4431976
199704,303765,3454368
199709,164002,1940120
199701,388823,4821584
199705,336112,2617668
199704,406439,2930302
199708,311780,2802328
199709,502296,2008423
199703,506727,4204222
199701,122850,3416078
199701,150014,1627935
199706,475808,4058099
199701,395035,2278120
199702,221371,3101664
199709,598457,2631787
199704,51684,4239682
199709,18672,3548784
199706,498430,3256774
199706,126271,3222418
199708,407834,3971326
199704,412880,2864990
199703,474856,3441960
199710,448672,3369331
199705,519167,2732866
199712,430543,2917569
199703,260307,3064307
199704,519340,3534232
199706,593582,4095068
199702,322102,2507844
199708,532215,3242694
199708,13752,3747937
199708,288878,3173662
199709,512267,2855263
199704,102737,2880992
199702,167034,1962035
199706,63391,2959342
199702,136208,2174861
199709,512784,3676170
199707,579935,3828329
199711,152569,3235012
199708,249589,2830968
199706,599950,4431948
199711,409566,2257576
199712,414953,4791240
199708,525223,2205569
199707,248061,2076624
199703,123310,3035946
199702,1476,2727390
199703,156166,2698529
199710,478906,3769760
199708,384384,3073298
199706,559359,3368533
199709,583705,3505812
199709,487835,3970080
199705,358187,2520224
199702,146709,3834448
199709,460910,4697804
199711,514707,2634170
199707,423593,3421381
199707,311803,4355496
199710,530670,3979521
199702,312985,3560382
199702,134591,3439748
199702,576098,2535991
199707,386060,1928802
199707,107057,2223864
199707,52818,4558064
199704,570866,3385596
199701,19679,2445965
199701,205785,3246278
199711,312952,4338587
199705,176254,3340257
199703,318045,2372682
199704,130795,4732447
199707,51874,4652316
199709,279402,2624641
199706,566343,2945478
199704,133012,2150630
199705,373826,4494950
199708,7913,3148353
199709,16177,1728301
199711,35089,1986715
199708,164955,3296558
199706,249598,3336582
199705,548603,3725964
199704,416323,2342277
199705,256178,2504225
199712,367561,4234230
199710,391694,3035656
199712,493611,3810901
199705,437110,2586312
199706,275265,2332910
199707,195799,4168538
199705,44282,2933261
199709,21677,3055058
199709,431390,2537030
199705,496506,2554216
199702,271949,4287515
199712,146716,2936674
199710,164082,1753502
199708,330493,3961048
199710,172581,3194716
199712,219251,2176646
199706,468952,3832255
199710,315804,3923467
199710,48268,2400897
199702,247734,2715977
199707,464610,3700286
199706,460169,1951153
199712,111331,2320888
199705,276245,2686706
199704,339184,2556425
199704,303837,2847748
199705,165240,2603953
199711,339334,3000704
199706,357181,2392144
199709,562086,2726642
199701,323896,4031748
199707,521766,4204764
199707,12529,2547165
199708,392696,3255397
199701,380808,3114614
199701,274013,1975974
199701,115031,2309634
199709,84648,3755072
199703,52772,4010090
199712,57501,2494035
199703,593415,2470742
199709,441889,3130770
199706,14549,2555340
199705,440703,3471452
199711,106928,4740554
199707,565772,3679175
199709,542079,2609804
199702,285607,4016511
199703,220631,2584998
199702,92224,2877576
199701,546537,3423548
199701,368747,3311891
199710,327868,3241903
199709,337434,2966382
199709,447820,3733593
199701,452539,3327558
199711,145080,1988016
199701,208518,2755998
199706,589243,2584506
199706,400188,2761750
199702,581329,2301609
199704,54459,2954110
199712,245292,2138019
199712,18918,4000789
199701,409552,3495979
199702,66305,2466322
199710,435430,3379389
199710,58951,4679377
199703,488954,3252464
199703,135317,2183980
199704,581604,3644223
199705,69890,4871051
199711,58146,2404816
199711,333144,2854540
199704,109222,1883766
199704,460307,2581449
199701,593576,4327473
199701,279908,4259079
199712,276372,3041900
199703,534090,2225658
199711,276017,2184600
199709,503288,3021548
199704,580113,2104610
199705,263227,2682733
199712,530742,4077256
199706,479436,3385660
199706,267684,3418956
199707,12797,2831412
199705,82671,3461131
199707,39820,2991694
199712,32901,4902014
199703,587356,3355742
199704,411512,2461214
199708,302922,3364742
199710,58855,2991038
199709,301915,4100249
199704,197207,2849677
199710,550407,3497712
199706,106292,2030525
199709,144029,2018350
199712,464565,2936716
199706,502796,3971684
199701,575190,2851693
199708,580892,4261399
199711,64866,3874099
199709,179321,2268518
199708,445413,2374465
199701,20387,3229228
199706,182298,2622551
199711,230241,2693829
199711,331287,3274582
199710,473483,2475982
199710,87125,2732478
199708,275954,4817130
199710,418446,2483244
199712,119602,4054000
199705,333854,4740366
199712,105988,5383746
199708,526702,4179948
199708,559473,3792813
199703,480275,2656109
199711,160330,3566196
199710,449653,2923197
199710,92603,3523084
199707,8643,3686696
