 节点name: Group[0]-1
360,18486,0,673780
 节点name: Group[0]-1
360,18110,0,659106
 节点name: Group[0]-1
360,18340,0,667650
 节点name: Group[0]-1
360,18209,0,663084
 节点name: Group[0]-1
360,18496,0,673084
 节点name: Group[0]-1
360,18533,0,675030
 节点name: Group[0]-1
360,18090,0,658884
 节点name: Group[0]-1
360,18254,0,664928
 节点name: Group[0]-1
360,18554,0,675876
 节点name: Group[0]-1
360,18467,0,671974
 节点name: Group[0]-1
360,18192,0,662666
 节点name: Group[0]-1
360,18080,0,658126
 节点name: Group[0]-1
360,18198,0,662604
 节点name: Group[0]-1
360,18551,0,674960
 节点name: Group[0]-1
360,17795,0,648382
 节点name: Group[0]-1
360,18412,0,669682
 节点name: Group[0]-1
360,18268,0,665226
 节点name: Group[0]-1
360,18310,0,666626
 节点name: Group[0]-1
360,18264,0,665074
 节点name: Group[0]-1
360,18192,0,662258
 节点name: Group[0]-1
360,18343,0,667520
 节点name: Group[0]-1
360,18424,0,671098
 节点name: Group[0]-1
360,17860,0,650170
 节点name: Group[0]-1
360,18367,0,668310
 节点name: Group[0]-1
360,18219,0,663566
 节点name: Group[0]-1
360,18164,0,661414
 节点name: Group[0]-1
360,18173,0,661994
 节点name: Group[0]-1
360,17986,0,655380
 节点name: Group[0]-1
360,18275,0,665046
 节点name: Group[0]-1
360,18135,0,660650
 节点name: Group[0]-1
360,18377,0,669192
 节点name: Group[0]-1
360,18200,0,662588
 节点name: Group[0]-1
360,18536,0,674374
 节点name: Group[0]-1
360,18024,0,656532
 节点name: Group[0]-1
360,18209,0,663118
 节点name: Group[0]-1
360,18451,0,671744
 节点name: Group[0]-1
360,18127,0,659756
 节点name: Group[0]-1
360,18342,0,668680
 节点name: Group[0]-1
360,18358,0,669090
 节点name: Group[0]-1
360,18190,0,662102
 节点name: Group[0]-1
360,18045,0,656266
 节点name: Group[0]-1
360,18117,0,659698
 节点name: Group[0]-1
360,18321,0,667346
 节点name: Group[0]-1
360,18558,0,676346
 节点name: Group[0]-1
360,18340,0,667398
 节点name: Group[0]-1
360,18263,0,664976
 节点name: Group[0]-1
360,18464,0,671794
 节点name: Group[0]-1
360,18043,0,656392
 节点name: Group[0]-1
360,18311,0,666238
 节点name: Group[0]-1
360,18280,0,665874
 节点name: Group[0]-1
360,18259,0,665122
 节点name: Group[0]-1
360,17787,0,647888
 节点name: Group[0]-1
360,18325,0,667102
 节点name: Group[0]-1
360,18175,0,662624
 节点name: Group[0]-1
360,18103,0,658666
 节点name: Group[0]-1
360,18121,0,659780
 节点name: Group[0]-1
360,18069,0,658038
 节点name: Group[0]-1
360,18310,0,666646
 节点name: Group[0]-1
360,18161,0,660872
 节点name: Group[0]-1
360,18768,0,683556
 节点name: Group[0]-1
360,18252,0,664546
 节点name: Group[0]-1
360,18342,0,668204
 节点name: Group[0]-1
360,18320,0,666730
 节点name: Group[0]-1
360,18162,0,661318
 节点name: Group[0]-1
360,18350,0,668584
 节点name: Group[0]-1
360,18237,0,663654
 节点name: Group[0]-1
360,18011,0,656254
 节点name: Group[0]-1
360,18100,0,658940
 节点name: Group[0]-1
360,18313,0,667098
 节点name: Group[0]-1
360,18389,0,670254
 节点name: Group[0]-1
360,18222,0,664170
 节点name: Group[0]-1
360,18186,0,661758
 节点name: Group[0]-1
360,18065,0,657868
 节点name: Group[0]-1
360,18063,0,657218
 节点name: Group[0]-1
360,18340,0,668118
 节点name: Group[0]-1
360,18694,0,679768
 节点name: Group[0]-1
360,18293,0,666354
 节点name: Group[0]-1
360,18404,0,669984
 节点name: Group[0]-1
360,18063,0,657820
 节点name: Group[0]-1
360,18248,0,664192
 节点name: Group[0]-1
360,18303,0,665974
 节点name: Group[0]-1
360,18319,0,666396
 节点name: Group[0]-1
360,17954,0,654476
 节点name: Group[0]-1
360,18483,0,673124
 节点name: Group[0]-1
360,18009,0,655402
 节点name: Group[0]-1
360,18324,0,667780
 节点name: Group[0]-1
360,18116,0,659326
 节点name: Group[0]-1
360,18378,0,670308
 节点name: Group[0]-1
360,18185,0,662464
 节点name: Group[0]-1
360,18077,0,658118
 节点name: Group[0]-1
360,18169,0,661590
 节点name: Group[0]-1
360,18309,0,666470
 节点name: Group[0]-1
360,18380,0,669646
 节点name: Group[0]-1
360,18263,0,665116
 节点name: Group[0]-1
360,18555,0,675246
 节点name: Group[0]-1
360,18142,0,661104
 节点name: Group[0]-1
360,18259,0,664920
 节点name: Group[0]-1
360,18331,0,666752
 节点name: Group[0]-1
360,18193,0,662962
 节点name: Group[0]-1
360,18324,0,667110
 节点name: Group[0]-1
360,18428,0,670850
 节点name: Group[0]-1
360,18413,0,669956
 节点name: Group[0]-1
360,18486,0,673646
 节点name: Group[0]-1
360,18132,0,660410
 节点name: Group[0]-1
360,18153,0,660790
 节点name: Group[0]-1
360,18519,0,674212
 节点name: Group[0]-1
360,18251,0,664554
 节点name: Group[0]-1
360,18412,0,670362
 节点name: Group[0]-1
360,18313,0,666970
 节点name: Group[0]-1
360,18161,0,661602
 节点name: Group[0]-1
360,18535,0,674252
 节点name: Group[0]-1
360,18067,0,657116
 节点name: Group[0]-1
360,18305,0,665836
 节点name: Group[0]-1
360,18032,0,656450
 节点name: Group[0]-1
360,18162,0,661342
 节点name: Group[0]-1
360,18195,0,662338
 节点name: Group[0]-1
360,18342,0,668314
 节点name: Group[0]-1
360,18281,0,665640
 节点name: Group[0]-1
360,18483,0,673602
 节点name: Group[0]-1
360,18410,0,670336
 节点name: Group[0]-1
360,18350,0,668514
 节点name: Group[0]-1
360,18280,0,666058
 节点name: Group[0]-1
360,18074,0,658054
 节点name: Group[0]-1
360,18414,0,670240
 节点name: Group[0]-1
360,18070,0,658210
 节点name: Group[0]-1
360,18208,0,663108
 节点name: Group[0]-1
360,18078,0,658576
 节点name: Group[0]-1
360,18173,0,661804
 节点name: Group[0]-1
360,18371,0,668708
 节点name: Group[0]-1
360,18392,0,670132
 节点name: Group[0]-1
360,18095,0,659116
 节点name: Group[0]-1
360,18241,0,664410
 节点name: Group[0]-1
360,18043,0,656338
 节点name: Group[0]-1
360,17907,0,652408
 节点name: Group[0]-1
360,18312,0,667242
 节点name: Group[0]-1
360,18184,0,662190
 节点name: Group[0]-1
360,18384,0,669250
 节点name: Group[0]-1
360,18445,0,671438
 节点name: Group[0]-1
360,18319,0,666878
 节点name: Group[0]-1
360,18227,0,663464
 节点name: Group[0]-1
360,18521,0,674918
 节点name: Group[0]-1
360,18255,0,664210
 节点name: Group[0]-1
360,18150,0,661184
 节点name: Group[0]-1
360,18145,0,660536
 节点name: Group[0]-1
360,18393,0,669774
 节点name: Group[0]-1
360,18320,0,667188
 节点name: Group[0]-1
360,18409,0,670368
 节点name: Group[0]-1
360,18382,0,669268
 节点name: Group[0]-1
360,18361,0,668618
 节点name: Group[0]-1
360,18183,0,662302
 节点name: Group[0]-1
360,18372,0,668686
 节点name: Group[0]-1
360,18496,0,673846
 节点name: Group[0]-1
360,18451,0,671646
 节点name: Group[0]-1
360,18111,0,659466
 节点name: Group[0]-1
360,18185,0,662246
 节点name: Group[0]-1
360,18048,0,657192
 节点name: Group[0]-1
360,18465,0,672486
 节点name: Group[0]-1
360,18054,0,657520
 节点name: Group[0]-1
360,18383,0,669236
 节点name: Group[0]-1
360,18575,0,676544
 节点name: Group[0]-1
360,18458,0,672522
 节点name: Group[0]-1
360,18060,0,657198
 节点name: Group[0]-1
360,18282,0,666114
 节点name: Group[0]-1
360,18233,0,663908
 节点name: Group[0]-1
360,18762,0,683608
 节点name: Group[0]-1
360,18058,0,657048
 节点name: Group[0]-1
360,18401,0,670346
 节点name: Group[0]-1
360,18274,0,665008
 节点name: Group[0]-1
360,18286,0,665732
 节点name: Group[0]-1
360,18157,0,661678
 节点name: Group[0]-1
360,18214,0,662550
 节点name: Group[0]-1
360,17832,0,650028
 节点name: Group[0]-1
360,18212,0,662906
 节点name: Group[0]-1
360,18122,0,659952
 节点name: Group[0]-1
360,18213,0,662732
 节点name: Group[0]-1
360,18344,0,668134
 节点name: Group[0]-1
360,17968,0,654696
 节点name: Group[0]-1
360,18156,0,660992
 节点name: Group[0]-1
360,18255,0,665474
 节点name: Group[0]-1
360,18085,0,659266
 节点name: Group[0]-1
360,18331,0,667348
 节点name: Group[0]-1
360,18423,0,670452
 节点name: Group[0]-1
360,18408,0,669314
 节点name: Group[0]-1
360,18221,0,662806
 节点name: Group[0]-1
360,17917,0,652304
 节点name: Group[0]-1
360,17839,0,648934
 节点name: Group[0]-1
360,18313,0,666838
 节点name: Group[0]-1
360,18319,0,666842
 节点name: Group[0]-1
360,18380,0,669312
 节点name: Group[0]-1
360,18383,0,669302
 节点name: Group[0]-1
360,17882,0,650968
 节点name: Group[0]-1
360,18397,0,669494
 节点name: Group[0]-1
360,18310,0,666466
 节点name: Group[0]-1
360,18390,0,669766
 节点name: Group[0]-1
360,18223,0,664008
 节点name: Group[0]-1
360,18419,0,671308
 节点name: Group[0]-1
360,18118,0,659252
 节点name: Group[0]-1
360,18163,0,661402
 节点name: Group[0]-1
360,18249,0,664108
 节点name: Group[0]-1
360,17948,0,653438
 节点name: Group[0]-1
360,17941,0,653634
 节点name: Group[0]-1
360,18389,0,669260
 节点name: Group[0]-1
360,18099,0,659160
 节点name: Group[0]-1
360,18380,0,669836
 节点name: Group[0]-1
360,17934,0,653088
 节点name: Group[0]-1
360,18273,0,665806
 节点name: Group[0]-1
360,18222,0,663174
 节点name: Group[0]-1
360,18058,0,657820
 节点name: Group[0]-1
360,18416,0,670292
 节点name: Group[0]-1
360,17972,0,654036
 节点name: Group[0]-1
360,17985,0,655150
 节点name: Group[0]-1
360,18511,0,673980
 节点name: Group[0]-1
360,18190,0,662586
 节点name: Group[0]-1
360,18390,0,670008
 节点name: Group[0]-1
360,18307,0,667026
 节点name: Group[0]-1
360,18035,0,657252
 节点name: Group[0]-1
360,18205,0,663026
 节点name: Group[0]-1
360,18325,0,667246
 节点name: Group[0]-1
360,18125,0,660490
 节点name: Group[0]-1
360,18262,0,664458
 节点name: Group[0]-1
360,18050,0,657088
 节点name: Group[0]-1
360,18262,0,664480
 节点name: Group[0]-1
360,17923,0,652594
 节点name: Group[0]-1
360,18226,0,663560
 节点name: Group[0]-1
360,18187,0,661862
 节点name: Group[0]-1
360,18246,0,664356
 节点name: Group[0]-1
360,18327,0,667324
 节点name: Group[0]-1
360,18142,0,660946
 节点name: Group[0]-1
360,18541,0,675168
 节点name: Group[0]-1
360,18325,0,667672
 节点name: Group[0]-1
360,18110,0,659558
 节点name: Group[0]-1
360,18289,0,666454
 节点name: Group[0]-1
360,18245,0,664272
 节点name: Group[0]-1
360,18134,0,660474
 节点name: Group[0]-1
360,17989,0,654566
 节点name: Group[0]-1
360,18272,0,666008
 节点name: Group[0]-1
360,18256,0,665370
 节点name: Group[0]-1
360,18453,0,672372
 节点name: Group[0]-1
360,18514,0,673802
 节点name: Group[0]-1
360,18502,0,672914
 节点name: Group[0]-1
360,18199,0,662906
 节点name: Group[0]-1
360,18532,0,674802
 节点name: Group[0]-1
360,18567,0,675362
 节点name: Group[0]-1
360,18337,0,668068
 节点name: Group[0]-1
360,18241,0,664150
 节点name: Group[0]-1
360,17990,0,655256
 节点name: Group[0]-1
360,18443,0,671104
 节点name: Group[0]-1
360,18121,0,659928
 节点name: Group[0]-1
360,18175,0,662400
 节点name: Group[0]-1
360,18345,0,668230
 节点name: Group[0]-1
360,18386,0,669448
 节点name: Group[0]-1
360,18267,0,665046
 节点name: Group[0]-1
360,18563,0,675826
 节点name: Group[0]-1
360,18022,0,656534
 节点name: Group[0]-1
360,18281,0,666248
 节点name: Group[0]-1
360,18323,0,667694
 节点name: Group[0]-1
360,18115,0,658962
 节点name: Group[0]-1
360,18285,0,665110
 节点name: Group[0]-1
360,18320,0,667122
 节点name: Group[0]-1
360,18314,0,666926
 节点name: Group[0]-1
360,18232,0,663810
 节点name: Group[0]-1
360,18545,0,674774
 节点name: Group[0]-1
360,18241,0,664430
 节点name: Group[0]-1
360,18229,0,664162
 节点name: Group[0]-1
360,18001,0,655550
 节点name: Group[0]-1
360,18180,0,662032
 节点name: Group[0]-1
360,18264,0,665094
 节点name: Group[0]-1
360,18067,0,657620
 节点name: Group[0]-1
360,18219,0,662556
 节点name: Group[0]-1
360,18354,0,668404
 节点name: Group[0]-1
360,18249,0,664080
 节点name: Group[0]-1
360,18224,0,663238
 节点name: Group[0]-1
360,18261,0,664506
 节点name: Group[0]-1
360,18212,0,663296
 节点name: Group[0]-1
360,18535,0,675014
 节点name: Group[0]-1
360,17966,0,654046
 节点name: Group[0]-1
360,17952,0,653408
 节点name: Group[0]-1
360,18351,0,668342
 节点name: Group[0]-1
360,18118,0,659910
 节点name: Group[0]-1
360,18360,0,668692
 节点name: Group[0]-1
360,18189,0,662666
 节点name: Group[0]-1
360,18349,0,668422
 节点name: Group[0]-1
360,17979,0,654548
 节点name: Group[0]-1
360,18347,0,668086
 节点name: Group[0]-1
360,18482,0,673266
 节点name: Group[0]-1
360,18241,0,664262
 节点name: Group[0]-1
360,18520,0,674472
 节点name: Group[0]-1
360,18004,0,655586
 节点name: Group[0]-1
360,17758,0,646424
 节点name: Group[0]-1
360,18362,0,668604
 节点name: Group[0]-1
360,18236,0,664022
 节点name: Group[0]-1
360,18187,0,662962
 节点name: Group[0]-1
360,18057,0,657694
 节点name: Group[0]-1
360,18278,0,666348
 节点name: Group[0]-1
360,18517,0,673710
 节点name: Group[0]-1
360,18117,0,659808
 节点name: Group[0]-1
360,18112,0,659140
 节点name: Group[0]-1
360,18005,0,655604
 节点name: Group[0]-1
360,18249,0,664752
 节点name: Group[0]-1
360,18416,0,670312
 节点name: Group[0]-1
360,18296,0,666152
 节点name: Group[0]-1
360,18112,0,660060
 节点name: Group[0]-1
360,18117,0,659722
 节点name: Group[0]-1
360,18229,0,663988
 节点name: Group[0]-1
360,18517,0,674510
 节点name: Group[0]-1
360,18298,0,665804
 节点name: Group[0]-1
360,18082,0,657978
 节点name: Group[0]-1
360,18258,0,664644
 节点name: Group[0]-1
360,18119,0,659998
 节点name: Group[0]-1
360,18356,0,667622
 节点name: Group[0]-1
360,18133,0,659870
 节点name: Group[0]-1
360,18036,0,657348
 节点name: Group[0]-1
360,18111,0,659180
 节点name: Group[0]-1
360,18645,0,678660
 节点name: Group[0]-1
360,18259,0,665020
 节点name: Group[0]-1
360,18465,0,672124
 节点name: Group[0]-1
360,18557,0,676290
 节点name: Group[0]-1
360,18446,0,671788
 节点name: Group[0]-1
360,18182,0,662024
 节点name: Group[0]-1
360,18384,0,668992
 节点name: Group[0]-1
360,18024,0,656124
 节点name: Group[0]-1
360,18533,0,674566
 节点name: Group[0]-1
360,18292,0,666816
 节点name: Group[0]-1
360,18172,0,661748
 节点name: Group[0]-1
360,18242,0,664542
 节点name: Group[0]-1
360,18274,0,665448
 节点name: Group[0]-1
360,18342,0,667580
 节点name: Group[0]-1
360,18463,0,672492
 节点name: Group[0]-1
360,18373,0,668920
 节点name: Group[0]-1
360,18314,0,666584
 节点name: Group[0]-1
360,18211,0,662892
 节点name: Group[0]-1
360,17849,0,649832
 节点name: Group[0]-1
360,18369,0,668612
 节点name: Group[0]-1
360,18215,0,663082
 节点name: Group[0]-1
360,18168,0,661600
 节点name: Group[0]-1
360,18285,0,665774
 节点name: Group[0]-1
360,18535,0,674666
 节点name: Group[0]-1
360,18273,0,665396
 节点name: Group[0]-1
360,18099,0,659382
 节点name: Group[0]-1
360,18267,0,664984
 节点name: Group[0]-1
360,18320,0,666940
 节点name: Group[0]-1
360,18227,0,663716
 节点name: Group[0]-1
360,18240,0,664146
 节点name: Group[0]-1
360,18096,0,659674
 节点name: Group[0]-1
360,17998,0,655666
 节点name: Group[0]-1
360,18059,0,657800
 节点name: Group[0]-1
360,18347,0,668316
 节点name: Group[0]-1
360,18017,0,655910
 节点name: Group[0]-1
360,18238,0,664670
 节点name: Group[0]-1
360,18055,0,657042
 节点name: Group[0]-1
360,18100,0,659096
 节点name: Group[0]-1
360,18345,0,667920
 节点name: Group[0]-1
360,18388,0,669282
 节点name: Group[0]-1
360,18673,0,679922
 节点name: Group[0]-1
360,18079,0,658522
 节点name: Group[0]-1
360,18019,0,656024
 节点name: Group[0]-1
360,18275,0,665680
 节点name: Group[0]-1
360,18165,0,661988
 节点name: Group[0]-1
360,18367,0,668736
 节点name: Group[0]-1
360,17961,0,654186
