 节点name: Group[0]-1
360,745,0,32876
 节点name: Group[0]-1
360,790,0,34856
 节点name: Group[0]-1
360,761,0,33580
 节点name: Group[0]-1
360,710,0,31336
 节点name: Group[0]-1
360,715,0,31556
 节点name: Group[0]-1
360,669,0,29532
 节点name: Group[0]-1
360,760,0,33536
 节点name: Group[0]-1
360,744,0,32832
 节点name: Group[0]-1
360,739,0,32612
 节点name: Group[0]-1
360,710,0,31336
 节点name: Group[0]-1
360,741,0,32700
 节点name: Group[0]-1
360,708,0,31248
 节点name: Group[0]-1
360,777,0,34284
 节点name: Group[0]-1
360,709,0,31292
 节点name: Group[0]-1
360,667,0,29444
 节点name: Group[0]-1
360,705,0,31116
 节点name: Group[0]-1
360,750,0,33096
 节点name: Group[0]-1
360,776,0,34240
 节点name: Group[0]-1
360,751,0,33140
 节点name: Group[0]-1
360,738,0,32568
 节点name: Group[0]-1
360,747,0,32964
 节点name: Group[0]-1
360,772,0,34064
 节点name: Group[0]-1
360,737,0,32524
 节点name: Group[0]-1
360,766,0,33800
 节点name: Group[0]-1
360,776,0,34240
 节点name: Group[0]-1
360,758,0,33448
 节点name: Group[0]-1
360,760,0,33536
 节点name: Group[0]-1
360,759,0,33492
 节点name: Group[0]-1
360,803,0,35428
 节点name: Group[0]-1
360,753,0,33228
 节点name: Group[0]-1
360,745,0,32876
 节点name: Group[0]-1
360,764,0,33712
 节点name: Group[0]-1
360,720,0,31776
 节点name: Group[0]-1
360,721,0,31820
 节点name: Group[0]-1
360,725,0,31996
 节点name: Group[0]-1
360,717,0,31644
 节点name: Group[0]-1
360,708,0,31248
 节点name: Group[0]-1
360,785,0,34636
 节点name: Group[0]-1
360,761,0,33580
 节点name: Group[0]-1
360,737,0,32524
 节点name: Group[0]-1
360,715,0,31556
 节点name: Group[0]-1
360,724,0,31952
 节点name: Group[0]-1
360,736,0,32480
 节点name: Group[0]-1
360,731,0,32260
 节点name: Group[0]-1
360,701,0,30940
 节点name: Group[0]-1
360,780,0,34416
 节点name: Group[0]-1
360,752,0,33184
 节点name: Group[0]-1
360,733,0,32348
 节点name: Group[0]-1
360,761,0,33580
 节点name: Group[0]-1
360,726,0,32040
 节点name: Group[0]-1
360,738,0,32568
 节点name: Group[0]-1
360,735,0,32436
 节点name: Group[0]-1
360,759,0,33492
 节点name: Group[0]-1
360,764,0,33712
 节点name: Group[0]-1
360,797,0,35164
 节点name: Group[0]-1
360,754,0,33272
 节点name: Group[0]-1
360,748,0,33008
 节点name: Group[0]-1
360,749,0,33052
 节点name: Group[0]-1
360,719,0,31732
 节点name: Group[0]-1
360,787,0,34724
 节点name: Group[0]-1
360,764,0,33712
 节点name: Group[0]-1
360,722,0,31864
 节点name: Group[0]-1
360,741,0,32700
 节点name: Group[0]-1
360,696,0,30720
 节点name: Group[0]-1
360,720,0,31776
 节点name: Group[0]-1
360,751,0,33140
 节点name: Group[0]-1
360,687,0,30324
 节点name: Group[0]-1
360,792,0,34944
 节点name: Group[0]-1
360,769,0,33932
 节点name: Group[0]-1
360,709,0,31292
 节点name: Group[0]-1
360,758,0,33448
 节点name: Group[0]-1
360,743,0,32788
 节点name: Group[0]-1
360,771,0,34020
 节点name: Group[0]-1
360,772,0,34064
 节点name: Group[0]-1
360,711,0,31380
 节点name: Group[0]-1
360,717,0,31644
 节点name: Group[0]-1
360,717,0,31644
 节点name: Group[0]-1
360,670,0,29576
 节点name: Group[0]-1
360,718,0,31688
 节点name: Group[0]-1
360,733,0,32348
 节点name: Group[0]-1
360,702,0,30984
 节点name: Group[0]-1
360,770,0,33976
 节点name: Group[0]-1
360,743,0,32788
 节点name: Group[0]-1
360,696,0,30720
 节点name: Group[0]-1
360,712,0,31424
 节点name: Group[0]-1
360,732,0,32304
 节点name: Group[0]-1
360,741,0,32700
 节点name: Group[0]-1
360,748,0,33008
 节点name: Group[0]-1
360,751,0,33140
 节点name: Group[0]-1
360,723,0,31908
 节点name: Group[0]-1
360,732,0,32304
 节点name: Group[0]-1
360,699,0,30852
 节点name: Group[0]-1
360,735,0,32436
 节点name: Group[0]-1
360,743,0,32788
 节点name: Group[0]-1
360,822,0,36264
 节点name: Group[0]-1
360,711,0,31380
 节点name: Group[0]-1
360,746,0,32920
 节点name: Group[0]-1
360,700,0,30896
 节点name: Group[0]-1
360,706,0,31160
 节点name: Group[0]-1
360,785,0,34636
 节点name: Group[0]-1
360,705,0,31116
 节点name: Group[0]-1
360,764,0,33712
 节点name: Group[0]-1
360,722,0,31864
 节点name: Group[0]-1
360,739,0,32612
 节点name: Group[0]-1
360,669,0,29532
 节点name: Group[0]-1
360,754,0,33272
 节点name: Group[0]-1
360,767,0,33844
 节点name: Group[0]-1
360,731,0,32260
 节点name: Group[0]-1
360,747,0,32964
 节点name: Group[0]-1
360,708,0,31248
 节点name: Group[0]-1
360,776,0,34240
 节点name: Group[0]-1
360,749,0,33052
 节点name: Group[0]-1
360,718,0,31688
 节点name: Group[0]-1
360,793,0,34988
 节点name: Group[0]-1
360,704,0,31072
 节点name: Group[0]-1
360,663,0,29268
 节点name: Group[0]-1
360,725,0,31996
 节点name: Group[0]-1
360,757,0,33404
 节点name: Group[0]-1
360,694,0,30632
 节点name: Group[0]-1
360,690,0,30456
 节点name: Group[0]-1
360,728,0,32128
 节点name: Group[0]-1
360,743,0,32788
 节点name: Group[0]-1
360,701,0,30940
 节点name: Group[0]-1
360,727,0,32084
 节点name: Group[0]-1
360,754,0,33272
 节点name: Group[0]-1
360,775,0,34196
 节点name: Group[0]-1
360,727,0,32084
 节点name: Group[0]-1
360,740,0,32656
 节点name: Group[0]-1
360,735,0,32436
 节点name: Group[0]-1
360,708,0,31248
 节点name: Group[0]-1
360,726,0,32040
 节点name: Group[0]-1
360,725,0,31996
 节点name: Group[0]-1
360,743,0,32788
 节点name: Group[0]-1
360,677,0,29884
 节点name: Group[0]-1
360,733,0,32348
 节点name: Group[0]-1
360,695,0,30676
 节点name: Group[0]-1
360,754,0,33272
 节点name: Group[0]-1
360,732,0,32304
 节点name: Group[0]-1
360,730,0,32216
 节点name: Group[0]-1
360,755,0,33316
 节点name: Group[0]-1
360,738,0,32568
 节点name: Group[0]-1
360,741,0,32700
 节点name: Group[0]-1
360,771,0,34020
 节点name: Group[0]-1
360,774,0,34152
 节点name: Group[0]-1
360,791,0,34900
 节点name: Group[0]-1
360,715,0,31556
 节点name: Group[0]-1
360,730,0,32216
 节点name: Group[0]-1
360,752,0,33184
 节点name: Group[0]-1
360,748,0,33008
 节点name: Group[0]-1
360,706,0,31160
 节点name: Group[0]-1
360,724,0,31952
 节点name: Group[0]-1
360,758,0,33448
 节点name: Group[0]-1
360,723,0,31908
 节点name: Group[0]-1
360,707,0,31204
 节点name: Group[0]-1
360,791,0,34900
 节点name: Group[0]-1
360,772,0,34064
 节点name: Group[0]-1
360,785,0,34636
 节点name: Group[0]-1
360,722,0,31864
 节点name: Group[0]-1
360,783,0,34548
 节点name: Group[0]-1
360,746,0,32920
 节点name: Group[0]-1
360,725,0,31996
 节点name: Group[0]-1
360,723,0,31908
 节点name: Group[0]-1
360,740,0,32656
 节点name: Group[0]-1
360,753,0,33228
 节点name: Group[0]-1
360,721,0,31820
 节点name: Group[0]-1
360,798,0,35208
 节点name: Group[0]-1
360,757,0,33404
 节点name: Group[0]-1
360,772,0,34064
 节点name: Group[0]-1
360,762,0,33624
 节点name: Group[0]-1
360,730,0,32216
 节点name: Group[0]-1
360,729,0,32172
 节点name: Group[0]-1
360,729,0,32172
 节点name: Group[0]-1
360,737,0,32524
 节点name: Group[0]-1
360,772,0,34064
 节点name: Group[0]-1
360,722,0,31864
 节点name: Group[0]-1
360,720,0,31776
 节点name: Group[0]-1
360,713,0,31468
 节点name: Group[0]-1
360,687,0,30324
 节点name: Group[0]-1
360,744,0,32832
 节点name: Group[0]-1
360,751,0,33140
 节点name: Group[0]-1
360,728,0,32128
 节点name: Group[0]-1
360,776,0,34240
 节点name: Group[0]-1
360,769,0,33932
 节点name: Group[0]-1
360,717,0,31644
 节点name: Group[0]-1
360,717,0,31644
 节点name: Group[0]-1
360,771,0,34020
 节点name: Group[0]-1
360,696,0,30720
 节点name: Group[0]-1
360,741,0,32700
 节点name: Group[0]-1
360,693,0,30588
 节点name: Group[0]-1
360,753,0,33228
 节点name: Group[0]-1
360,712,0,31424
 节点name: Group[0]-1
360,728,0,32128
 节点name: Group[0]-1
360,676,0,29840
 节点name: Group[0]-1
360,736,0,32480
 节点name: Group[0]-1
360,741,0,32700
 节点name: Group[0]-1
360,738,0,32568
 节点name: Group[0]-1
360,713,0,31468
 节点name: Group[0]-1
360,742,0,32744
 节点name: Group[0]-1
360,723,0,31908
 节点name: Group[0]-1
360,723,0,31908
 节点name: Group[0]-1
360,731,0,32260
 节点name: Group[0]-1
360,691,0,30500
 节点name: Group[0]-1
360,765,0,33756
 节点name: Group[0]-1
360,754,0,33272
 节点name: Group[0]-1
360,697,0,30764
 节点name: Group[0]-1
360,757,0,33404
 节点name: Group[0]-1
360,677,0,29884
 节点name: Group[0]-1
360,734,0,32392
 节点name: Group[0]-1
360,677,0,29884
 节点name: Group[0]-1
360,766,0,33800
 节点name: Group[0]-1
360,772,0,34064
 节点name: Group[0]-1
360,770,0,33976
 节点name: Group[0]-1
360,738,0,32568
 节点name: Group[0]-1
360,685,0,30236
 节点name: Group[0]-1
360,716,0,31600
 节点name: Group[0]-1
360,744,0,32832
 节点name: Group[0]-1
360,724,0,31952
 节点name: Group[0]-1
360,735,0,32436
 节点name: Group[0]-1
360,711,0,31380
 节点name: Group[0]-1
360,738,0,32568
 节点name: Group[0]-1
360,740,0,32656
 节点name: Group[0]-1
360,704,0,31072
 节点name: Group[0]-1
360,787,0,34724
 节点name: Group[0]-1
360,727,0,32084
 节点name: Group[0]-1
360,752,0,33184
 节点name: Group[0]-1
360,775,0,34196
 节点name: Group[0]-1
360,712,0,31424
 节点name: Group[0]-1
360,697,0,30764
 节点name: Group[0]-1
360,747,0,32964
 节点name: Group[0]-1
360,714,0,31512
 节点name: Group[0]-1
360,725,0,31996
 节点name: Group[0]-1
360,735,0,32436
 节点name: Group[0]-1
360,767,0,33844
 节点name: Group[0]-1
360,718,0,31688
 节点name: Group[0]-1
360,727,0,32084
 节点name: Group[0]-1
360,718,0,31688
 节点name: Group[0]-1
360,761,0,33580
 节点name: Group[0]-1
360,722,0,31864
 节点name: Group[0]-1
360,756,0,33360
 节点name: Group[0]-1
360,779,0,34372
 节点name: Group[0]-1
360,779,0,34372
 节点name: Group[0]-1
360,739,0,32612
 节点name: Group[0]-1
360,810,0,35736
 节点name: Group[0]-1
360,707,0,31204
 节点name: Group[0]-1
360,702,0,30984
 节点name: Group[0]-1
360,721,0,31820
 节点name: Group[0]-1
360,790,0,34856
 节点name: Group[0]-1
360,745,0,32876
 节点name: Group[0]-1
360,714,0,31512
 节点name: Group[0]-1
360,748,0,33008
 节点name: Group[0]-1
360,704,0,31072
 节点name: Group[0]-1
360,743,0,32788
 节点name: Group[0]-1
360,792,0,34944
 节点name: Group[0]-1
360,723,0,31908
 节点name: Group[0]-1
360,701,0,30940
 节点name: Group[0]-1
360,687,0,30324
 节点name: Group[0]-1
360,757,0,33404
 节点name: Group[0]-1
360,758,0,33448
 节点name: Group[0]-1
360,683,0,30148
 节点name: Group[0]-1
360,733,0,32348
 节点name: Group[0]-1
360,758,0,33448
 节点name: Group[0]-1
360,761,0,33580
 节点name: Group[0]-1
360,727,0,32084
 节点name: Group[0]-1
360,778,0,34328
 节点name: Group[0]-1
360,715,0,31556
 节点name: Group[0]-1
360,759,0,33492
 节点name: Group[0]-1
360,708,0,31248
 节点name: Group[0]-1
360,670,0,29576
 节点name: Group[0]-1
360,726,0,32040
 节点name: Group[0]-1
360,737,0,32524
 节点name: Group[0]-1
360,708,0,31248
 节点name: Group[0]-1
360,735,0,32436
 节点name: Group[0]-1
360,725,0,31996
 节点name: Group[0]-1
360,702,0,30984
 节点name: Group[0]-1
360,724,0,31952
 节点name: Group[0]-1
360,724,0,31952
 节点name: Group[0]-1
360,763,0,33668
 节点name: Group[0]-1
360,723,0,31908
 节点name: Group[0]-1
360,724,0,31952
 节点name: Group[0]-1
360,747,0,32964
 节点name: Group[0]-1
360,753,0,33228
 节点name: Group[0]-1
360,737,0,32524
 节点name: Group[0]-1
360,735,0,32436
 节点name: Group[0]-1
360,751,0,33140
 节点name: Group[0]-1
360,722,0,31864
 节点name: Group[0]-1
360,755,0,33316
 节点name: Group[0]-1
360,720,0,31776
 节点name: Group[0]-1
360,696,0,30720
 节点name: Group[0]-1
360,801,0,35340
 节点name: Group[0]-1
360,824,0,36352
 节点name: Group[0]-1
360,691,0,30500
 节点name: Group[0]-1
360,712,0,31424
 节点name: Group[0]-1
360,745,0,32876
 节点name: Group[0]-1
360,672,0,29664
 节点name: Group[0]-1
360,772,0,34064
 节点name: Group[0]-1
360,755,0,33316
 节点name: Group[0]-1
360,717,0,31644
 节点name: Group[0]-1
360,691,0,30500
 节点name: Group[0]-1
360,786,0,34672
 节点name: Group[0]-1
360,672,0,29664
 节点name: Group[0]-1
360,741,0,32700
 节点name: Group[0]-1
360,662,0,29224
 节点name: Group[0]-1
360,690,0,30456
 节点name: Group[0]-1
360,701,0,30940
 节点name: Group[0]-1
360,701,0,30940
 节点name: Group[0]-1
360,768,0,33888
 节点name: Group[0]-1
360,697,0,30764
 节点name: Group[0]-1
360,739,0,32612
 节点name: Group[0]-1
360,710,0,31336
 节点name: Group[0]-1
360,721,0,31820
 节点name: Group[0]-1
360,678,0,29928
 节点name: Group[0]-1
360,720,0,31776
 节点name: Group[0]-1
360,767,0,33844
 节点name: Group[0]-1
360,751,0,33140
 节点name: Group[0]-1
360,717,0,31644
 节点name: Group[0]-1
360,746,0,32920
 节点name: Group[0]-1
360,759,0,33492
 节点name: Group[0]-1
360,807,0,35604
 节点name: Group[0]-1
360,773,0,34108
 节点name: Group[0]-1
360,799,0,35252
 节点name: Group[0]-1
360,764,0,33712
 节点name: Group[0]-1
360,749,0,33052
 节点name: Group[0]-1
360,743,0,32788
 节点name: Group[0]-1
360,712,0,31424
 节点name: Group[0]-1
360,694,0,30632
 节点name: Group[0]-1
360,737,0,32524
 节点name: Group[0]-1
360,697,0,30764
 节点name: Group[0]-1
360,691,0,30500
 节点name: Group[0]-1
360,806,0,35560
 节点name: Group[0]-1
360,752,0,33184
 节点name: Group[0]-1
360,765,0,33756
 节点name: Group[0]-1
360,745,0,32876
 节点name: Group[0]-1
360,764,0,33712
 节点name: Group[0]-1
360,677,0,29884
 节点name: Group[0]-1
360,739,0,32612
 节点name: Group[0]-1
360,720,0,31776
 节点name: Group[0]-1
360,764,0,33712
 节点name: Group[0]-1
360,713,0,31468
 节点name: Group[0]-1
360,788,0,34768
 节点name: Group[0]-1
360,714,0,31512
 节点name: Group[0]-1
360,708,0,31248
 节点name: Group[0]-1
360,727,0,32084
 节点name: Group[0]-1
360,758,0,33448
 节点name: Group[0]-1
360,754,0,33272
 节点name: Group[0]-1
360,707,0,31204
 节点name: Group[0]-1
360,691,0,30500
 节点name: Group[0]-1
360,744,0,32832
 节点name: Group[0]-1
360,685,0,30236
 节点name: Group[0]-1
360,753,0,33228
 节点name: Group[0]-1
360,748,0,33008
 节点name: Group[0]-1
360,666,0,29400
 节点name: Group[0]-1
360,756,0,33360
 节点name: Group[0]-1
360,736,0,32480
 节点name: Group[0]-1
360,740,0,32656
 节点name: Group[0]-1
360,766,0,33800
 节点name: Group[0]-1
360,728,0,32128
 节点name: Group[0]-1
360,721,0,31820
 节点name: Group[0]-1
360,688,0,30368
 节点name: Group[0]-1
360,808,0,35648
 节点name: Group[0]-1
360,784,0,34592
