"lo_orderdate","lo_partkey","lo_revenue"
19930804,55417,4526208
19931022,197219,1805840
19931022,40489,415978
19930318,183604,6780776
19930906,79895,5382809
19930624,180170,3759261
19930624,4563,5978839
19930422,68699,3235318
19931205,174252,1286462
19930515,36164,2347741
19930529,184523,7484613
19930106,61982,5845547
19930609,368,1476371
19930226,72110,3213866
19930301,104316,5046224
19930213,118267,5793952
19931116,97865,8945453
19930405,171507,618772
19930519,33638,3578601
19930519,42873,7926272
19930709,187773,1641199
19931118,21682,3175286
19930821,153065,2191397
19930429,98349,3868213
19931009,73905,8556510
19931112,18685,4977822
19931015,48496,3861121
19930922,66448,2800591
19930922,128674,5731187
19930117,152309,5810028
19930310,34786,8006789
19930509,111148,1590340
19930324,87057,826887
19930315,176589,1142587
19931108,175660,3703898
19930905,179341,3168778
19931213,2996,2578828
19931014,183710,695959
19931019,33451,4070283
19931019,108720,6036690
19930109,181395,429629
19930111,109598,1247489
19931109,12096,1877063
19930124,14906,3568964
19930225,54863,8907514
19930129,92408,3939325
19930531,41670,2970307
19930508,68429,2738943
19930828,32059,1165474
19930909,40048,2808009
19930929,191643,6057362
19930608,42687,4194796
19931017,27318,5979978
19931027,97061,3142438
19931125,142025,731975
19931204,124408,3403382
19930801,145015,4092698
19930729,166218,508547
19930729,11538,6749011
19930703,2655,2719656
19930111,4334,5946460
19930330,179991,8638099
19930607,15859,2238085
19930520,161899,7878856
19931019,27931,8474861
19931119,22111,5062239
19930618,123787,6632887
19930807,58902,1641313
19930715,104207,5036169
19930715,191852,6667405
19930218,168691,6619953
19930211,84979,6416289
19930211,35218,4909214
19930425,56320,2779824
19930425,66036,1669381
19930425,61025,289889
19931031,132101,5165802
19930107,173492,767090
19930121,18955,2597294
19930328,41322,2104691
19930606,111002,1786932
19930425,57013,3457115
19930924,106474,3810729
19931208,85466,4167141
19930613,110968,5950732
19931018,13843,8436345
19931116,94411,4226067
19930322,195308,5973848
19930819,115312,5793708
19930810,156077,4599131
19930916,103206,2133028
19931108,14987,2071256
19931108,75243,3135749
19930125,46619,4909752
19930614,193268,6536770
19930930,47946,4825759
19930930,12886,6522738
19930330,9046,3612916
19930330,159342,4943927
19930924,111299,648593
19930924,1828,5704946
19930327,101040,103062
19930526,169526,7265998
19930817,46813,1219548
19930907,43237,3091022
19930408,166005,4135131
19931227,154598,1122108
19931212,134458,6289184
19930820,92528,147490
19930822,8710,5608830
19930429,19299,835746
19930513,143435,286815
19931211,24674,5697659
19930108,57978,6324813
19930906,95168,3647669
19930901,49510,3756778
19930101,135839,4454596
19930101,40913,6653682
19930717,39223,1252873
19930717,8961,7775293
19930126,66629,6950520
19931123,65991,8137164
19930819,173477,153496
19930128,2114,5029744
19930306,16215,1975092
19930109,78546,1660224
19930412,196018,1323443
19930709,93612,3933744
19930205,25915,6314321
19930322,179689,5603178
19930816,85219,3540377
19930403,154855,6669196
19930228,69012,95157
19930331,199905,6153038
19930331,80595,3431635
19930331,75679,4259120
19930903,6942,1793471
19930610,25028,3327945
19930312,84664,4685491
19930629,95598,5873972
19930616,29781,3353128
19930219,52383,4842087
19930912,36252,235273
19931215,199457,150975
19931223,80705,834421
19931001,40321,4697155
19930527,121114,112375
19931225,92332,6099863
19931112,28775,826328
19931217,46912,5152898
19930829,83082,2108858
19930707,89506,6008919
19930707,117415,2268937
19931028,145754,1603577
19931107,55880,8542349
19930319,87164,3796525
19930222,17166,743047
19930802,129174,5479236
19930121,190794,2239130
19930221,96730,4273656
19930520,139196,2995335
19930220,190973,6006152
19930306,77451,6080911
19930821,91835,8772437
19931004,136023,2283247
19931002,90742,3361515
19930921,38621,1069899
19930106,183332,2745740
19930926,128138,5371194
19931103,48676,1733522
19931126,181082,1595745
19930808,130581,4467299
19931108,76445,2343954
19930529,182279,6206029
19930217,149819,7325735
19930921,16246,5177779
19930427,111358,6173029
19930303,126010,820519
19930531,99559,5554672
19930201,145284,6060187
19930211,143181,3359149
19930426,182633,8152673
19930403,83367,6416910
19930208,78064,1314037
19930730,116333,2748585
19930227,191598,1324638
19930227,178135,5706563
19930723,166633,7418884
19930906,183306,3438517
19930621,111849,7294492
19931004,168982,795780
19930909,93372,2516376
19930510,165771,4182325
19930111,147381,1819756
19930309,107808,5460110
19930914,129308,3145329
19931109,42740,166591
19930208,111125,556698
19930323,64037,3786896
19930821,155689,1353871
19931106,157801,4736222
19930616,159292,5694336
19930612,18854,2063597
19930715,134223,2926808
19930611,38686,1103157
19930818,180984,7811819
19930323,173223,251466
19930612,136815,1975881
19930715,142846,7959571
19931225,23676,1567676
19930426,189953,8521144
19930417,37553,2508595
19930519,174524,2036514
19931004,25825,2079974
19931220,20653,2930136
19931225,145601,5270766
19930910,4361,6200264
19930930,52359,4833636
19930905,31705,7378243
19930129,187890,9497827
19930703,198369,5665476
19930502,87373,1866427
19931202,143864,6170019
19931209,93148,1217596
19930805,4244,4206003
19931124,101503,7372050
19930706,170353,1255394
19931119,82570,152151
19931119,67244,712209
19930507,146655,6670468
19931126,52763,8323151
19930215,63012,4150617
19930821,195581,165981
19930311,199377,3293781
19930413,47004,3295215
19931120,51737,6785317
19930508,10880,7817191
19931110,93344,4587076
19931202,140517,3510627
19930813,64158,2639296
19930323,44930,4728573
19930407,148124,3249116
19930923,185348,6256529
19930807,70578,7205496
19930524,159082,5648346
19930618,165434,6024709
19930730,113056,1905047
19930726,193650,8118434
19931018,26788,7299818
19930131,183988,5076351
19930420,146358,1926768
19930217,143391,6678519
19931028,125134,4203005
19930427,2271,2048529
19930412,154720,1205034
19930314,33656,3083921
19930211,195050,3029802
19930805,118865,2424527
19931117,114055,1799211
19930403,158620,4070653
19930403,112254,4790223
19930403,174958,7849219
19930401,68167,2422431
19930821,163679,853908
19930429,129263,1013131
19930120,123191,1884422
19931221,145788,1976814
19930721,150873,5656177
19931104,118341,6660766
19930516,93174,1486974
19930516,141459,3676102
19930905,141131,1263556
19930625,25424,785362
19930410,161435,2177305
19930118,87170,687358
19930118,92821,1436545
19930304,127458,6339900
19930818,108689,7410373
19930706,16416,2480947
19930212,141066,3651083
19930305,24392,510759
19931027,80959,4372647
19930527,19042,2237301
19930326,8946,1619362
19931202,130874,377164
19930526,104250,1581609
19930628,20004,724416
19930704,40434,1466516
19930704,63834,1569505
19930925,163051,1213200
19930905,167471,304617
19931204,166883,5923735
19930304,102150,2395319
19930812,1135,1608073
19930530,75444,1124196
19930302,150186,4118951
19930413,178239,2938740
19930323,93149,4099140
19931114,140140,1503498
19931102,54572,6811555
19931102,190399,433412
19931002,48545,4346201
19930220,77131,2149772
19930220,33270,2100909
19931115,67856,7961105
19930725,82222,4905992
19931027,25117,3817248
19930214,14679,788866
19930214,108505,6459618
19930214,80597,1717995
19931014,28717,1128957
19930115,46528,3901579
19930115,191804,7803112
19930423,199516,2350567
19931116,109232,1720344
19930117,50264,2764870
19931213,165630,7565901
19930425,170101,2639659
19930425,49279,2740270
19930716,176263,3377613
19930407,133500,6983559
19930814,59439,4883317
19930307,166523,1573624
19930707,152556,3821914
19930426,72162,1760216
19930616,94990,2503072
19931218,157520,2473551
19930627,69586,1207130
19931021,15159,631600
19930314,108205,235360
19930823,151695,677715
19930513,77937,3377936
19930513,123100,2505636
19930205,37521,6064526
19930427,36180,4751578
19930427,109763,1228522
19930102,86903,5613003
19930213,175093,3006663
19930119,180629,2984996
19931001,116250,125358
19930817,157050,2301556
19930817,135182,602504
19930910,172684,4941540
19931008,37000,1576971
19930529,13815,7546255
19930227,158816,183731
19931031,7175,4713932
19931206,2393,3518279
19930707,110876,7658805
19930201,164846,2808934
19930118,8101,2197819
19930817,29175,4926806
19930122,91489,1465675
19930321,49620,6768201
19931112,196602,1498165
19931027,9507,3085137
19931124,144140,1148615
19931114,74658,1777955
19931114,198546,6349568
19930514,196862,5183143
19930415,34299,239258
19931021,54570,4732265
19930429,23929,7369062
19930131,146810,2881769
19931015,105247,619858
19930101,92434,2767274
19930210,69428,4337591
19930418,82024,4880203
19930520,116234,2723000
19930727,25527,4026385
19931221,82588,1865849
19930527,102569,2644935
19931007,151780,6347117
19930923,118652,8022461
19930309,119916,4932698
19930709,65060,304442
19930709,136957,7620876
19930919,149898,3471139
19930523,144001,2736855
19931106,94638,4159941
19930826,41221,5694878
19930618,166305,3665484
19930712,141692,6222213
19930914,192305,4792739
19930702,108459,5608593
19930420,197894,3943942
19931128,58412,5698164
19930417,162174,1590950
19930322,47492,5360660
19931220,81047,2115706
19930414,148851,752340
19930414,179361,5728311
19930302,9710,4761947
19930529,176277,4243854
19930627,5408,2210452
19930304,2663,3100006
19930405,54479,4966973
19930630,43551,6737431
19930914,13818,3943331
19930703,133307,1326897
19930703,81169,341597
19931223,58074,4304763
19931128,162530,3941511
19930321,102241,2436750
19930709,74971,9437954
19931130,28803,839923
19931223,151093,4550045
19930430,196009,1949220
19930510,13696,1092979
19931231,50152,2400482
19931130,100423,5660941
19930617,22506,5459727
19930617,52318,4108182
19930930,121951,5932660
19930325,63504,1438150
19930503,182551,4162285
19930914,199360,4433535
19930714,6880,7106421
19930909,101430,708557
19931214,40387,3153854
19930920,194073,1698086
19930424,178789,4710541
19930514,42294,4650922
19930128,164623,992320
19930113,35792,3519508
19930321,51078,806790
19930321,59682,5791847
19930109,112746,4352881
19930729,94844,8740006
19930824,14183,1182760
19930419,43984,4962620
19931105,140145,1161437
19931105,68549,6182457
19930809,108617,2574966
19930219,173010,525259
19930424,75300,1010037
19930821,86223,4070234
19931021,137571,4571555
19931021,22514,3555362
19930902,85996,4120557
19930113,168850,9120294
19931121,135370,417394
19930912,146859,8778345
19930815,155656,5591960
19930730,8721,4426319
19930417,127836,7854179
19930315,88571,771987
19930201,195993,5377060
19930108,41815,5043801
19930502,27397,2725594
19931203,196385,4693011
19931204,12504,555268
19931204,55557,586869
19930506,95093,3198984
19931012,146414,3258174
19930301,185688,8169570
19931114,150235,1637383
19930924,102380,410566
19930727,125589,4855042
19931030,29787,3399224
19930628,187809,5257929
19930104,180346,5810909
19930104,71796,6583249
19930528,48285,1315909
19930122,172842,8720181
19930501,173417,4673925
19930831,24818,6148633
19930914,35531,4125348
19930914,151334,1086098
19930122,186748,2669546
19931222,42130,945618
19930605,47559,6722226
19930719,186224,3631929
19931031,10727,635435
19930902,11027,3366553
19930312,92236,2025351
19930306,101893,5881738
19930318,107378,2036493
19931120,36364,3784047
19930525,184000,2733848
19930617,77280,4605416
19930627,140056,2170179
19930313,13030,1755921
19930313,121312,6141225
19930607,155333,137444
19930304,49215,338785
19931209,127949,4068542
19930321,72566,5671132
19930701,169626,6480659
19930805,156081,2814273
19930303,135828,7380727
19930219,156452,739140
19930809,112374,4619384
19930612,44719,3711737
19930114,75617,6464403
19930104,48927,9098212
19931023,86995,8934810
19930314,119927,5151550
19930102,23093,2389843
19930301,3689,2185156
19931121,197725,6073303
19931121,180446,1047137
19930808,59428,1495638
19930418,90054,2531821
19930418,198519,5072511
19930909,86923,741048
19930204,191806,6137485
19931105,62395,1209434
19930419,185707,5146841
19930619,105718,8192793
19930114,182586,161852
19930114,192383,1314563
19930730,6661,5018079
19930730,185439,6358397
19930421,4929,6937719
19930613,192007,1523214
19931114,151882,9096971
19930128,199177,2723346
19930313,174363,3346174
19930822,9583,5467320
19930721,177543,5973310
19930407,74503,5016112
19930913,56399,5127440
19930217,145875,6521353
19930531,80772,8416801
19930205,19152,1558523
19931116,102441,5799741
19931006,182975,9075647
19930218,117796,6157817
19930517,119942,6021193
19930517,166770,909201
19931020,179406,5146911
19931113,118313,6132013
19930306,62520,145286
19930619,199157,1584005
19930805,12004,4039560
19930809,148769,7378287
19930215,162670,1358413
19931231,150080,885982
19930623,19274,3189610
19930423,58659,1255296
19930114,85627,1738404
19930505,28792,5451462
19930516,122101,770446
19930215,56491,3725839
19930903,16789,5129280
19930307,76984,2135507
19930423,95319,2294785
19930704,59064,4456449
19931016,148867,7805213
19931022,181543,6272348
19931103,72352,6359528
19930803,92492,4655360
19930312,54386,1459673
19930312,54868,1804631
19930330,56808,5820310
19931222,98,2836571
19930403,40067,2392774
19930423,30039,4368387
19931125,164240,3357113
19930222,34443,267223
19930101,191594,6049582
19930513,49894,6685945
19930313,14106,2726727
19931219,105077,3778588
19930830,125343,2389121
19930923,166371,6338801
19930304,143867,5056135
19931229,199703,7344199
19930510,145992,9079245
19931210,182712,8173109
19931208,133175,4425526
19931208,66058,1787991
19930724,68793,6835745
19930419,117765,4496120
19930225,32152,1073308
19930225,3192,2974536
19930814,155071,331064
19930504,176942,3916743
19930504,117705,5286966
19930308,20349,4555661
19930427,87142,1423845
19930618,170280,2406198
19931120,113462,3036496
19931110,72020,1944359
19930924,94472,5952401
19930127,135774,6144169
19930504,41849,6205260
19930518,59015,2928848
19930112,99655,6259540
19930308,70112,4927928
19930508,76661,5777664
19930323,131464,4396652
19930903,91949,3614030
19930603,87083,2648448
19930603,367,752811
19930707,170101,3246289
19930309,192589,2446698
19930326,36395,659038
19931217,24125,205627
19931219,149160,3910423
19931109,196854,4970765
19930826,309,3870969
19931121,21281,5247952
19930206,51004,1701810
19931103,92971,7239193
19930323,84725,6601228
19930511,11632,1197856
19930720,185612,4824607
19930708,130446,2777183
19930117,113029,4126399
19930216,110773,6574976
19931105,115245,4075616
19930209,184579,5706045
19930318,188808,2391864
19930401,105743,2770004
19930603,78227,835217
19931123,180640,1533090
19930718,5099,2982147
19930818,197340,4553493
19930730,11722,2911289
19930522,61197,2724062
19931012,99204,595584
19931105,182821,923352
19930726,175674,2885205
19930726,138920,3839483
19930614,56283,5275614
19930906,63455,5195782
19931102,96341,4193898
19930125,156129,1264523
19931226,21055,3382013
19931022,136216,1214643
19930217,121844,8681753
19930811,193356,426108
19930521,54314,994355
19930707,101283,249150
19930104,187691,1743116
19930730,191629,7154337
19930831,62911,7997847
19930906,177421,4699045
19930620,136682,2167255
19930211,103865,7976294
19930821,168594,1975156
19931002,83265,2718710
19931205,102747,3258015
19930607,16689,5295532
19930907,55956,562113
19930114,156492,3604884
19931008,166347,2518571
19930306,110977,4091242
19930913,73709,4452424
19931015,55474,1663903
19931015,186993,3500623
19930330,30787,5611987
19930330,192377,872805
19930913,57034,3010749
19930707,126848,8084310
19930905,156758,2992522
19930814,156269,4592025
19931210,120881,7641753
19930611,24101,2638607
19930924,50571,4920757
19931226,185287,2396000
19930312,177016,757455
19930412,35114,1119400
19931113,83320,2149174
19930510,98416,1247509
19930121,136931,1948250
19930209,26502,141421
19931014,42398,1970373
19931203,119471,1180452
19930316,181102,344282
19931221,149355,4222880
19931211,175829,746689
19930207,55812,5370606
19931228,180159,2944220
19931022,107928,7857899
19930328,149929,2350956
19930328,41474,2913037
19930128,84671,6584599
19931128,173417,4337093
19930810,147498,2423328
19930122,192024,541269
19931101,45071,2759646
19931228,96632,5687175
19931222,178432,5127909
19930324,13814,4357536
19930304,101098,107710
19930605,144098,1696003
19930605,35805,2757427
19930909,59641,155262
19930723,77573,921038
19930125,189151,3368247
19930629,166399,2466251
19931203,53587,6944934
19930112,149895,190599
19930128,87637,2090898
19930910,123652,492641
19931027,143100,3215540
19930809,64442,4316364
19931003,166543,3434758
19930714,185846,4497323
19930426,150735,7071490
19930313,146840,5307680
19931219,163807,2750076
19931031,184458,7482424
19930801,155188,5415292
19931027,74635,630974
19930722,62958,8757611
19930912,22216,4796416
19930912,122052,4315532
19931015,162123,464567
19931019,55399,4466778
19930726,157968,9825906
19931220,105582,777914
19931220,107320,780464
19931004,122057,1374709
19931229,94977,9372773
19930721,177347,4144829
19930721,44417,539118
19930722,129403,5246881
19931212,96072,3454138
19930319,119993,3550914
19930318,142550,4682097
19930425,160255,6380277
19930403,116355,2150276
19930721,157373,5887402
19930712,63807,5668330
19930505,41067,1857854
19930320,80327,258849
19931220,171945,3162561
19930307,194734,6918085
19930307,90784,1032921
19930919,147930,8811678
19931114,188499,4714845
19930216,112397,6976480
19930506,122980,4711008
19930303,116158,4832801
19931012,28430,922373
19931012,166181,488894
19930918,147767,8801586
19931015,158145,4168880
19930125,185736,1983863
19931128,82550,4655886
19931117,102185,2303129
19930313,15671,6440293
19930815,128170,5401350
19930815,138325,674843
19930403,20300,2511377
19931027,153430,6105797
19930406,125219,3137897
19930502,84858,3831285
19930813,50508,577566
19930813,12905,881681
19930611,70082,2062076
19930110,20707,6540098
19930703,169532,4971149
19930703,178512,6298419
19930723,50948,930480
19931213,980,8848129
19930316,187658,7789090
19930923,107453,3180860
19930815,39742,5438747
19931127,7806,5598984
19930425,163849,4453091
19930423,185441,2220970
19931125,132767,8030529
19931125,13777,6627818
19930914,67717,7353759
19930829,166347,6580511
19930401,86764,8319611
19930504,177978,7578305
19931127,171212,1397415
19931225,74479,1151148
19930708,44832,1378820
19930327,160912,3253328
19930505,29289,119391
19930207,95675,7292474
19930507,126294,2614174
19930903,105094,5277830
19930628,147106,4680432
19930628,5510,2358239
19930210,20949,1282778
19931207,123734,4002351
19931003,113857,3483522
19930719,137420,2968764
19931113,117846,2374532
19930313,146678,1878165
19930918,129860,5132859
19930220,191066,4040453
19930814,124155,3466701
19931225,156405,2835116
19930906,186620,2196419
19930614,196192,4873222
19930817,89950,7106036
19930817,91787,6556583
19930213,66305,5108083
19930213,105001,1095534
19930902,6680,7382822
19931219,174272,3003528
19931219,187126,118885
19931031,13258,4638150
19930425,134303,4501351
19931107,190082,2297276
19930316,61643,5560077
19931018,114544,5863227
19930827,103564,152053
19931030,144224,5535780
19931029,14226,893932
19930519,48036,97418
19931209,39055,3896676
19931209,54685,973969
19930114,62483,5328039
19930906,45970,5257421
19931029,53398,1324362
19930313,91900,4820561
19930523,149348,2191029
19930408,43045,96827
19931223,119543,5607956
19930920,88135,5114734
19930310,189520,5258301
19930220,175423,6540603
19930814,29031,475214
19931105,95321,1787562
19930409,150746,7668486
19930903,32065,2708014
19930925,16478,3787380
19930506,25288,2615831
19930521,162376,2847972
19930215,6150,3278289
19930614,3695,2036731
19930224,4049,3585336
19931012,61847,1595396
19930211,118697,3328438
19930402,127716,6427315
19930909,195163,5301886
19930411,135465,6986141
19930616,195143,4004144
19930510,60014,4772649
19930126,125102,3905401
19930126,178689,5075009
19931023,46436,5229732
19930213,116762,6101146
19930122,47498,2944463
19930923,86669,6720323
19930324,52500,704462
19931214,159960,2547169
19930913,55858,4046699
19931115,134360,2569805
19930612,114215,2742367
19930830,58525,4506933
19930421,79003,3429144
19930421,187904,6507537
19930606,14452,6627282
19931213,103943,1734723
19930601,102289,4985632
19930705,180288,6370711
19931101,196357,6694130
19931101,171207,991883
19930610,147050,212827
19931226,24427,5767860
19931226,125318,5342343
19930709,95318,5477816
19930525,59506,5401833
19931112,861,4614311
19930122,64289,5592135
19931129,33202,2312402
19931220,142664,2843295
19930728,163717,5464998
19931120,50830,6564139
19930228,157978,1396675
19931016,56784,2388350
19931030,36053,4210385
19930522,114479,5618434
19930904,73777,4289386
19930326,86404,3951516
19930929,130804,177975
19930709,3432,388610
19931009,186720,885292
19930909,18688,6455640
19930830,120501,5516959
19930830,43905,8070448
19931019,122265,124864
19931019,86569,1232003
19931002,1544,3291494
19931219,150756,3329840
19931127,66532,6230887
19930522,10027,1762534
19930709,79870,5801192
19930304,114564,1237591
19930215,80771,1907677
19930529,77638,5066615
19930601,55164,3582431
19930404,185216,4845706
19930107,4093,3481838
19930519,68195,3384882
19930703,66804,3991383
19930728,129303,2455428
19931009,188216,6325418
19930627,99411,5472390
19930317,9143,1134206
19930510,173453,4786947
19930528,183398,5747793
19930529,9723,5657374
19930103,181643,4780702
19930314,78051,1411856
19930103,54380,4530220
19931123,33811,7865603
19931123,75453,5039571
19930708,148812,3609971
19930213,8847,7300782
19930213,183554,4011997
19931213,47571,5450147
19930629,53168,4944315
19930614,153771,1593024
19931107,8983,7416561
19930814,121012,5113399
19930527,70927,2442623
19930527,191448,1791908
19930209,49866,3698906
19930119,96766,3419754
19930821,70314,3178667
19930518,60257,3069904
19930717,133234,1366073
19931028,114792,4603700
19930420,51688,3084238
19930622,34084,1975075
19931115,148449,5336876
19930323,115593,3822009
19931109,127565,5150339
19930218,191514,7788329
19930821,164451,4850955
19930624,148823,6536395
19930731,71786,1218141
19930123,70315,4737652
19930319,73932,6415360
19930617,76232,2511910
19930312,45271,3371500
19930522,135127,5407344
19931212,164591,1460230
19931212,24626,6990194
19930120,357,6098147
19930627,105097,1282832
19931022,189530,4712832
19930131,84680,645895
19930722,57965,3045968
19930118,43078,4043437
19930225,87427,5267300
19931129,187269,4784885
19931129,131844,1299957
19930120,152516,4260073
19931220,71248,473065
19931105,148924,1546769
19930326,115219,241905
19931112,69502,2739933
19930704,50741,3647391
19930625,139583,7389229
19931123,173333,1531493
19931205,96582,312558
19930117,2610,2347570
19931202,96804,6812426
19930226,84342,4419364
19930810,158211,248765
19930221,70347,3961241
19930808,177540,8006823
19931221,77438,6165613
19931004,64563,6223279
19931015,65293,5795683
19930201,6455,5282426
19930201,123889,2999395
19930215,40765,6519414
19930919,194559,1944574
19930125,92919,4122077
19931013,181971,3621439
19930208,47956,6903722
19930821,182739,2677943
19930324,125273,508921
19931219,163197,4990352
19930510,90333,2489183
19930510,39229,1272191
19930411,50415,3443564
19931213,81769,7132596
19931213,89632,7384903
19930301,130726,695661
19931105,112526,150774
19931006,180509,7400712
19930125,104177,1489455
19930817,102607,7887040
19930802,148233,4058936
19930517,20142,4018075
19930730,83470,6409802
19930420,135793,8064963
19930112,198442,3202574
19930913,39554,1303869
19930917,78762,344670
19930601,134375,414354
19930601,32824,3443367
19930110,178313,3994451
19930915,120008,1309672
19930209,99802,176576
19930923,13100,4765622
19931030,95097,5297728
19930108,30389,2742991
19930504,77586,773972
19930424,45700,6191123
19930418,10802,4028505
19931207,148265,1019089
19931207,33317,3517122
19930905,108252,5988708
19930325,55149,2295507
19930331,162401,6310180
19931030,169116,2581169
19931129,3839,8539867
19931120,51301,4858924
19930910,186357,7144582
19930529,101915,8265715
19930409,122189,1079161
19930816,27920,6632184
19930914,110576,7853521
19930223,72148,4237489
19930107,117629,1452318
19931010,177001,2091320
19930924,174947,588384
19930913,80663,3905336
19930401,90070,3290457
19930216,156306,1888147
19930228,138399,1849920
19930913,166326,6478464
19930307,158954,8967692
19930706,10724,7209115
19930914,111754,1557391
19930605,192796,6848752
19930205,180917,9494068
19931105,58881,3245548
19931202,31840,6945612
19930921,27624,7680519
19931002,165667,2744533
19930703,49781,3222712
19930616,86953,752700
19930420,78405,6710873
19930128,64882,5016126
19930512,69753,5969328
19930423,183880,190496
19930504,164234,1511139
19930504,12865,2787684
19930416,162883,7437153
19930416,163911,7038579
19931030,20016,3521269
19930328,18169,107628
19931216,81155,1462225
19931005,19030,2348849
19930701,162957,5344787
19930208,41097,513854
19930214,196433,4946176
19930717,1147,4778470
19930921,182550,6239606
19930124,93962,1328096
19930301,170168,1941434
19931216,138093,3510903
19930728,120922,3580801
19930411,179742,180352
19931118,171229,1656480
19930419,16171,4007308
19930630,60250,5152034
19931203,63201,2371475
19930417,22339,367047
19931007,61990,5112261
19930404,169109,4665276
19931120,167834,4659483
19930421,26200,891950
19930902,21481,3436076
19930223,77494,3605150
19930517,177427,4021314
19930517,541,3673043
19930325,160712,7470199
19931212,142536,5205991
19931212,179982,8689183
19930427,25739,5490279
19930427,188910,4265673
19930807,126234,2869543
19930309,26839,6992686
19931203,97251,6055260
19931203,111663,3248840
19930906,163170,3708142
19930906,187798,4854023
19930430,30630,2141184
19930411,186549,7853863
19930123,48010,3066590
19930919,185023,4191639
19930214,5182,1065436
19930901,123626,7113161
19931023,64689,5238858
19930814,64083,615683
19930814,32349,2982959
19930930,97743,3714739
19931211,106234,3969976
19931129,158676,7235308
19930808,22797,3876406
19930515,167429,2962911
19930826,158852,8052321
19930119,195291,137242
19930418,81739,3372630
19930418,49920,2591709
19931112,154970,9624682
19930218,98172,5160449
19930805,95514,6881856
19930705,74368,2213551
19930307,118010,1396037
19930121,161373,2782677
19930917,199507,5089392
19930917,29535,4204665
19930917,81894,8006298
19931211,186122,4735830
19931215,174559,5821972
19930104,40119,2516445
19930915,3250,4633758
19930522,5839,4400461
19930906,3525,3779863
19930619,100162,5292476
19931127,94785,6627900
19930403,33442,2995708
19931116,132236,2485730
19931116,81874,7716707
19930121,115399,1801932
19931005,163235,5912139
19930725,28627,4620191
19930514,25219,4106569
19930514,42923,7420763
19930505,99585,3571643
19931221,92735,3217033
19931230,64118,3393496
19931019,70230,2495278
19930116,84347,1054421
19930708,126277,4902901
19930312,18064,2406047
19930902,190982,1407553
19930704,147891,1919501
19930526,122674,997641
19930718,102195,1066696
19931114,112178,4948726
19930830,166463,1514165
19930326,106226,3107658
19931023,89132,2856639
19930305,17049,1874117
19930305,127126,4697810
19930305,29389,3197071
19930305,131401,3790130
19930710,142143,4341167
19930307,32227,1574220
19931106,138872,9458806
19931221,88108,3083329
19930612,147707,687842
19930626,51152,1310542
19930829,141514,4828303
19930701,122080,2836753
19930204,182029,2263147
19931014,107197,4530162
19930105,25694,2670868
19930719,43423,937364
19931117,48203,2707622
19930903,27850,1568063
19930508,51426,4409121
19930228,46937,8206399
19931211,41489,6372788
19930516,84609,4841356
19930627,186826,1312194
19931123,53191,4883402
19931223,79769,6954818
19930705,25713,6676104
19930722,47557,4021662
19930202,44509,1691874
19930616,163179,2434653
19931123,84963,4199801
19930109,162278,3449854
19930505,116182,118619
19930222,101728,7885793
19930222,168921,5018578
19931029,3715,7692109
19931008,150995,7089355
19930712,153379,561489
19930814,171612,4289838
19930329,10881,5854071
19931025,119790,7166768
19930626,48061,2397526
19931201,137163,2211894
19931204,21697,7931581
19931015,85687,331190
19930906,11522,3973717
19930526,148598,6683508
19930420,47826,6538300
19930103,97855,6786989
19931020,51747,4994295
19931007,48753,4002516
19931007,187669,5623068
19931026,65951,7623710
19930330,33867,7412339
19930921,82999,3845060
19930926,108218,4044040
19930615,48859,2505680
19930410,167718,1060711
19930824,127394,5628704
19930824,47693,2251026
19930102,77902,4237294
19930907,99847,548511
19930729,163929,5129776
19931223,178255,258650
19931125,1423,2697843
19930827,76145,1318460
19931227,41821,5873716
19930913,186385,1284514
19931206,29100,4991135
19930727,90288,2277894
19931207,150292,2367799
19931028,84977,4948088
19931226,22192,2426705
19931226,54830,8395840
19931231,189245,1438310
19930408,16845,7861330
19930918,139984,6545551
19930324,160049,3733028
19930214,158996,8055560
19931130,13637,1519617
19930609,150912,2284827
19930501,56983,2304696
19930726,46795,4483367
19930726,128937,2697255
19930508,56345,5175429
19930104,149249,2518585
19930511,125314,2728174
19931116,41376,2683482
19930112,94265,1246667
19930723,48531,2899878
19930101,79074,4540837
19930105,122584,2544822
19930105,17364,3425075
19930502,18921,7212486
19930503,4443,4835962
19930503,72798,2920032
19930612,158802,2553017
19930928,18155,4311916
19930908,154238,626731
19931029,7912,529593
19930703,164300,2779079
19930708,61931,1298549
19930715,84660,5802360
19930625,43950,551139
19930502,52157,1398638
19930617,149183,4541815
19930112,111450,7234177
19930107,170492,2296860
19930907,112293,3798393
19930316,7414,4402938
19931203,17187,2164192
19930312,170516,6753773
19931021,9724,3169416
19931021,131453,436428
19930510,138905,7239083
19930217,85959,4574522
19930628,80712,2298700
19930912,167616,3266203
19930209,10604,749727
19930605,54884,178371
19931101,131725,7478357
19931224,177352,3679146
19930528,179066,2443558
19930126,42316,3986326
19930923,122489,3518725
19930111,89092,104865
19931216,52485,5494048
19931002,5081,97621
19930904,40331,2491806
19930227,96383,535199
19930726,96965,4229985
19930107,40093,3707760
19930407,112930,9232803
19930108,23809,168081
19931213,41910,898176
19930530,101782,8476522
19931111,18430,5606771
19931111,130230,488969
19930103,70497,3273970
19930926,108987,2542878
19930303,140406,1417472
19930810,59295,491681
19930623,118403,2206012
19930623,180821,4330444
19931101,1379,3353289
19930227,191179,3485346
19931207,97740,5677196
19930509,93443,1266940
19930705,145168,840719
19931102,116448,6669059
19931111,46470,4719678
19930206,25776,3369504
19930531,139013,2653169
19930327,180003,1501038
19930119,166191,4312161
19930710,171602,7787260
19930924,76472,3122901
19930211,76197,4096779
19930211,3300,1429520
19931007,197969,5524984
19930127,10134,4961705
19930809,37846,2295802
19931010,68749,1999449
19931102,169411,2198408
19930602,175272,132032
19930216,110843,5574496
19930216,124595,6912410
19930329,136298,4141636
19930812,6060,286919
19931008,148437,3746254
19930314,78104,2439053
19930103,175637,4747410
19930228,124296,2222048
19930421,190673,3111113
19930801,77345,4874145
19930504,60770,5708079
19931107,26930,8640295
19931107,198825,6221633
19930206,160091,2507074
19930604,158788,1809844
19930407,16515,5693115
19931015,190089,1155498
19930403,166731,6870924
19930403,39890,8152159
19931030,41046,4595658
19930222,40738,830971
19931123,23618,747680
19930704,143039,3642112
19930117,80445,5221386
19930310,73827,5647371
19930607,108754,2094147
19931128,140801,360992
19930213,192180,4986945
19931113,6099,2954964
19931113,113757,5785040
19930223,115741,344321
19930913,11750,7898297
19930325,90449,1710054
19930825,88122,219803
19931103,146693,3374998
19930215,34203,1894575
19930624,29758,6875893
19930411,57332,1895315
19930411,171491,1392178
19930411,34526,3578274
19930204,105899,6533772
19930323,143034,5277447
19930915,192491,2638094
19931027,178778,2389662
19930220,194114,4664512
19931117,87231,2008861
19930827,26490,4946383
19930624,87531,148815
19930224,31933,8224341
19930909,91164,4116990
19930909,7675,6294278
19930909,68113,2648719
19931025,10670,6660943
19930618,68853,4689441
19931127,144301,782964
19930825,49560,4539246
19931030,96141,2426656
19930514,140078,2656534
19931209,38108,4818336
19930407,64228,1298327
19931202,175845,4329573
19930218,184971,1611880
19931111,60785,8468778
19930109,7905,1954306
19930331,3714,4804598
19930818,133404,4601117
19930918,42879,5831805
19930506,26553,5799836
19930506,81368,3305932
19931122,92321,3088928
19931122,110578,2619551
19930408,129098,874621
19930918,166381,5445043
19930220,155895,9463767
19931226,166681,4068599
19930703,188723,351473
19930705,162393,1568910
19930516,104454,3176504
19931122,141903,4235992
19930621,59541,4753710
19930322,65221,5463729
19930722,2789,663177
19931216,18499,5973302
19930328,93504,3081855
19930809,162287,5877463
19930618,100119,3907932
19930721,191340,6108959
19930209,153893,385484
19931126,159881,2282474
19930206,38434,6455910
19930206,87577,7125051
19930506,110280,2252828
19930915,86719,8357979
19930911,35686,642185
19930221,39400,2519411
19930702,61716,4152332
19931004,53760,339324
19930323,177190,6145871
19930714,144526,2154753
19930916,37918,180023
19930916,74046,1918695
19930508,20138,3142646
19930410,98751,3733966
19930701,84786,347072
19930610,93544,4623382
19930610,144006,4365900
19930610,107378,2468729
19931028,108876,373204
19931120,56874,3229654
19930413,45006,3413139
19931215,76121,2128412
19931114,136466,7437177
19931114,179563,4185242
19931219,121124,1555072
19931027,5871,8706663
19930607,3911,1232323
19930510,41833,2754536
19930510,83240,2664216
19930821,121512,2404543
19930622,118810,1433787
19930925,44856,5883376
19931021,171094,3460317
19931021,43008,3541524
19931005,122034,2613674
19931203,24109,601264
19931203,124442,1868244
19931001,70011,475789
19930509,104829,6581579
19930607,20986,1510328
19930607,101038,3258398
19930712,112046,1990173
19931121,135603,6651077
19930121,83528,4339573
19930823,121063,858575
19930505,118491,146420
19931111,182241,4538713
19931226,167548,7282854
19930826,138800,3276741
19930825,2036,735415
19930302,149416,145075
19930508,65096,102925
19930323,21221,1231313
19930903,60993,1934450
19930316,155357,2876956
19931011,153853,8878293
19930212,189597,330571
19930902,33534,4128161
19930324,57805,8551342
19930520,78189,5261647
19931104,33525,2286959
19930930,137575,6569610
19931003,50418,3889021
19930415,118448,2586800
19930816,7796,8263381
19931031,58760,2667515
19930709,149445,4783702
19930730,82015,967099
19930418,30219,1895047
19930619,170476,3521312
19930916,162799,5160881
19930930,105314,1422216
19930930,157293,661642
19930930,40374,254987
19930815,13906,2522381
19930825,155387,4855051
19930930,19949,8141102
19930626,184675,6035668
19930708,50579,3560838
19930819,145275,653533
19930408,128372,3260061
19930408,132396,6019235
19930714,60262,1317596
19930116,129591,7464437
19930510,137730,5829973
19930310,111954,4671097
19930310,114669,2144982
19930226,26463,3438913
19931201,69617,3141487
19930410,163769,1077662
19930410,64771,4467871
19931206,84559,3781697
19930412,5583,6064474
19930824,42690,1454726
19931227,2918,3605401
19930311,77437,5960408
19930726,187226,1019058
19930726,92203,1893196
19930320,97340,2118346
19931028,173642,7734105
19930627,151016,2218313
19930414,4478,5900381
19930917,71862,7080533
19931127,186776,5476543
19930306,93604,4428547
19930104,157500,1678985
19930104,57511,6694937
19930928,94553,1501123
19930506,6133,3628641
19931009,82255,5634436
19931111,78972,1135464
19930925,85127,5449388
19930610,76688,3068005
19930625,134119,5145176
19930816,126424,1688288
19931211,90350,260027
19930116,2802,165365
19930317,100969,2123616
19930207,26332,1109847
19931116,101566,2150692
19930720,6347,2233451
19930922,51171,1888612
19930117,58273,3105262
19930417,141899,3613937
19930531,94268,2749202
19930618,126039,2713696
19930302,59370,4343051
19930323,28526,3103945
19930908,101973,580641
19931226,176591,3758747
19930218,192718,358520
19930213,122864,6537969
19931009,119908,6732226
19930103,53588,302149
19930103,52190,5207244
19931116,195450,3671989
19930913,17508,2963614
19930913,199585,3921702
19931109,65517,3451283
19930702,42756,4877111
19931026,32548,293146
19930405,145606,7521386
19930405,154356,5113929
19931102,152568,5082076
19930228,82820,8743677
19930112,4123,3457285
19931002,97365,3700169
19931003,19906,4073582
19930721,58986,4905239
19931013,19279,4344927
19931013,183983,6076921
19930728,86262,1210812
19930216,78120,5435694
19930826,151644,3489627
19930506,115257,1994888
19931028,57737,4484255
19931028,89433,5794979
19931025,151851,6460175
19931201,34628,765683
19930524,94556,1381540
19930414,83993,2348664
19930128,101544,454388
19931121,125678,1349306
19930524,75876,5683389
19930524,114528,6261088
19931012,165578,1115984
19930408,85727,8306692
19930402,172042,5403094
19931030,194738,181440
19931030,61937,5894278
19930803,158985,2225894
19930803,138944,4039248
19930524,144716,3105892
19930903,154156,469538
19930615,102715,1360426
19930305,56088,4754740
19930728,185531,4801094
19930117,72010,866132
19931115,116968,4428445
19930419,141696,6811744
19930419,136780,7014587
19931124,85040,198857
19930607,170238,4921561
19930305,163019,3988288
19931216,35458,689757
19931124,197324,6066193
19931117,57766,170652
19931128,135555,3896847
19931220,162324,3092879
19931201,115973,3938160
19931116,6718,6619068
19931116,154711,6337133
19931105,152598,2588125
19930408,97404,4023419
19930709,113252,5386169
19930609,19715,4005039
19930227,86096,2249665
19931127,8074,3272257
19931127,94163,4124118
19931221,11909,4639653
19930729,34231,2076439
19931228,676,5775342
19931228,158803,3611892
19930811,117198,1786329
19930823,116858,6496355
19930328,20325,3173075
19931023,197939,3393525
19931011,60502,6383812
19930830,72800,171961
19930304,119072,641549
19930501,52327,1379106
19930619,112888,184385
19930124,157695,3230207
19930204,45580,3255587
19930921,136361,4426836
19931103,128844,5191512
19931014,32588,3576404
19930723,138202,481197
19931115,9596,7156069
19930927,83967,6309404
19930927,20240,689182
19930904,34065,783263
19930331,128577,7709947
19931223,177317,2732847
19931012,82846,1448441
19930321,114423,697148
19930602,182067,4550277
19930728,98006,1850372
19930716,189282,2926311
19931110,147209,1354183
19930813,145090,3146469
19930905,167724,1419042
19930422,40246,4998815
19930422,10740,2561948
19930118,151732,699222
19930725,87971,8339335
19930124,85357,2367905
19930124,101128,547623
19930624,173865,1504555
19931201,192600,8044927
19930802,97479,7160879
19930721,179309,3905287
19930721,177059,562344
19930618,199621,7844306
19931121,15229,5097500
19930418,5496,3468687
19931101,12271,5566102
19930219,134054,4265156
19930702,72661,5175434
19930922,129115,4870476
19930903,150360,2349659
19930529,159672,1371482
19931115,166263,1954012
19930421,74282,365577
19930421,55101,2151275
19931210,175192,983339
19931225,171925,587094
19931025,94088,1484613
19930504,77821,8109080
19931113,30513,2800409
19931210,91444,6126457
19930730,107645,161958
19930528,169506,6418587
19931007,46177,2112682
19930304,139986,3144320
19931202,146482,3594984
19930518,116672,327601
19930803,91857,896692
19930209,19867,4776276
19930226,101296,3271765
19930226,65979,1347864
19930320,3636,746720
19930821,132212,1931013
19931212,133477,2930311
19930504,27715,6692400
19930618,159567,3381618
19930416,27831,1896018
19931115,175076,2143292
19930622,143809,7262976
19930216,60377,129724
19930210,175245,3234588
19930111,133989,7610450
19930503,91794,2121518
19931006,136155,3151782
19931230,19564,5379388
19930426,186028,4803654
19930816,196286,3620191
19930704,120420,5449108
19930704,89513,7437424
19931106,109036,2534197
19931106,155017,3992165
19930606,159872,3251337
19930824,7206,1835666
19930107,71626,4804043
19930103,88264,5454844
19930616,27564,4485120
19931124,197345,4947226
19930929,87472,7078429
19930905,67995,2137696
19930417,87202,117730
19930515,195361,1141786
19930315,11698,6152235
19930315,17926,4381153
19930705,69429,2192722
19930403,46564,7401744
19930921,21304,2258227
19930130,193460,5328367
19930104,143664,334701
19930806,44715,3903637
19931017,116755,5035313
19930614,95145,2322465
19930723,99023,2833039
19930723,72380,3347140
19930626,52774,2707575
19931018,34011,3574972
19930912,60715,5038859
19930224,31242,1934672
19931114,198382,3957055
19930413,7315,359359
19931121,67390,3762685
19931018,59300,1727759
19930105,92403,4282482
19931108,58039,4343062
19931031,145478,738882
19931015,36090,3881698
19931019,152202,4379666
19930919,81684,5713282
19930219,94455,2295928
19930506,185197,3554230
19930105,167604,6454047
19930403,195633,4862636
19930403,85446,5526789
19930311,109102,1197765
19930331,88441,1132116
19930614,76965,7305653
19930616,72376,1961878
19930228,73745,2041863
19930914,14688,3769503
19931001,175598,662741
19930626,197382,3443996
19930124,184345,1698055
19930220,62707,6381593
19930220,104351,1726715
19930601,34538,3498731
19931019,140793,6937227
19931226,116246,5498317
19930917,115545,4087054
19930619,109919,4392128
19930619,158349,4458453
19930619,158091,227519
19931104,134622,5624224
19930306,196996,1230678
19930226,199115,3846300
19930910,105544,7592746
19930117,165661,170939
19930502,41308,3710421
19931128,30899,7608682
19930702,32499,6874014
19931104,112825,909720
19931104,197504,5963986
19931228,81036,591911
19931228,165454,5062807
19930429,22775,7731644
19931204,122775,6871076
19930811,68987,7399472
19930811,51244,4259835
19930116,146862,7937039
19930530,14968,730588
19930305,84610,3281707
19930305,34268,3213640
19931121,291,2195547
19930914,114368,1368536
19931120,186887,4494524
19931101,149796,8320821
19930917,185836,190261
19930219,21579,294111
19931129,175496,6622258
19931117,95147,2014734
19930219,48492,2823360
19930219,170892,9233434
19930927,14949,7774493
19931017,66593,6353769
19931209,64194,229321
19930727,140043,4181617
19930331,168955,5610389
19931117,8732,1273206
19930208,119200,2509113
19931024,148604,3272148
19930522,23002,3678725
19930706,60654,949414
19930115,22869,7821468
19930115,50575,2071724
19930325,76731,7946067
19931019,186607,4862325
19930528,178377,144081
19930714,105993,4551700
19930823,81058,2418908
19930125,121861,7828931
19930609,164143,2224759
19930201,162361,836935
19931020,183204,3568118
19930803,124767,5909224
19931124,144934,7294335
19931231,40061,3335531
19930829,49978,2805196
19930811,190300,3853911
19931129,137850,740037
19930310,13805,673769
19931120,97786,4020640
19930922,167864,6885149
19930922,83738,5624891
19930129,36517,5324207
19931027,181810,3337152
19930722,67314,1775895
19930220,23511,6466771
19930806,105183,1959308
19930331,22394,6125162
19931231,197860,9305708
19930826,107807,7114016
19931127,35698,4002540
19930317,19505,3592589
19930830,58049,1074511
19930830,96755,7381874
19930828,24720,2256555
19930713,156965,9313147
19931220,121943,962820
19931226,104791,2666748
19930409,173164,244957
19931204,108810,5761990
19931204,116734,8407005
19930523,63022,3957810
19931006,1256,5557114
19930312,185876,9322806
19930622,156323,273105
19930907,103822,1771045
19930916,120449,5843962
19930827,100419,2202924
19930708,167700,4900064
19930505,8383,4176322
19931213,153793,4657604
19931111,74235,1876724
19930121,12073,772294
19930927,85939,4716078
19930318,193443,6706560
19931228,163524,6600908
19930221,156116,3069756
19930330,116170,3522924
19930711,117841,8015318
19930905,78463,2568681
19931025,87273,5990063
19931221,4608,7187875
19930514,43165,5156268
19931114,24205,3724101
19930111,179547,478202
19930505,188714,8833279
19930501,180213,3675302
19930310,20975,8732837
19930701,84619,3733204
19931208,158174,4183217
19930430,47166,4472676
19930714,186943,2953562
19930714,109436,566608
19931122,186318,817308
19930715,36463,2632384
19930118,77371,266977
19930624,164698,6218770
19930615,118406,4559504
19931020,39156,2493656
19931006,104163,3202687
19930905,102387,5089298
19930810,172766,6126748
19930216,171996,3480427
19930221,25848,7127289
19930621,121963,5109287
19930722,67686,2430909
19930421,33116,4935013
19930421,94405,4343737
19930919,5662,4035156
19930525,111800,3946100
19930921,64721,3270296
19931017,58527,582323
19930811,145191,2692421
19930821,153990,6610263
19930202,49082,3031375
19930428,120249,984930
19930718,108454,2750868
19930304,146430,6800436
19930818,129621,5014583
19930828,145293,6426468
19930820,90728,3537125
19931215,31448,1081480
19930918,57992,8408356
19930921,105061,5171457
19931002,176623,5163445
19931011,64858,5895096
19930113,100228,3972063
19931204,126436,2127835
19930423,2468,2849186
19931113,5154,5086038
19930116,42998,2113738
19930813,2802,7932434
19930802,2754,4221399
19930924,48342,2127770
19930901,138250,3188418
19931222,49355,4554790
19930119,17857,2956900
19930426,198273,1746997
19930426,158169,1093399
19930828,106690,6253999
19930627,129922,5490750
19930723,144794,8204680
19930714,94693,1670813
19930304,58166,222583
19930215,196968,4654419
19930223,170590,5096350
19930818,90918,2456767
19931214,194239,783939
19930507,113891,1885841
19930717,107815,1263207
19931110,26220,4224966
19930621,94896,6551933
19930217,194002,5315600
19930101,119752,4514419
19930722,31247,2099623
19930822,92928,4754277
19931001,182817,5213078
19930428,167991,6860554
19930709,119652,4259364
19930116,122936,3071602
19930305,150677,8211615
19930814,36009,2993760
19930414,59966,4194740
19931112,184717,713477
19931119,137634,6225150
19931119,120979,9503857
19931028,30025,3120050
19931108,87035,202361
19930901,63845,2105489
19930916,70237,3981444
19931015,40041,582737
19930607,109444,854622
19930615,153571,7641977
19930125,78142,1219832
19931118,60431,6749826
19931105,131213,4999235
19930404,185950,8491947
19930213,135198,3504725
19930725,97429,3494729
19931202,3967,550062
19930213,170463,5652333
19930213,35899,8187279
19930201,87077,4171154
19930320,7076,1167887
19931018,23724,6136109
19931117,69007,4354912
19930620,161633,6642949
19930728,29632,2295596
19930112,92712,5680093
19930821,160736,5810624
19930107,154929,1571264
19930107,122429,3413739
19930102,25991,5072355
19930616,131569,4912118
19930418,61316,5257407
19931017,186972,8587963
19930517,11121,4605319
19930729,59464,3523063
19930517,95154,5405601
19931227,117513,593837
19930511,77081,5029054
19930511,99059,2094939
19930626,131520,3762436
19930626,81334,644511
19930627,101893,4271082
19930525,116705,3711985
19931005,88767,6642040
19930918,128570,316516
19930515,43126,4714819
19930810,54399,5359424
19930921,101295,2892022
19930921,44969,3938929
19930308,112398,4422983
19930225,148824,363327
19930511,166836,6899661
19930723,192768,4605381
19930624,3807,3484899
19930419,140953,193413
19930407,67400,5226202
19930402,199860,2851596
19930122,155774,6814063
19930307,168207,249939
19930120,49062,4557858
19930812,1258,3976227
19930713,180418,6540559
19930308,138483,3280310
19930308,83087,4463303
19930724,15701,7056895
19931109,111686,7486768
19930122,171364,2506138
19930305,97367,1720457
19930305,33806,852502
19930502,161504,7439256
19930502,14121,2152014
19930112,109206,4049046
19931126,175468,4192037
19931126,195868,9137840
19931126,145275,256132
19930522,197926,5355292
19930411,64180,906190
19930921,21676,1549739
19931106,138901,8642254
19930409,567,6828556
19930428,20050,380259
19930924,139769,2148806
19930205,110078,639785
19930205,65068,1703515
19930419,42376,1957779
19930419,10313,1067949
19930917,146903,5485068
19930312,130562,1418970
19931230,11621,1337977
19930623,193073,4524351
19930630,131037,628001
19930303,42162,2034966
19931109,188414,1189908
19930418,32415,6002711
19930607,87244,2533891
19931205,37510,1123267
19931021,121675,7981135
19930830,134876,3594346
19930830,144002,410032
19931120,69475,2145037
19930202,94880,2364223
19930808,152340,2894674
19931022,127901,4964988
19931022,36476,2656856
19930529,50181,2852835
19930208,158847,754712
19930913,76913,7593658
19930913,73732,8358077
19930320,149206,3230884
19930113,25357,6032174
19930917,31140,2332942
19930515,173862,6260571
19930611,86217,2358291
19930106,50053,1787435
19931125,186079,2740244
19930403,142073,757132
19930323,42579,451906
19930323,58508,7185850
19930807,8458,5301826
19930210,174625,7418841
19930719,168956,3731982
19930413,137945,6539736
19930225,112308,2587788
19931009,14854,8407344
19930604,183346,7075233
19930521,9146,2585093
19930604,177789,5729147
19930122,54137,1512306
19930910,180647,5986272
19930228,108252,748588
19931125,187097,5053696
19931125,126070,2685371
19930403,156433,5056614
19930212,149206,852280
19930424,95729,5688126
19930426,162041,3567231
19930227,32989,6279108
19930427,193388,145175
19930205,119489,6584515
19931031,34607,1345816
19930315,171114,4483271
19930125,187110,469267
19930523,108706,2037063
19930602,43289,478124
19930107,123888,8716260
19930129,84144,437718
19931226,132014,3935089
19930618,149357,974600
19930615,106993,6859965
19930705,186663,2206321
19930814,162159,4427889
19930928,61473,984046
19930819,85356,4732282
19930205,29344,2773334
19930806,48326,504630
19930721,111137,2841621
19930713,61227,2823210
19930403,118723,7168919
19931214,133792,9037660
19931103,93488,6097771
19930913,174857,3185620
19930528,69171,1467398
19930725,66522,583499
19930329,147976,396698
19930615,187432,297808
19930911,16588,1897275
19930702,16711,5478871
19930109,66196,5072959
19930403,13488,3708316
19930612,46083,3793188
19930612,34167,4748201
19931202,13288,1648156
19930403,161917,3684730
19930401,106568,5498363
19930714,189756,7309170
19930919,190513,4871463
19930508,139054,4436689
19930711,85166,2256273
19930212,139290,789598
19930212,28769,7819882
19931024,78599,5720341
19931123,50759,4643681
19930607,31082,4269119
19931030,126730,688638
19930116,183585,2477841
19930830,40548,5919923
19930331,18513,1964031
19930629,181150,4631586
19931124,185086,2318738
19930909,83690,165695
19931031,14640,1523547
19930906,142765,7189461
19930906,35550,436751
19931128,8285,3935437
19930823,143960,6803444
19930424,29247,2678298
19931109,168817,3880996
19930820,145155,3293211
19930417,136293,1973995
19930728,3046,4134018
19930820,158946,4473021
19931208,62581,756354
19930605,22218,3318011
19930511,89031,2572515
19930224,110210,5562937
19930224,128863,2060235
19930910,63968,4497602
19930414,144625,5399551
19930520,14309,1574387
19930520,105940,5530361
19930831,6758,8240512
19930713,4271,1396220
19930228,177259,4147720
19931215,66040,896381
19931011,193226,4701700
19930628,8378,2899477
19930521,77088,1043778
19930704,190285,6604094
19930404,126483,6003201
19930624,136254,6003533
19930703,104045,2543922
19931114,106715,2839099
19930310,144936,784448
19931220,132253,3180993
19930411,104061,413243
19930826,138949,1771254
19931025,176049,4910799
19931025,89305,5147431
19930125,199369,5468172
19931103,50917,1268310
19931115,93623,5958861
19930319,24589,4944865
19931222,198767,4617756
19931222,62041,1945897
19930925,138438,144690
19930727,12696,637041
19930104,70587,5800427
19930702,90927,7069453
19930702,45685,3163519
19930313,66193,3710567
19931015,36849,4725332
19930129,185693,7246383
19930827,16097,3008877
19930622,153568,4173895
19930205,30521,5689958
19930817,145467,6887742
19931219,111592,2955416
19930709,162201,1361729
19930626,82077,2830894
19930401,12451,4543015
19930607,107434,1398187
19931111,161814,5458607
19931111,127089,1859389
19930511,118969,3278146
19930714,106311,2065542
19931019,82534,600545
19931019,36861,5461898
19930517,133563,5884920
19930710,20906,1446904
19930119,149670,4426430
19930730,102991,3517398
19930701,110317,3218726
19930502,1586,583131
19931013,133070,109203
19930913,157136,4724794
19930805,110597,779681
19930805,27413,4246418
19931106,163174,2400109
19930227,167297,5558117
19930217,30091,4159920
19930627,166646,7460259
19930316,191636,7957463
19930730,114690,3675311
19930727,155523,156273
19930218,126140,4977085
19930420,666,3567284
19930401,72520,1592518
19930627,142228,5544510
19930712,153513,7293670
19930205,182452,595366
19930505,62450,6850382
19930822,17022,1380359
19930124,130929,2716449
19930819,186168,4622833
19930722,30638,4503536
19930523,151094,4874648
19930130,85899,3839520
19931024,177303,1913095
19930520,76733,5026606
19931004,159736,8095150
19930721,85648,1940764
19930721,40683,2992442
19930721,148793,4740767
19930719,79113,2436497
19930830,23733,4708426
19930417,28381,2592572
19930224,68720,1801864
19930706,11811,3039036
19930315,7345,5207229
19930324,36791,6157843
19930115,173607,5868655
19930312,176675,3568151
19931013,31012,560147
19930513,85243,3039894
19930910,24660,6211867
19930808,188885,8041587
19931021,174140,4687794
19931022,34411,4176152
19931007,48371,5759050
19931207,25446,2150417
19930225,61192,5369252
19930225,158769,3618964
19930421,147578,2680564
19930807,99320,3620214
19931115,78791,4291740
19931115,32915,6157236
19930124,7148,4032745
19930528,23934,5644391
19930817,173294,3978813
19930218,48573,5517212
19930730,171615,6380445
19930604,138973,8001604
19930104,5630,2407867
19930129,158491,5368982
19930721,140464,5212953
19930314,172738,8606399
19930205,127876,369350
19931129,31788,4256455
19930105,143927,7073631
19930409,124776,4941312
19930409,107779,1945792
19930409,27120,2539266
19931114,126866,4823007
19930804,137415,6832136
19930216,61603,5160050
19931208,168790,5949986
19930302,32268,4234517
19931022,54137,1817822
19931022,76999,6651182
19930223,181717,6054457
19930606,86065,1937103
19931118,141175,3371223
19931118,152311,4496196
19931008,13133,4261933
19930328,23518,5368183
19930714,29903,3412859
19930714,172970,6406753
19930120,5014,4052834
19931120,19492,5394714
19931011,78425,4083952
19930512,106646,7035288
19931206,41398,129920
19930506,18474,6203453
19930217,23901,6903596
19930905,172905,7440859
19931114,104350,3318157
19930625,16706,7550423
19930904,139977,6847613
19930904,19935,8263713
19930506,83454,5916544
19931221,16222,2454002
19930721,164871,2108162
19930721,180185,5277065
19930716,192332,2820173
19930523,122188,3991173
19931207,142870,6561144
19930131,22293,3654377
19931111,84954,8360752
19931019,151622,3084481
19930915,13049,565679
19930315,166825,2385585
19930918,26369,5204756
19930901,181950,1379694
19930901,49188,4081339
19930131,41694,2855914
19930419,166459,1510195
19931211,168956,2749882
19930415,30686,3168692
19930101,20570,5205070
19930101,82109,2751754
19930410,88148,771439
19930522,182564,8068144
19930813,56623,5473383
19930813,135086,878926
19931020,191052,2550144
19930317,83375,2689572
19930419,48429,4809950
19930414,14412,3808123
19930528,196162,2989388
19930409,160731,2985022
19931127,7983,2808105
19931009,174054,2210978
19930120,48570,441903
19930731,162272,6537923
19931130,93274,6209623
19930930,102788,6205052
19930722,134056,215829
19930901,21917,6599847
19930326,34782,7327217
19930326,1671,152548
19930209,14146,2518892
19930609,135493,299584
19931031,40367,1902208
19931231,131210,2949114
19930404,86608,4063040
19930514,62952,8720682
19931109,170043,1101909
19931006,184171,2922035
19930509,76026,4761599
19930917,158473,7277545
19930214,32683,5758283
19930922,195721,7733777
19930415,58403,943450
19930510,168563,4361159
19930510,33788,6346481
19930510,64214,2332855
19931225,94810,3183684
19931021,195860,5175205
19931104,138827,6465066
19931104,37036,3082559
19931218,149387,4597852
19930430,71541,7411446
19931227,142438,7036483
19930816,157360,6174020
19930703,53647,156862
19930703,120141,3448585
19930806,125656,4495050
19931127,194536,322844
19930331,19482,815661
19930331,80268,2663786
19930427,28714,5312524
19930910,1874,6961410
19930122,64447,5532844
19931014,68869,7487441
19931230,114916,6244562
19930609,33582,735056
19930706,43458,2334815
19930406,179776,5400290
19930104,176708,524701
19931219,193417,5383101
19930226,150546,2659835
19930226,23187,3699119
19930928,49990,7224522
19930404,162290,2385439
19930226,115228,1230787
19930702,13134,1036658
19930712,47045,4714174
19931005,1223,5288330
19931128,165730,1393486
19931012,50133,4396424
19930828,83903,186803
19930205,173017,5179727
19930416,84012,4782840
19931001,157468,6806602
19930525,29332,4869995
19931126,94415,1640553
19930305,187063,3984957
19930315,14283,1974314
19930315,49619,3261140
19931013,80489,1728108
19931216,1977,7181423
19931021,140208,5085166
19930904,101212,4236529
19930904,112660,7120513
19930904,36079,3052315
19930501,16575,6577823
19930101,109102,2395531
19930307,79907,9153351
19931110,132326,4303157
19931110,128712,7505941
19930703,6879,7779249
19930625,52644,3635549
19930510,171190,494386
19930413,172996,1843470
19930926,126781,5190136
19931121,59623,2663549
19930525,160183,2953795
19930604,55526,3448978
19930609,142278,6339936
19930806,137870,7932923
19930806,98837,6296896
19930128,62654,475295
19930212,53411,405229
19930417,124107,2799472
19930505,182087,1927812
19930813,8721,2213159
19930820,84654,4542337
19930415,96265,4449725
19930528,152363,6727206
19930528,157277,2113483
19930717,20682,5235955
19930917,71772,4955794
19930917,97867,5299932
19930218,115933,3969970
19931109,160627,7184198
19931109,150789,3390714
19930811,197335,2084040
19930127,25077,1473042
19931005,111478,3178528
19930902,135583,6820696
19930410,78202,4693655
19930708,138963,9417219
19930402,40614,3317537
19930617,113516,6359702
19930617,93877,8710770
19931203,64424,4673421
19931203,181911,8788733
19930405,3841,2591087
19930825,41541,2201571
19930814,108337,6394353
19930227,41994,7091531
19930921,116139,5717893
19930719,44976,2795011
19931016,77470,6448478
19931016,121143,912685
19930630,136808,1278446
19931222,83293,3916934
19930311,111159,2383595
19930106,88867,1286110
19930106,174278,3079118
19930414,144958,5552177
19930430,114300,5991893
19930422,149069,1409873
19930702,55493,2555136
19930430,144014,1036849
19930815,97995,6708404
19930211,133282,2806807
19930211,60996,7782949
19930209,183492,5147125
19930327,55432,1345807
19930925,197290,2719088
19930217,150295,3784300
19930217,198590,4798972
19931113,38948,186807
19931123,93176,1489522
19930223,134092,2075383
19931008,45854,4989184
19931001,129022,5097447
19931105,125185,2347749
19930414,56379,2331556
19930506,192613,6783210
19931203,78272,5699980
19931203,110101,4203291
19930211,44488,3088426
19930922,78525,6271181
19930704,14086,1078086
19930408,119597,320084
19931024,1307,5741841
19930321,192270,667512
19931229,5395,3910272
19930708,182547,2076033
19930127,106569,2445269
19931001,74729,7513405
19930424,110982,8506038
19930613,48438,1344837
19931109,20586,3395831
19930418,180361,5279701
19930525,182086,5036760
19930130,71105,3163734
19930311,80621,941752
19931221,64898,182563
19930705,81925,6229907
19930226,75845,6602365
19930214,34432,4285124
19930517,55571,5591825
19931212,39055,2460273
19931129,63354,5999211
19930618,37958,3310328
19930406,130326,4162546
19930630,151726,5455822
19930718,143899,5842270
19930824,108428,2417494
19930829,180788,8607600
19930420,157112,1620386
19931016,26099,710387
19930313,136720,4869627
19930317,116076,4865171
19931107,41137,4810616
19930808,36472,5856418
19930326,71115,2212406
19931102,13930,912745
19931024,67890,1441722
19931031,189542,2558254
19931031,80632,4741132
19931225,125016,2524449
19930322,6598,2532224
19931104,33636,6460597
19931002,77644,6449262
19930721,55924,6263893
19931127,177708,5196387
19931030,141565,6680076
19930411,190152,2891725
19930908,53663,3200986
19930908,118333,133781
19931003,49761,1354921
19931027,121063,4722165
19930427,86058,2273940
19930427,172792,904423
19931125,80102,4285116
19930125,198031,4599668
19930401,83197,2197513
19930526,165521,5752721
19930919,6468,1077576
19930913,57204,1934559
19931010,105624,4839971
19930421,191871,3427171
19931026,120760,6457035
19930108,183914,6852831
19930227,17312,3252754
19930128,76077,3064433
19930424,99425,5781720
19930808,189485,6719880
19930208,4785,1966903
19930905,16803,8342749
19930418,110153,3109099
19930423,59870,3017455
19930110,154040,2122437
19930809,21348,2261963
19931211,160226,2773090
19930505,126248,1373630
19930226,40708,5712745
19930418,198940,8881622
19931222,23604,3175880
19931019,26260,2416411
19931210,53501,3455892
19930427,56630,1243917
19930825,104345,4541878
19930825,172450,3133202
19930430,42322,490556
19930220,15713,1436522
19930810,50170,2064473
19930906,3595,3560649
19930408,52362,5864674
19931022,125604,6480919
19930403,54634,5547495
19930926,44347,126551
19930926,18760,7164947
19930926,97484,1306665
19930902,66154,219549
19930811,73888,7946503
19930222,51662,5478375
19930506,47248,1739074
19930525,155548,6688365
19930726,142385,5676690
19930501,84220,596088
19931017,67485,4127948
19930323,47038,2484245
19930924,166420,4037116
19930715,141466,3216919
19930806,20886,7536496
19930302,111762,5970476
19930214,119043,618107
19930801,47306,1719527
19931019,122995,6263840
19931102,109475,727390
19930914,20775,4819378
19930602,110636,6938898
19930413,68612,3097995
19930803,105891,743580
19931028,73493,3919927
19930302,183313,1382346
19930728,141031,4263463
19930720,161044,328196
19931124,42772,4583580
19930902,166084,4782032
19930521,40511,2111947
19930110,87239,4205968
19930818,65365,1448762
19930528,42214,4261790
19930703,13303,4214479
19930411,198886,389036
19931022,6347,3439164
19930806,28668,4537707
19930404,176695,5261919
19930726,53630,3449146
19930709,16067,4768824
19930626,171826,7327483
19930917,45247,4089383
19931122,186810,929436
19930502,110088,1506565
19930505,158069,5028941
19930131,60285,5054591
19930724,60574,3274772
19930513,155729,7244178
19930410,56542,1780265
19930714,51965,2656906
19930504,25105,4744640
19930504,123815,3388926
19930504,157510,6759103
19930207,77253,2531854
19931222,89937,7630642
19930119,126096,2829910
19930605,144659,7513096
19931014,20320,4543292
19931022,28223,3685055
19930607,189553,4065311
19931020,27092,3459810
19931020,36335,3986890
19930620,56115,1974055
19930330,91619,956702
19930317,42098,2162347
19930702,137939,195716
19930528,186385,4369998
19930522,184234,4698171
19930421,110095,4331952
19930421,90837,4704834
19931215,123301,2491008
19931121,121051,3535620
19930720,197662,2389618
19930720,99028,697346
19930313,193370,3690619
19930727,165375,5029772
19930920,19685,6672259
19930202,118866,8770253
19930918,5657,3712856
19930918,147573,2566982
19930224,78711,5018438
19930720,42549,4774419
19930704,151078,1788446
19930319,24310,3299310
19931230,111235,3701303
19930216,151179,2290576
19930529,4984,3114928
19930803,93110,2270200
19930221,198111,2962319
19930411,102994,9785251
19930312,24811,1871203
19930525,23800,2871850
19930512,174038,5174275
19931211,177807,2239142
19931214,187832,5028034
19930909,126324,5160923
19930729,138025,4104320
19930809,134101,786624
19930122,61733,4109720
19930217,174708,2445864
19931004,112344,3588875
19930124,18961,1116696
19931023,143502,7344216
19930729,62061,3308576
19931026,102158,1033693
19930511,66336,5286157
19930809,24661,4306652
19930329,7065,3394433
19930205,184399,4748331
19930222,120333,2947552
19930418,91030,792319
19930925,71953,6413933
19930925,90940,3784642
19930828,9399,5128888
19930701,136469,6425303
19930805,46222,1717283
19931229,121269,6069383
19930308,196959,9769874
19930308,81429,139631
19930423,5537,5089245
19930724,196370,1293338
19931002,5131,1624651
19930203,4040,4533280
19930823,175469,917409
19930710,199742,6381629
19931010,71290,1373544
19930715,47106,3302521
19930917,149618,4787708
19930105,15097,4908636
19930718,105735,5514632
19930129,164669,5266859
19930524,24248,1493433
19930411,194918,8200595
19931002,191018,430295
19931225,9643,2434539
19930416,35278,2259108
19930711,53079,101142
19930711,17848,2569297
19930309,39894,8267176
19931118,181998,10191951
19931118,32232,5647679
19930508,103304,2662970
19930318,55483,976727
19930806,47444,3545389
19931117,136645,4077977
19930325,124,695377
19930727,113708,1181086
19930126,116159,1163398
19930126,73837,2986058
19931001,111837,6589230
19930301,22781,3036135
19930918,138025,2165371
19930126,168240,1268992
19930505,62665,478532
19930317,13411,385403
19930317,176357,3753943
19930120,131729,1898056
19930615,70781,2378917
19931106,156551,4456128
19930902,140380,3937293
19930204,89668,3118058
19930811,116908,3174160
19930811,115528,7260718
19930706,24178,3709904
19930328,20917,6239704
19930328,112163,1612319
19930328,105236,4546625
19931029,146821,8690966
19931012,68445,839583
19930322,156201,1707277
19931110,135154,2796880
19931219,47020,4595279
19930520,55220,1047121
19931108,96123,2659029
19930604,162372,6261025
19930423,56985,4037376
19931107,123108,1551869
19931127,118374,3170426
19930730,25954,4558878
19930730,8376,5606275
19931130,127246,2899167
19930820,96561,7403082
19930203,148847,1114753
19930527,126898,190564
19930112,143341,135665
19931212,875,7032445
19930517,137422,2311721
19931225,87016,98294
19930404,166294,4222340
19930927,126516,3590963
19931217,127536,3560157
19931009,35595,1484672
19930920,54692,3260446
19930920,114068,4606329
19930201,64338,2042053
19930314,192096,470483
19930213,5815,667674
19930213,122242,3097388
19930318,50378,4380964
19930208,144828,7341454
19930208,163919,2720552
19930602,30665,309558
19930304,162600,6419298
19930822,96787,8653116
19930128,37169,4552954
19931208,37706,7731964
19930203,149184,366254
19930607,67805,5440723
19930607,157582,5302401
19930510,183478,2271938
19931229,122951,1531785
19930622,10921,7818634
19930724,133231,4630874
19930720,64271,1797317
19930314,26004,2706300
19931227,12687,465506
19930303,55987,4523257
19931012,89870,920635
19930128,54382,2381429
19931105,130717,7536125
19930123,127228,4059381
19931212,58809,685906
19930417,93066,3564795
19931114,149274,3850715
19930905,43327,4435957
19931127,114929,5656807
19931030,197116,3963230
19931011,185731,6294969
19930717,100945,6417710
19930727,12416,657562
19930108,62283,5794287
19931017,160237,5339398
19931105,85703,4422705
19930824,16031,3950062
19931108,77349,259962
19931108,132366,406922
19930925,187827,3190090
19931111,5218,444791
19930317,45394,1706382
19931008,183413,4888771
19930220,101687,2340510
19931203,110291,3698266
19931220,2768,7454931
19931217,193430,4329588
19930212,87004,4611123
19930601,146056,855190
19930119,138430,1017621
19930623,128489,6476604
19931117,179645,3244047
19930903,49671,476476
19930903,71566,2386293
19931201,5812,333255
19930828,84443,1678669
19931102,33264,2815955
19930906,124417,4194503
19930525,90069,2054576
19930905,54394,3699982
19930506,182358,2281514
19930416,73618,4254373
19930221,89144,4441908
19930522,144502,6516951
19930412,156628,5613153
19931204,17336,620398
19931206,177183,6111873
19930720,180351,4959627
19930722,57408,3612848
19930225,128052,4190594
19930413,165952,2570868
19930228,89267,4630574
19930630,48419,1072049
19931005,153236,3751659
19930609,199183,2157908
19930114,114444,2858542
19930531,64525,5400999
19930616,190493,2303977
19930312,186337,6834830
19931023,31023,647779
19931023,11626,1356180
19930623,168515,3448884
19930930,164403,2588493
19930718,194870,8957842
19930907,185107,4484680
19930825,179426,1639402
19931029,192166,5854218
19931125,76101,1599493
19931216,55867,4823287
19930726,190202,3258928
19930726,119930,6306073
19930617,161556,3294949
19930204,24550,7080789
19930929,199193,2558536
19930406,57457,5899670
19930722,142059,2834102
19930620,186116,5713628
19930422,140208,5085166
19930422,69514,726919
19930510,65257,4719107
19930123,153645,3363307
19930703,51435,1784335
19931229,96866,2920964
19930401,47266,2402254
19930821,32716,816111
19930412,52434,3900027
19931128,177376,1294952
19931128,149338,3942791
19931019,138429,7263729
19930421,163594,1624438
19931129,149649,1482912
19930312,112357,5711558
19931126,169403,1731542
19931224,54075,3892971
19930917,22443,4148206
19930924,48286,1197251
19930906,71639,1578417
19930706,74678,8015449
19930217,116091,3471834
19930812,65660,4415292
19930305,13091,3798472
19930616,133924,2494390
19931101,171134,5377290
19931101,159098,5499648
19930507,184263,5868664
19930908,53737,662766
19930209,109188,117323
19931204,121670,663134
19931015,126112,2140784
19930708,21765,5510644
19930427,3406,5969554
19930314,39726,1958886
19930116,58242,3564712
19930713,172373,4626629
19930523,160390,2297417
19931230,157685,8453740
19930506,144245,1768837
19930908,95837,3233112
19930912,185510,7581863
19930912,173207,250919
19931207,130458,5486426
19930409,71221,3540893
19930707,190992,7011344
19930707,156921,1762326
19930527,123892,1126543
19931017,65102,1479000
19930123,196957,8947006
19931018,111815,2531958
19931130,122532,1846781
19930624,99579,1406505
19931105,136222,5614177
19930722,120960,5435754
19930806,38952,2409070
19930613,17960,7913723
19930407,60298,2319028
19930404,65318,5590098
19931023,121626,1937601
19931023,121201,3912262
19930530,39757,5925051
19930621,47868,2847268
19930115,115227,4058332
19930301,92209,2854051
19930402,28805,1544815
19930722,64992,7749680
19930419,156952,3897363
19931002,6874,1221676
19930713,137604,975110
19930709,136444,4207410
19931106,93576,4972397
19931001,63337,126132
19930714,143860,9049046
19931210,5417,4489581
19930826,194753,7967498
19931218,14438,4373758
19930129,52173,4520933
19931020,66376,263104
19930429,137385,5715122
19930406,197926,5950324
19930711,137975,1394988
19930526,77444,5206734
19930128,88798,4068520
19930619,81826,8232812
19931111,4304,236826
19930904,60722,652895
19930512,153152,5607562
19930821,158367,3809987
19930209,103791,6218947
19930917,119126,4874775
19930208,106532,2893974
19931213,46761,5917388
19931108,117476,887121
19930704,42411,656403
19930826,146959,8936507
19930317,128832,1805005
19930122,24934,364350
19930415,117876,1874931
19930508,172655,5697789
19930508,42238,2544575
19931218,70212,5032667
19930524,38920,7286966
19930517,118426,840652
19930801,15089,2186886
19930428,84073,1243114
19930428,14459,2264819
19930712,127675,2807702
19930911,195270,1873150
19931225,180358,4743678
19930404,49015,3244857
19930913,141424,6383369
19930901,99750,3943936
19930901,94572,4406761
19930331,111016,1626783
19930717,72614,6064023
19930519,183705,6374926
19930930,99375,5732497
19930214,93054,3453170
19931225,48781,5933145
19931106,23406,3094843
19930128,57731,4258977
19931007,129074,1513412
19930321,110271,4225628
19930110,36630,4605892
19930406,151328,811040
19930213,196608,337510
19930316,19778,6723169
19930522,131095,1419999
19930926,164115,3119925
19930713,141545,2462310
19930615,90883,5876487
19930921,168323,1908891
19931112,138862,6822186
19930824,48412,6329987
19930108,95747,172531
19930228,63051,1093145
19930228,35000,925650
19930224,163714,4310946
19930103,8124,4147058
19930509,120771,6918023
19930324,115159,3487225
19930124,39990,6052448
19930223,177448,6795835
19930828,191,1270145
19930915,189358,5158355
19930108,125263,3698594
19930117,114727,7414502
19930520,173837,3892360
19930523,68310,5637347
19930523,81946,3778762
19931231,67225,4047586
19930117,3288,1297303
19930121,145512,610543
19930511,49572,1054448
19931125,110253,4252099
19930813,27058,2633038
19930321,196457,3044762
19930321,136584,1925249
19931222,121028,3323295
19930514,161746,4116223
19930514,55561,900836
19930131,93550,1663946
19930929,16182,1491328
19930903,145430,433776
19930820,155020,2447820
19931115,197240,2647735
19930930,46127,3330964
19930412,91877,8424865
19930419,152013,3163079
19930525,162690,3817358
19930104,66113,4335863
19930114,10109,3934745
19930310,138769,8769443
19930109,22858,4712129
19930206,79485,4639472
19930224,19068,4595751
19930724,149924,6448796
19930323,168396,6107970
19930520,36219,2353162
19931013,44354,5398539
19931013,172311,4159613
19931013,29637,2456475
19930619,40175,216342
19930701,185684,3948156
19930701,168629,1008386
19931117,86949,574974
19931117,171022,2272388
19930920,82350,4047679
19930619,108639,489346
19930313,104446,2673160
19930620,134683,1999379
19930620,4506,410455
19930304,31734,4782310
19930113,69376,4306529
19931019,165806,3852164
19930102,16744,2959438
19930529,98389,2311375
19930923,177656,7208516
19930925,43522,4406818
19931025,119107,327695
19930329,85651,7378018
19931227,85842,3191408
19930418,64246,3795312
19930625,56429,2687714
19930212,25954,3350070
19930208,191140,5067372
19931026,38133,3393339
19930702,122475,4595735
19930329,168308,5125341
19930512,143500,302526
19931213,23613,7228213
19930110,189575,6297068
19931228,111344,6242696
19930912,38127,3585193
19930126,133248,1395270
19930926,40852,1597429
19931218,22474,3792812
19930108,100828,5854052
19931119,18405,2882365
19931221,196842,9027239
19930818,153213,5640965
19930128,99922,1318437
19930115,126993,4553057
19930719,161823,6033308
19931109,74239,2824399
19930710,60452,6228904
19930710,71761,4974753
19930302,35858,6748463
19930907,16773,6524201
19930826,168714,8647926
19930601,107834,4740870
19930601,161953,9280859
19930402,55013,1328109
19931014,122984,7397728
19931103,195802,2789766
19931231,176485,5755615
19931107,72370,4735881
19931120,162823,6468362
19930917,124052,4383827
19931104,68868,2672631
19930106,76307,1509160
19930225,11392,3831966
19930421,82233,117877
19930116,138791,8607332
19930725,46295,608232
19930725,20898,4099778
19931102,43067,199991
19930310,35835,694165
19930128,31746,2959533
19931229,164997,3878603
19930529,146943,7215522
19931128,77337,1951780
19930508,7222,111792
19931110,192299,5096295
19931110,160512,3424926
19930919,133109,4477032
19930425,147533,4599342
19931002,1331,4542368
19930628,29704,4120191
19930609,86918,5657582
19930609,16740,4660409
19930303,54916,8800760
19930303,34810,3761810
19930930,6720,1735710
19930930,143135,2171293
19931208,142139,4911138
19930809,85898,3357091
19930711,105908,6126393
19931229,190112,706840
19930424,126493,7074745
19930407,132883,1327704
19930103,82762,5129594
19930827,109715,169021
19930827,170987,1796616
19931106,76114,5396044
19930508,43945,7293197
19930326,96804,3842907
19931002,160162,2634976
19930509,117983,194095
19930313,25093,1580075
19930428,103203,4776552
19930428,190218,1424640
19930721,71644,1108329
19930502,198002,3414400
19930502,64404,6773580
19930831,126398,6627686
19930724,110237,1234757
19930409,62544,1044032
19930807,60094,3512227
19930807,166537,6285837
19930216,16196,4250790
19931031,195096,2594194
19931005,26940,2927361
19930309,134136,4981243
19930309,181578,6761088
19930525,69442,3148922
19930525,121540,3213649
19931015,12614,6881957
19931015,121491,3814499
19930407,146941,3470943
19931214,116300,5490287
19931214,122586,4618233
19930628,156985,5256056
19930806,41286,360820
19930219,118794,5922384
19930713,89784,3998100
19930826,155492,1200852
19930826,33713,5002704
19930630,44791,4467923
19930207,119984,1190364
19930303,11742,2917197
19931209,41623,5059981
19931209,198165,2104424
19930511,144794,4865438
19930622,3353,4063035
19930622,145965,4138555
19930421,195604,7403457
19931220,114117,329153
19931220,149010,1951755
19930501,111924,4024777
19930501,99388,5356674
19930501,25662,155590
19930505,199118,4096792
19930707,56929,1493648
19930731,131986,3361954
19930614,76999,2543099
19930223,45450,6700950
19930602,41295,5330882
19930101,134773,2104244
19931227,90214,3971484
19930406,181067,3712826
19930916,142970,4982100
19930301,141376,824909
19931102,161875,4509033
19930123,145898,2451245
19930815,22275,4064731
19930831,31791,5116686
19930131,96041,3285342
19930528,127479,4968338
19931016,122315,3014296
19930526,88179,4689689
19930123,50693,3905407
19931013,32415,266787
19930719,19004,4207957
19931226,186660,6946466
19930714,192226,1550226
19930714,145937,3109234
19930630,143788,7616541
19930412,80399,3277430
19930412,111527,7163349
19930416,111078,2695448
19930709,132318,3929402
19930919,60985,7898732
19930215,77026,3475464
19930121,33442,2451034
19930105,184159,1461944
19930808,104747,1387378
19931101,160333,5000661
19930528,115760,6504608
19930418,21294,5776273
19930730,63924,934520
19930610,82014,869516
19930127,6738,6286158
19930805,13800,848331
19930205,71841,7358317
19931215,113130,2772090
19930610,81782,8381482
19930817,122872,2063513
19931214,196142,3723086
19930216,20644,1858792
19930419,151736,520229
19930523,101684,6773062
19931011,80230,2516068
19931011,185456,1057434
19930102,192274,6357254
19931116,17142,1660731
19930214,148149,3367554
19930214,124340,5883034
19930729,47765,7217570
19930829,134857,185401
19930829,130330,6329615
19930902,8186,3109659
19930807,37894,7360534
19930117,97839,3273231
19930117,34941,5014387
19931009,62144,4051790
19930407,7531,1395374
19930323,89053,412651
19930213,130023,4437426
19930715,193353,6443489
19931015,157988,8822265
19931124,162652,4490668
19931004,155121,3422509
19930320,199079,1399547
19930320,1813,7058157
19930525,77044,3234654
19930525,77115,4388097
19930218,181136,590308
19930906,162057,3582079
19930906,80381,6003685
19931031,192780,6674587
19930410,97969,7594432
19930312,28394,6283997
19930809,182479,2877789
19931222,6226,1664363
19930607,165328,2896712
19930607,49184,2221032
19930607,75907,3690484
19931231,176537,1118176
19930611,70059,2139394
19931114,94717,2202970
19931114,99483,3738814
19930912,7670,1249514
19930703,118111,1752378
19931228,37782,8342652
19930517,22633,6160294
19930411,104420,829012
19930411,176765,6788727
19931114,138521,6958578
19931126,116395,3042956
19931028,12540,4026440
19930202,198976,2846858
19931002,154087,1328217
19930724,130930,3233573
19930301,151830,7301500
19930814,176465,6042523
19931216,170884,3065251
19930705,49899,6223363
19931230,61260,3627142
19931118,2763,2100523
19931008,2520,4553486
19931008,175741,8367904
19931219,195151,4071172
19931024,68700,1962391
19930714,101424,279382
19930728,63397,3097608
19930728,89061,3118678
19930616,74544,2062177
19930922,100684,8007284
19930618,169713,5471136
19930820,23693,7129602
19931202,17862,1395410
19931106,99428,6369148
19930802,93691,7680501
19930415,131797,2353652
19930104,7784,6364476
19930921,127922,955460
19930726,16081,1661135
19930223,116210,2063711
19930323,156209,5385956
19930201,26644,1231381
19931225,125650,7314212
19930519,47424,3059638
19931025,139137,1037346
19931025,36339,499929
19930628,64924,6596108
19931201,41117,2696064
19930112,162759,4771163
19930112,56096,2577620
19930325,186826,1499650
19931227,151930,1359603
19930620,19016,272087
19931021,14195,2934916
19930511,43864,8232994
19930811,137788,5135919
19930114,111910,8287275
19930221,128672,4333307
19930326,106588,618697
19930516,170760,6279506
19930314,67312,5572674
19930113,183292,6003140
19930919,26532,2310311
19930313,42681,4661585
19930522,72076,4574825
19930820,156759,3055907
19930613,99485,6692035
19930828,71578,306814
19930309,69489,4716724
19930522,64248,5227178
19930204,74740,8402226
19930131,99976,6133410
19930131,96438,984018
19930413,33805,1533621
19930228,86261,5686258
19930608,199805,8863034
19930814,143803,6628165
19930515,29717,7584746
19930605,87043,3696813
19930109,55276,2437914
19930109,34969,6903758
19930109,2876,1725503
19930624,189999,4660536
19931008,104488,4241628
19931013,32528,1445914
19930504,148822,4950189
19931105,156656,2685435
19930617,18781,4781481
19930822,94861,2939682
19930624,125759,1038724
19930123,196746,6140009
19930304,117454,1893756
19930204,163511,5767430
19930107,127927,5999649
19931201,168653,7499507
19931209,31351,3393098
19930921,101478,1004560
19930216,32061,973198
19931018,77981,9115133
19931115,70854,5664334
19931027,28864,3478148
19931005,75504,1578626
19930611,98424,1830654
19931102,58951,5802428
19930727,166047,4908506
19930820,25439,3376964
19930702,85754,2927999
19930319,168756,2832012
19930812,78005,486585
19930512,161579,1273082
19931105,23369,752153
19930915,101527,4793438
19930516,10003,3131590
19930724,8830,6746660
19931031,157524,6903334
19931201,162511,7710199
19930913,192812,4853455
19930305,7909,4229743
19930216,91045,2842893
19930821,97259,2984850
19930821,109751,3623623
19931115,15267,1605509
19930812,70186,2060312
19930819,111982,4689840
19930819,112689,165062
19931024,56023,1938459
19930713,11818,2181290
19930713,10554,3588147
19930627,106914,8557654
19930706,170552,7155445
19930417,184857,8099456
19931206,165096,2703017
19930812,1974,4367258
19930321,86863,7070164
19930621,23633,5284758
19930621,97799,880427
19930519,150305,402524
19930608,193091,5275120
19930327,43705,1305770
19930318,173713,5837181
19930131,71153,3380319
19930928,131839,6297213
19930724,164816,8027297
19930417,72468,4517282
19931031,136895,4310046
19930819,75807,176497
19930603,69379,1601863
19930411,24846,6837213
19930821,53598,3762605
19930507,63356,3918469
19930624,177500,1989227
19930318,37561,1162882
19930227,60359,3396006
19930628,148051,1385902
19931020,163282,5800847
19930131,80096,319598
19930726,158545,3810011
19930726,154918,7422087
19930707,120009,3932838
19930707,178291,5151268
19930424,191757,2013288
19931109,90271,247208
19930104,14278,1416416
19930308,131969,4852328
19930308,6589,3046496
19930727,105677,6330204
19930814,19700,4285726
19930906,108738,2710924
19930529,79454,4032294
19930530,64659,3054085
19930111,78923,1291403
19930908,38214,677499
19930808,49028,4021414
19930723,27160,2557000
19930829,103098,539534
19931004,181133,5770759
19930615,164042,3218576
19930121,104471,1431205
19930720,138496,759572
19930301,37570,1316108
19930622,139844,7938501
19931010,99413,3014082
19931204,94290,747456
19931225,179668,6441874
19930705,95530,149501
19930305,115014,1210115
19931119,100502,3867435
19930818,181677,2263408
19930104,99461,2576251
19930409,62409,806383
19930207,150696,2880291
19930605,29190,108561
19930914,23628,5322056
19931027,11072,2504862
19930226,61496,6644696
19930812,44730,5035913
19931107,27364,1917669
19931106,166225,2277712
19930222,53754,5579219
19930827,196132,1337433
19930330,52281,4545870
19930413,185747,711103
19930902,199114,4203426
19930530,165916,8351768
19930608,32675,4990207
19930217,94887,5841355
19931224,185083,339911
19930417,195479,458170
19930816,43436,5542549
19930816,145643,6784955
19931011,22681,1866683
19930421,198936,5384424
19931031,171877,1890403
19931031,139948,9448678
19930718,179609,3275884
19930201,102177,114379
19931025,190451,6877949
19930130,157390,709221
19930629,77652,3832936
19930514,187052,4510638
19930815,84369,6297184
19931012,30423,393845
19930208,121522,7260718
19930210,112758,4908519
19930111,42661,7144305
19931222,140303,3387802
19931107,36967,8769639
19930720,122486,3991438
19930228,84299,2738540
19931118,192284,4360055
19931211,114291,3545167
19931103,58000,4078206
19930116,47711,4183266
19930509,21338,4488252
19931209,172739,2811804
19930315,143576,7069423
19931104,12628,4982365
19930116,71968,6721961
19930813,27409,1964508
19931026,108075,3821070
19930529,191201,383783
19931227,161692,5671433
19930402,177568,4628960
19930830,118122,5304978
19930731,166702,1926114
19930113,52614,6979247
19930109,24227,3238381
19930121,84501,582316
19930214,137238,2999340
19930910,191206,4494798
19930412,121824,180890
19930916,163801,7015377
19930926,92228,5859496
19931125,198143,1083515
19931225,64992,191785
19930325,85462,7164927
19931223,134674,338316
19931007,74375,2003814
19930321,114652,808325
19931120,119008,3050190
19930506,117669,7768755
19930626,98724,2701224
19930626,47787,3910194
19930226,61929,561603
19930902,3617,602161
19930118,27237,5476537
19930118,140844,3731983
19930912,142024,206807
19930217,42023,3439331
19930101,118522,6710505
19930101,30869,3666314
19931102,138982,5292946
19931102,82428,6156483
19930507,84860,7694911
19930527,153200,2917449
19931015,88629,6119456
19930601,173164,5021632
19931013,54300,6208785
19930504,166923,9850104
19930504,115022,3695939
19930117,33957,2433652
19930916,128938,6939329
19930916,58998,4986410
19931216,35379,4814537
19930718,43612,3168777
19930420,176959,1579897
19930917,74449,2231953
19930508,182535,5284470
19930804,25412,3243219
19931214,131441,6998507
19930711,51286,3240436
19930914,160931,3904182
19930116,66299,3719952
19930809,102918,9316413
19930227,114295,3048027
19930707,56385,525820
19930125,194579,2110371
19930125,87308,761636
19930120,146127,2903472
19930330,187561,479730
19930330,82084,1160961
19930803,19368,2270903
