"d_yearmonthnum","lo_partkey","lo_revenue"
199308,55417,4526208
199310,197219,1805840
199310,40489,415978
199303,183604,6780776
199309,79895,5382809
199306,180170,3759261
199306,4563,5978839
199304,68699,3235318
199312,174252,1286462
199305,36164,2347741
199305,184523,7484613
199301,61982,5845547
199306,368,1476371
199302,72110,3213866
199303,104316,5046224
199302,118267,5793952
199311,97865,8945453
199304,171507,618772
199305,33638,3578601
199305,42873,7926272
199307,187773,1641199
199311,21682,3175286
199308,153065,2191397
199304,98349,3868213
199310,73905,8556510
199311,18685,4977822
199310,48496,3861121
199309,66448,2800591
199309,128674,5731187
199301,152309,5810028
199303,34786,8006789
199305,111148,1590340
199303,87057,826887
199303,176589,1142587
199311,175660,3703898
199309,179341,3168778
199312,2996,2578828
199310,183710,695959
199310,33451,4070283
199310,108720,6036690
199301,181395,429629
199301,109598,1247489
199311,12096,1877063
199301,14906,3568964
199302,54863,8907514
199301,92408,3939325
199305,41670,2970307
199305,68429,2738943
199308,32059,1165474
199309,40048,2808009
199309,191643,6057362
199306,42687,4194796
199310,27318,5979978
199310,97061,3142438
199311,142025,731975
199312,124408,3403382
199308,145015,4092698
199307,166218,508547
199307,11538,6749011
199307,2655,2719656
199301,4334,5946460
199303,179991,8638099
199306,15859,2238085
199305,161899,7878856
199310,27931,8474861
199311,22111,5062239
199306,123787,6632887
199308,58902,1641313
199307,104207,5036169
199307,191852,6667405
199302,168691,6619953
199302,84979,6416289
199302,35218,4909214
199304,56320,2779824
199304,66036,1669381
199304,61025,289889
199310,132101,5165802
199301,173492,767090
199301,18955,2597294
199303,41322,2104691
199306,111002,1786932
199304,57013,3457115
199309,106474,3810729
199312,85466,4167141
199306,110968,5950732
199310,13843,8436345
199311,94411,4226067
199303,195308,5973848
199308,115312,5793708
199308,156077,4599131
199309,103206,2133028
199311,14987,2071256
199311,75243,3135749
199301,46619,4909752
199306,193268,6536770
199309,47946,4825759
199309,12886,6522738
199303,9046,3612916
199303,159342,4943927
199309,111299,648593
199309,1828,5704946
199303,101040,103062
199305,169526,7265998
199308,46813,1219548
199309,43237,3091022
199304,166005,4135131
199312,154598,1122108
199312,134458,6289184
199308,92528,147490
199308,8710,5608830
199304,19299,835746
199305,143435,286815
199312,24674,5697659
199301,57978,6324813
199309,95168,3647669
199309,49510,3756778
199301,135839,4454596
199301,40913,6653682
199307,39223,1252873
199307,8961,7775293
199301,66629,6950520
199311,65991,8137164
199308,173477,153496
199301,2114,5029744
199303,16215,1975092
199301,78546,1660224
199304,196018,1323443
199307,93612,3933744
199302,25915,6314321
199303,179689,5603178
199308,85219,3540377
199304,154855,6669196
199302,69012,95157
199303,199905,6153038
199303,80595,3431635
199303,75679,4259120
199309,6942,1793471
199306,25028,3327945
199303,84664,4685491
199306,95598,5873972
199306,29781,3353128
199302,52383,4842087
199309,36252,235273
199312,199457,150975
199312,80705,834421
199310,40321,4697155
199305,121114,112375
199312,92332,6099863
199311,28775,826328
199312,46912,5152898
199308,83082,2108858
199307,89506,6008919
199307,117415,2268937
199310,145754,1603577
199311,55880,8542349
199303,87164,3796525
199302,17166,743047
199308,129174,5479236
199301,190794,2239130
199302,96730,4273656
199305,139196,2995335
199302,190973,6006152
199303,77451,6080911
199308,91835,8772437
199310,136023,2283247
199310,90742,3361515
199309,38621,1069899
199301,183332,2745740
199309,128138,5371194
199311,48676,1733522
199311,181082,1595745
199308,130581,4467299
199311,76445,2343954
199305,182279,6206029
199302,149819,7325735
199309,16246,5177779
199304,111358,6173029
199303,126010,820519
199305,99559,5554672
199302,145284,6060187
199302,143181,3359149
199304,182633,8152673
199304,83367,6416910
199302,78064,1314037
199307,116333,2748585
199302,191598,1324638
199302,178135,5706563
199307,166633,7418884
199309,183306,3438517
199306,111849,7294492
199310,168982,795780
199309,93372,2516376
199305,165771,4182325
199301,147381,1819756
199303,107808,5460110
199309,129308,3145329
199311,42740,166591
199302,111125,556698
199303,64037,3786896
199308,155689,1353871
199311,157801,4736222
199306,159292,5694336
199306,18854,2063597
199307,134223,2926808
199306,38686,1103157
199308,180984,7811819
199303,173223,251466
199306,136815,1975881
199307,142846,7959571
199312,23676,1567676
199304,189953,8521144
199304,37553,2508595
199305,174524,2036514
199310,25825,2079974
199312,20653,2930136
199312,145601,5270766
199309,4361,6200264
199309,52359,4833636
199309,31705,7378243
199301,187890,9497827
199307,198369,5665476
199305,87373,1866427
199312,143864,6170019
199312,93148,1217596
199308,4244,4206003
199311,101503,7372050
199307,170353,1255394
199311,82570,152151
199311,67244,712209
199305,146655,6670468
199311,52763,8323151
199302,63012,4150617
199308,195581,165981
199303,199377,3293781
199304,47004,3295215
199311,51737,6785317
199305,10880,7817191
199311,93344,4587076
199312,140517,3510627
199308,64158,2639296
199303,44930,4728573
199304,148124,3249116
199309,185348,6256529
199308,70578,7205496
199305,159082,5648346
199306,165434,6024709
199307,113056,1905047
199307,193650,8118434
199310,26788,7299818
199301,183988,5076351
199304,146358,1926768
199302,143391,6678519
199310,125134,4203005
199304,2271,2048529
199304,154720,1205034
199303,33656,3083921
199302,195050,3029802
199308,118865,2424527
199311,114055,1799211
199304,158620,4070653
199304,112254,4790223
199304,174958,7849219
199304,68167,2422431
199308,163679,853908
199304,129263,1013131
199301,123191,1884422
199312,145788,1976814
199307,150873,5656177
199311,118341,6660766
199305,93174,1486974
199305,141459,3676102
199309,141131,1263556
199306,25424,785362
199304,161435,2177305
199301,87170,687358
199301,92821,1436545
199303,127458,6339900
199308,108689,7410373
199307,16416,2480947
199302,141066,3651083
199303,24392,510759
199310,80959,4372647
199305,19042,2237301
199303,8946,1619362
199312,130874,377164
199305,104250,1581609
199306,20004,724416
199307,40434,1466516
199307,63834,1569505
199309,163051,1213200
199309,167471,304617
199312,166883,5923735
199303,102150,2395319
199308,1135,1608073
199305,75444,1124196
199303,150186,4118951
199304,178239,2938740
199303,93149,4099140
199311,140140,1503498
199311,54572,6811555
199311,190399,433412
199310,48545,4346201
199302,77131,2149772
199302,33270,2100909
199311,67856,7961105
199307,82222,4905992
199310,25117,3817248
199302,14679,788866
199302,108505,6459618
199302,80597,1717995
199310,28717,1128957
199301,46528,3901579
199301,191804,7803112
199304,199516,2350567
199311,109232,1720344
199301,50264,2764870
199312,165630,7565901
199304,170101,2639659
199304,49279,2740270
199307,176263,3377613
199304,133500,6983559
199308,59439,4883317
199303,166523,1573624
199307,152556,3821914
199304,72162,1760216
199306,94990,2503072
199312,157520,2473551
199306,69586,1207130
199310,15159,631600
199303,108205,235360
199308,151695,677715
199305,77937,3377936
199305,123100,2505636
199302,37521,6064526
199304,36180,4751578
199304,109763,1228522
199301,86903,5613003
199302,175093,3006663
199301,180629,2984996
199310,116250,125358
199308,157050,2301556
199308,135182,602504
199309,172684,4941540
199310,37000,1576971
199305,13815,7546255
199302,158816,183731
199310,7175,4713932
199312,2393,3518279
199307,110876,7658805
199302,164846,2808934
199301,8101,2197819
199308,29175,4926806
199301,91489,1465675
199303,49620,6768201
199311,196602,1498165
199310,9507,3085137
199311,144140,1148615
199311,74658,1777955
199311,198546,6349568
199305,196862,5183143
199304,34299,239258
199310,54570,4732265
199304,23929,7369062
199301,146810,2881769
199310,105247,619858
199301,92434,2767274
199302,69428,4337591
199304,82024,4880203
199305,116234,2723000
199307,25527,4026385
199312,82588,1865849
199305,102569,2644935
199310,151780,6347117
199309,118652,8022461
199303,119916,4932698
199307,65060,304442
199307,136957,7620876
199309,149898,3471139
199305,144001,2736855
199311,94638,4159941
199308,41221,5694878
199306,166305,3665484
199307,141692,6222213
199309,192305,4792739
199307,108459,5608593
199304,197894,3943942
199311,58412,5698164
199304,162174,1590950
199303,47492,5360660
199312,81047,2115706
199304,148851,752340
199304,179361,5728311
199303,9710,4761947
199305,176277,4243854
199306,5408,2210452
199303,2663,3100006
199304,54479,4966973
199306,43551,6737431
199309,13818,3943331
199307,133307,1326897
199307,81169,341597
199312,58074,4304763
199311,162530,3941511
199303,102241,2436750
199307,74971,9437954
199311,28803,839923
199312,151093,4550045
199304,196009,1949220
199305,13696,1092979
199312,50152,2400482
199311,100423,5660941
199306,22506,5459727
199306,52318,4108182
199309,121951,5932660
199303,63504,1438150
199305,182551,4162285
199309,199360,4433535
199307,6880,7106421
199309,101430,708557
199312,40387,3153854
199309,194073,1698086
199304,178789,4710541
199305,42294,4650922
199301,164623,992320
199301,35792,3519508
199303,51078,806790
199303,59682,5791847
199301,112746,4352881
199307,94844,8740006
199308,14183,1182760
199304,43984,4962620
199311,140145,1161437
199311,68549,6182457
199308,108617,2574966
199302,173010,525259
199304,75300,1010037
199308,86223,4070234
199310,137571,4571555
199310,22514,3555362
199309,85996,4120557
199301,168850,9120294
199311,135370,417394
199309,146859,8778345
199308,155656,5591960
199307,8721,4426319
199304,127836,7854179
199303,88571,771987
199302,195993,5377060
199301,41815,5043801
199305,27397,2725594
199312,196385,4693011
199312,12504,555268
199312,55557,586869
199305,95093,3198984
199310,146414,3258174
199303,185688,8169570
199311,150235,1637383
199309,102380,410566
199307,125589,4855042
199310,29787,3399224
199306,187809,5257929
199301,180346,5810909
199301,71796,6583249
199305,48285,1315909
199301,172842,8720181
199305,173417,4673925
199308,24818,6148633
199309,35531,4125348
199309,151334,1086098
199301,186748,2669546
199312,42130,945618
199306,47559,6722226
199307,186224,3631929
199310,10727,635435
199309,11027,3366553
199303,92236,2025351
199303,101893,5881738
199303,107378,2036493
199311,36364,3784047
199305,184000,2733848
199306,77280,4605416
199306,140056,2170179
199303,13030,1755921
199303,121312,6141225
199306,155333,137444
199303,49215,338785
199312,127949,4068542
199303,72566,5671132
199307,169626,6480659
199308,156081,2814273
199303,135828,7380727
199302,156452,739140
199308,112374,4619384
199306,44719,3711737
199301,75617,6464403
199301,48927,9098212
199310,86995,8934810
199303,119927,5151550
199301,23093,2389843
199303,3689,2185156
199311,197725,6073303
199311,180446,1047137
199308,59428,1495638
199304,90054,2531821
199304,198519,5072511
199309,86923,741048
199302,191806,6137485
199311,62395,1209434
199304,185707,5146841
199306,105718,8192793
199301,182586,161852
199301,192383,1314563
199307,6661,5018079
199307,185439,6358397
199304,4929,6937719
199306,192007,1523214
199311,151882,9096971
199301,199177,2723346
199303,174363,3346174
199308,9583,5467320
199307,177543,5973310
199304,74503,5016112
199309,56399,5127440
199302,145875,6521353
199305,80772,8416801
199302,19152,1558523
199311,102441,5799741
199310,182975,9075647
199302,117796,6157817
199305,119942,6021193
199305,166770,909201
199310,179406,5146911
199311,118313,6132013
199303,62520,145286
199306,199157,1584005
199308,12004,4039560
199308,148769,7378287
199302,162670,1358413
199312,150080,885982
199306,19274,3189610
199304,58659,1255296
199301,85627,1738404
199305,28792,5451462
199305,122101,770446
199302,56491,3725839
199309,16789,5129280
199303,76984,2135507
199304,95319,2294785
199307,59064,4456449
199310,148867,7805213
199310,181543,6272348
199311,72352,6359528
199308,92492,4655360
199303,54386,1459673
199303,54868,1804631
199303,56808,5820310
199312,98,2836571
199304,40067,2392774
199304,30039,4368387
199311,164240,3357113
199302,34443,267223
199301,191594,6049582
199305,49894,6685945
199303,14106,2726727
199312,105077,3778588
199308,125343,2389121
199309,166371,6338801
199303,143867,5056135
199312,199703,7344199
199305,145992,9079245
199312,182712,8173109
199312,133175,4425526
199312,66058,1787991
199307,68793,6835745
199304,117765,4496120
199302,32152,1073308
199302,3192,2974536
199308,155071,331064
199305,176942,3916743
199305,117705,5286966
199303,20349,4555661
199304,87142,1423845
199306,170280,2406198
199311,113462,3036496
199311,72020,1944359
199309,94472,5952401
199301,135774,6144169
199305,41849,6205260
199305,59015,2928848
199301,99655,6259540
199303,70112,4927928
199305,76661,5777664
199303,131464,4396652
199309,91949,3614030
199306,87083,2648448
199306,367,752811
199307,170101,3246289
199303,192589,2446698
199303,36395,659038
199312,24125,205627
199312,149160,3910423
199311,196854,4970765
199308,309,3870969
199311,21281,5247952
199302,51004,1701810
199311,92971,7239193
199303,84725,6601228
199305,11632,1197856
199307,185612,4824607
199307,130446,2777183
199301,113029,4126399
199302,110773,6574976
199311,115245,4075616
199302,184579,5706045
199303,188808,2391864
199304,105743,2770004
199306,78227,835217
199311,180640,1533090
199307,5099,2982147
199308,197340,4553493
199307,11722,2911289
199305,61197,2724062
199310,99204,595584
199311,182821,923352
199307,175674,2885205
199307,138920,3839483
199306,56283,5275614
199309,63455,5195782
199311,96341,4193898
199301,156129,1264523
199312,21055,3382013
199310,136216,1214643
199302,121844,8681753
199308,193356,426108
199305,54314,994355
199307,101283,249150
199301,187691,1743116
199307,191629,7154337
199308,62911,7997847
199309,177421,4699045
199306,136682,2167255
199302,103865,7976294
199308,168594,1975156
199310,83265,2718710
199312,102747,3258015
199306,16689,5295532
199309,55956,562113
199301,156492,3604884
199310,166347,2518571
199303,110977,4091242
199309,73709,4452424
199310,55474,1663903
199310,186993,3500623
199303,30787,5611987
199303,192377,872805
199309,57034,3010749
199307,126848,8084310
199309,156758,2992522
199308,156269,4592025
199312,120881,7641753
199306,24101,2638607
199309,50571,4920757
199312,185287,2396000
199303,177016,757455
199304,35114,1119400
199311,83320,2149174
199305,98416,1247509
199301,136931,1948250
199302,26502,141421
199310,42398,1970373
199312,119471,1180452
199303,181102,344282
199312,149355,4222880
199312,175829,746689
199302,55812,5370606
199312,180159,2944220
199310,107928,7857899
199303,149929,2350956
199303,41474,2913037
199301,84671,6584599
199311,173417,4337093
199308,147498,2423328
199301,192024,541269
199311,45071,2759646
199312,96632,5687175
199312,178432,5127909
199303,13814,4357536
199303,101098,107710
199306,144098,1696003
199306,35805,2757427
199309,59641,155262
199307,77573,921038
199301,189151,3368247
199306,166399,2466251
199312,53587,6944934
199301,149895,190599
199301,87637,2090898
199309,123652,492641
199310,143100,3215540
199308,64442,4316364
199310,166543,3434758
199307,185846,4497323
199304,150735,7071490
199303,146840,5307680
199312,163807,2750076
199310,184458,7482424
199308,155188,5415292
199310,74635,630974
199307,62958,8757611
199309,22216,4796416
199309,122052,4315532
199310,162123,464567
199310,55399,4466778
199307,157968,9825906
199312,105582,777914
199312,107320,780464
199310,122057,1374709
199312,94977,9372773
199307,177347,4144829
199307,44417,539118
199307,129403,5246881
199312,96072,3454138
199303,119993,3550914
199303,142550,4682097
199304,160255,6380277
199304,116355,2150276
199307,157373,5887402
199307,63807,5668330
199305,41067,1857854
199303,80327,258849
199312,171945,3162561
199303,194734,6918085
199303,90784,1032921
199309,147930,8811678
199311,188499,4714845
199302,112397,6976480
199305,122980,4711008
199303,116158,4832801
199310,28430,922373
199310,166181,488894
199309,147767,8801586
199310,158145,4168880
199301,185736,1983863
199311,82550,4655886
199311,102185,2303129
199303,15671,6440293
199308,128170,5401350
199308,138325,674843
199304,20300,2511377
199310,153430,6105797
199304,125219,3137897
199305,84858,3831285
199308,50508,577566
199308,12905,881681
199306,70082,2062076
199301,20707,6540098
199307,169532,4971149
199307,178512,6298419
199307,50948,930480
199312,980,8848129
199303,187658,7789090
199309,107453,3180860
199308,39742,5438747
199311,7806,5598984
199304,163849,4453091
199304,185441,2220970
199311,132767,8030529
199311,13777,6627818
199309,67717,7353759
199308,166347,6580511
199304,86764,8319611
199305,177978,7578305
199311,171212,1397415
199312,74479,1151148
199307,44832,1378820
199303,160912,3253328
199305,29289,119391
199302,95675,7292474
199305,126294,2614174
199309,105094,5277830
199306,147106,4680432
199306,5510,2358239
199302,20949,1282778
199312,123734,4002351
199310,113857,3483522
199307,137420,2968764
199311,117846,2374532
199303,146678,1878165
199309,129860,5132859
199302,191066,4040453
199308,124155,3466701
199312,156405,2835116
199309,186620,2196419
199306,196192,4873222
199308,89950,7106036
199308,91787,6556583
199302,66305,5108083
199302,105001,1095534
199309,6680,7382822
199312,174272,3003528
199312,187126,118885
199310,13258,4638150
199304,134303,4501351
199311,190082,2297276
199303,61643,5560077
199310,114544,5863227
199308,103564,152053
199310,144224,5535780
199310,14226,893932
199305,48036,97418
199312,39055,3896676
199312,54685,973969
199301,62483,5328039
199309,45970,5257421
199310,53398,1324362
199303,91900,4820561
199305,149348,2191029
199304,43045,96827
199312,119543,5607956
199309,88135,5114734
199303,189520,5258301
199302,175423,6540603
199308,29031,475214
199311,95321,1787562
199304,150746,7668486
199309,32065,2708014
199309,16478,3787380
199305,25288,2615831
199305,162376,2847972
199302,6150,3278289
199306,3695,2036731
199302,4049,3585336
199310,61847,1595396
199302,118697,3328438
199304,127716,6427315
199309,195163,5301886
199304,135465,6986141
199306,195143,4004144
199305,60014,4772649
199301,125102,3905401
199301,178689,5075009
199310,46436,5229732
199302,116762,6101146
199301,47498,2944463
199309,86669,6720323
199303,52500,704462
199312,159960,2547169
199309,55858,4046699
199311,134360,2569805
199306,114215,2742367
199308,58525,4506933
199304,79003,3429144
199304,187904,6507537
199306,14452,6627282
199312,103943,1734723
199306,102289,4985632
199307,180288,6370711
199311,196357,6694130
199311,171207,991883
199306,147050,212827
199312,24427,5767860
199312,125318,5342343
199307,95318,5477816
199305,59506,5401833
199311,861,4614311
199301,64289,5592135
199311,33202,2312402
199312,142664,2843295
199307,163717,5464998
199311,50830,6564139
199302,157978,1396675
199310,56784,2388350
199310,36053,4210385
199305,114479,5618434
199309,73777,4289386
199303,86404,3951516
199309,130804,177975
199307,3432,388610
199310,186720,885292
199309,18688,6455640
199308,120501,5516959
199308,43905,8070448
199310,122265,124864
199310,86569,1232003
199310,1544,3291494
199312,150756,3329840
199311,66532,6230887
199305,10027,1762534
199307,79870,5801192
199303,114564,1237591
199302,80771,1907677
199305,77638,5066615
199306,55164,3582431
199304,185216,4845706
199301,4093,3481838
199305,68195,3384882
199307,66804,3991383
199307,129303,2455428
199310,188216,6325418
199306,99411,5472390
199303,9143,1134206
199305,173453,4786947
199305,183398,5747793
199305,9723,5657374
199301,181643,4780702
199303,78051,1411856
199301,54380,4530220
199311,33811,7865603
199311,75453,5039571
199307,148812,3609971
199302,8847,7300782
199302,183554,4011997
199312,47571,5450147
199306,53168,4944315
199306,153771,1593024
199311,8983,7416561
199308,121012,5113399
199305,70927,2442623
199305,191448,1791908
199302,49866,3698906
199301,96766,3419754
199308,70314,3178667
199305,60257,3069904
199307,133234,1366073
199310,114792,4603700
199304,51688,3084238
199306,34084,1975075
199311,148449,5336876
199303,115593,3822009
199311,127565,5150339
199302,191514,7788329
199308,164451,4850955
199306,148823,6536395
199307,71786,1218141
199301,70315,4737652
199303,73932,6415360
199306,76232,2511910
199303,45271,3371500
199305,135127,5407344
199312,164591,1460230
199312,24626,6990194
199301,357,6098147
199306,105097,1282832
199310,189530,4712832
199301,84680,645895
199307,57965,3045968
199301,43078,4043437
199302,87427,5267300
199311,187269,4784885
199311,131844,1299957
199301,152516,4260073
199312,71248,473065
199311,148924,1546769
199303,115219,241905
199311,69502,2739933
199307,50741,3647391
199306,139583,7389229
199311,173333,1531493
199312,96582,312558
199301,2610,2347570
199312,96804,6812426
199302,84342,4419364
199308,158211,248765
199302,70347,3961241
199308,177540,8006823
199312,77438,6165613
199310,64563,6223279
199310,65293,5795683
199302,6455,5282426
199302,123889,2999395
199302,40765,6519414
199309,194559,1944574
199301,92919,4122077
199310,181971,3621439
199302,47956,6903722
199308,182739,2677943
199303,125273,508921
199312,163197,4990352
199305,90333,2489183
199305,39229,1272191
199304,50415,3443564
199312,81769,7132596
199312,89632,7384903
199303,130726,695661
199311,112526,150774
199310,180509,7400712
199301,104177,1489455
199308,102607,7887040
199308,148233,4058936
199305,20142,4018075
199307,83470,6409802
199304,135793,8064963
199301,198442,3202574
199309,39554,1303869
199309,78762,344670
199306,134375,414354
199306,32824,3443367
199301,178313,3994451
199309,120008,1309672
199302,99802,176576
199309,13100,4765622
199310,95097,5297728
199301,30389,2742991
199305,77586,773972
199304,45700,6191123
199304,10802,4028505
199312,148265,1019089
199312,33317,3517122
199309,108252,5988708
199303,55149,2295507
199303,162401,6310180
199310,169116,2581169
199311,3839,8539867
199311,51301,4858924
199309,186357,7144582
199305,101915,8265715
199304,122189,1079161
199308,27920,6632184
199309,110576,7853521
199302,72148,4237489
199301,117629,1452318
199310,177001,2091320
199309,174947,588384
199309,80663,3905336
199304,90070,3290457
199302,156306,1888147
199302,138399,1849920
199309,166326,6478464
199303,158954,8967692
199307,10724,7209115
199309,111754,1557391
199306,192796,6848752
199302,180917,9494068
199311,58881,3245548
199312,31840,6945612
199309,27624,7680519
199310,165667,2744533
199307,49781,3222712
199306,86953,752700
199304,78405,6710873
199301,64882,5016126
199305,69753,5969328
199304,183880,190496
199305,164234,1511139
199305,12865,2787684
199304,162883,7437153
199304,163911,7038579
199310,20016,3521269
199303,18169,107628
199312,81155,1462225
199310,19030,2348849
199307,162957,5344787
199302,41097,513854
199302,196433,4946176
199307,1147,4778470
199309,182550,6239606
199301,93962,1328096
199303,170168,1941434
199312,138093,3510903
199307,120922,3580801
199304,179742,180352
199311,171229,1656480
199304,16171,4007308
199306,60250,5152034
199312,63201,2371475
199304,22339,367047
199310,61990,5112261
199304,169109,4665276
199311,167834,4659483
199304,26200,891950
199309,21481,3436076
199302,77494,3605150
199305,177427,4021314
199305,541,3673043
199303,160712,7470199
199312,142536,5205991
199312,179982,8689183
199304,25739,5490279
199304,188910,4265673
199308,126234,2869543
199303,26839,6992686
199312,97251,6055260
199312,111663,3248840
199309,163170,3708142
199309,187798,4854023
199304,30630,2141184
199304,186549,7853863
199301,48010,3066590
199309,185023,4191639
199302,5182,1065436
199309,123626,7113161
199310,64689,5238858
199308,64083,615683
199308,32349,2982959
199309,97743,3714739
199312,106234,3969976
199311,158676,7235308
199308,22797,3876406
199305,167429,2962911
199308,158852,8052321
199301,195291,137242
199304,81739,3372630
199304,49920,2591709
199311,154970,9624682
199302,98172,5160449
199308,95514,6881856
199307,74368,2213551
199303,118010,1396037
199301,161373,2782677
199309,199507,5089392
199309,29535,4204665
199309,81894,8006298
199312,186122,4735830
199312,174559,5821972
199301,40119,2516445
199309,3250,4633758
199305,5839,4400461
199309,3525,3779863
199306,100162,5292476
199311,94785,6627900
199304,33442,2995708
199311,132236,2485730
199311,81874,7716707
199301,115399,1801932
199310,163235,5912139
199307,28627,4620191
199305,25219,4106569
199305,42923,7420763
199305,99585,3571643
199312,92735,3217033
199312,64118,3393496
199310,70230,2495278
199301,84347,1054421
199307,126277,4902901
199303,18064,2406047
199309,190982,1407553
199307,147891,1919501
199305,122674,997641
199307,102195,1066696
199311,112178,4948726
199308,166463,1514165
199303,106226,3107658
199310,89132,2856639
199303,17049,1874117
199303,127126,4697810
199303,29389,3197071
199303,131401,3790130
199307,142143,4341167
199303,32227,1574220
199311,138872,9458806
199312,88108,3083329
199306,147707,687842
199306,51152,1310542
199308,141514,4828303
199307,122080,2836753
199302,182029,2263147
199310,107197,4530162
199301,25694,2670868
199307,43423,937364
199311,48203,2707622
199309,27850,1568063
199305,51426,4409121
199302,46937,8206399
199312,41489,6372788
199305,84609,4841356
199306,186826,1312194
199311,53191,4883402
199312,79769,6954818
199307,25713,6676104
199307,47557,4021662
199302,44509,1691874
199306,163179,2434653
199311,84963,4199801
199301,162278,3449854
199305,116182,118619
199302,101728,7885793
199302,168921,5018578
199310,3715,7692109
199310,150995,7089355
199307,153379,561489
199308,171612,4289838
199303,10881,5854071
199310,119790,7166768
199306,48061,2397526
199312,137163,2211894
199312,21697,7931581
199310,85687,331190
199309,11522,3973717
199305,148598,6683508
199304,47826,6538300
199301,97855,6786989
199310,51747,4994295
199310,48753,4002516
199310,187669,5623068
199310,65951,7623710
199303,33867,7412339
199309,82999,3845060
199309,108218,4044040
199306,48859,2505680
199304,167718,1060711
199308,127394,5628704
199308,47693,2251026
199301,77902,4237294
199309,99847,548511
199307,163929,5129776
199312,178255,258650
199311,1423,2697843
199308,76145,1318460
199312,41821,5873716
199309,186385,1284514
199312,29100,4991135
199307,90288,2277894
199312,150292,2367799
199310,84977,4948088
199312,22192,2426705
199312,54830,8395840
199312,189245,1438310
199304,16845,7861330
199309,139984,6545551
199303,160049,3733028
199302,158996,8055560
199311,13637,1519617
199306,150912,2284827
199305,56983,2304696
199307,46795,4483367
199307,128937,2697255
199305,56345,5175429
199301,149249,2518585
199305,125314,2728174
199311,41376,2683482
199301,94265,1246667
199307,48531,2899878
199301,79074,4540837
199301,122584,2544822
199301,17364,3425075
199305,18921,7212486
199305,4443,4835962
199305,72798,2920032
199306,158802,2553017
199309,18155,4311916
199309,154238,626731
199310,7912,529593
199307,164300,2779079
199307,61931,1298549
199307,84660,5802360
199306,43950,551139
199305,52157,1398638
199306,149183,4541815
199301,111450,7234177
199301,170492,2296860
199309,112293,3798393
199303,7414,4402938
199312,17187,2164192
199303,170516,6753773
199310,9724,3169416
199310,131453,436428
199305,138905,7239083
199302,85959,4574522
199306,80712,2298700
199309,167616,3266203
199302,10604,749727
199306,54884,178371
199311,131725,7478357
199312,177352,3679146
199305,179066,2443558
199301,42316,3986326
199309,122489,3518725
199301,89092,104865
199312,52485,5494048
199310,5081,97621
199309,40331,2491806
199302,96383,535199
199307,96965,4229985
199301,40093,3707760
199304,112930,9232803
199301,23809,168081
199312,41910,898176
199305,101782,8476522
199311,18430,5606771
199311,130230,488969
199301,70497,3273970
199309,108987,2542878
199303,140406,1417472
199308,59295,491681
199306,118403,2206012
199306,180821,4330444
199311,1379,3353289
199302,191179,3485346
199312,97740,5677196
199305,93443,1266940
199307,145168,840719
199311,116448,6669059
199311,46470,4719678
199302,25776,3369504
199305,139013,2653169
199303,180003,1501038
199301,166191,4312161
199307,171602,7787260
199309,76472,3122901
199302,76197,4096779
199302,3300,1429520
199310,197969,5524984
199301,10134,4961705
199308,37846,2295802
199310,68749,1999449
199311,169411,2198408
199306,175272,132032
199302,110843,5574496
199302,124595,6912410
199303,136298,4141636
199308,6060,286919
199310,148437,3746254
199303,78104,2439053
199301,175637,4747410
199302,124296,2222048
199304,190673,3111113
199308,77345,4874145
199305,60770,5708079
199311,26930,8640295
199311,198825,6221633
199302,160091,2507074
199306,158788,1809844
199304,16515,5693115
199310,190089,1155498
199304,166731,6870924
199304,39890,8152159
199310,41046,4595658
199302,40738,830971
199311,23618,747680
199307,143039,3642112
199301,80445,5221386
199303,73827,5647371
199306,108754,2094147
199311,140801,360992
199302,192180,4986945
199311,6099,2954964
199311,113757,5785040
199302,115741,344321
199309,11750,7898297
199303,90449,1710054
199308,88122,219803
199311,146693,3374998
199302,34203,1894575
199306,29758,6875893
199304,57332,1895315
199304,171491,1392178
199304,34526,3578274
199302,105899,6533772
199303,143034,5277447
199309,192491,2638094
199310,178778,2389662
199302,194114,4664512
199311,87231,2008861
199308,26490,4946383
199306,87531,148815
199302,31933,8224341
199309,91164,4116990
199309,7675,6294278
199309,68113,2648719
199310,10670,6660943
199306,68853,4689441
199311,144301,782964
199308,49560,4539246
199310,96141,2426656
199305,140078,2656534
199312,38108,4818336
199304,64228,1298327
199312,175845,4329573
199302,184971,1611880
199311,60785,8468778
199301,7905,1954306
199303,3714,4804598
199308,133404,4601117
199309,42879,5831805
199305,26553,5799836
199305,81368,3305932
199311,92321,3088928
199311,110578,2619551
199304,129098,874621
199309,166381,5445043
199302,155895,9463767
199312,166681,4068599
199307,188723,351473
199307,162393,1568910
199305,104454,3176504
199311,141903,4235992
199306,59541,4753710
199303,65221,5463729
199307,2789,663177
199312,18499,5973302
199303,93504,3081855
199308,162287,5877463
199306,100119,3907932
199307,191340,6108959
199302,153893,385484
199311,159881,2282474
199302,38434,6455910
199302,87577,7125051
199305,110280,2252828
199309,86719,8357979
199309,35686,642185
199302,39400,2519411
199307,61716,4152332
199310,53760,339324
199303,177190,6145871
199307,144526,2154753
199309,37918,180023
199309,74046,1918695
199305,20138,3142646
199304,98751,3733966
199307,84786,347072
199306,93544,4623382
199306,144006,4365900
199306,107378,2468729
199310,108876,373204
199311,56874,3229654
199304,45006,3413139
199312,76121,2128412
199311,136466,7437177
199311,179563,4185242
199312,121124,1555072
199310,5871,8706663
199306,3911,1232323
199305,41833,2754536
199305,83240,2664216
199308,121512,2404543
199306,118810,1433787
199309,44856,5883376
199310,171094,3460317
199310,43008,3541524
199310,122034,2613674
199312,24109,601264
199312,124442,1868244
199310,70011,475789
199305,104829,6581579
199306,20986,1510328
199306,101038,3258398
199307,112046,1990173
199311,135603,6651077
199301,83528,4339573
199308,121063,858575
199305,118491,146420
199311,182241,4538713
199312,167548,7282854
199308,138800,3276741
199308,2036,735415
199303,149416,145075
199305,65096,102925
199303,21221,1231313
199309,60993,1934450
199303,155357,2876956
199310,153853,8878293
199302,189597,330571
199309,33534,4128161
199303,57805,8551342
199305,78189,5261647
199311,33525,2286959
199309,137575,6569610
199310,50418,3889021
199304,118448,2586800
199308,7796,8263381
199310,58760,2667515
199307,149445,4783702
199307,82015,967099
199304,30219,1895047
199306,170476,3521312
199309,162799,5160881
199309,105314,1422216
199309,157293,661642
199309,40374,254987
199308,13906,2522381
199308,155387,4855051
199309,19949,8141102
199306,184675,6035668
199307,50579,3560838
199308,145275,653533
199304,128372,3260061
199304,132396,6019235
199307,60262,1317596
199301,129591,7464437
199305,137730,5829973
199303,111954,4671097
199303,114669,2144982
199302,26463,3438913
199312,69617,3141487
199304,163769,1077662
199304,64771,4467871
199312,84559,3781697
199304,5583,6064474
199308,42690,1454726
199312,2918,3605401
199303,77437,5960408
199307,187226,1019058
199307,92203,1893196
199303,97340,2118346
199310,173642,7734105
199306,151016,2218313
199304,4478,5900381
199309,71862,7080533
199311,186776,5476543
199303,93604,4428547
199301,157500,1678985
199301,57511,6694937
199309,94553,1501123
199305,6133,3628641
199310,82255,5634436
199311,78972,1135464
199309,85127,5449388
199306,76688,3068005
199306,134119,5145176
199308,126424,1688288
199312,90350,260027
199301,2802,165365
199303,100969,2123616
199302,26332,1109847
199311,101566,2150692
199307,6347,2233451
199309,51171,1888612
199301,58273,3105262
199304,141899,3613937
199305,94268,2749202
199306,126039,2713696
199303,59370,4343051
199303,28526,3103945
199309,101973,580641
199312,176591,3758747
199302,192718,358520
199302,122864,6537969
199310,119908,6732226
199301,53588,302149
199301,52190,5207244
199311,195450,3671989
199309,17508,2963614
199309,199585,3921702
199311,65517,3451283
199307,42756,4877111
199310,32548,293146
199304,145606,7521386
199304,154356,5113929
199311,152568,5082076
199302,82820,8743677
199301,4123,3457285
199310,97365,3700169
199310,19906,4073582
199307,58986,4905239
199310,19279,4344927
199310,183983,6076921
199307,86262,1210812
199302,78120,5435694
199308,151644,3489627
199305,115257,1994888
199310,57737,4484255
199310,89433,5794979
199310,151851,6460175
199312,34628,765683
199305,94556,1381540
199304,83993,2348664
199301,101544,454388
199311,125678,1349306
199305,75876,5683389
199305,114528,6261088
199310,165578,1115984
199304,85727,8306692
199304,172042,5403094
199310,194738,181440
199310,61937,5894278
199308,158985,2225894
199308,138944,4039248
199305,144716,3105892
199309,154156,469538
199306,102715,1360426
199303,56088,4754740
199307,185531,4801094
199301,72010,866132
199311,116968,4428445
199304,141696,6811744
199304,136780,7014587
199311,85040,198857
199306,170238,4921561
199303,163019,3988288
199312,35458,689757
199311,197324,6066193
199311,57766,170652
199311,135555,3896847
199312,162324,3092879
199312,115973,3938160
199311,6718,6619068
199311,154711,6337133
199311,152598,2588125
199304,97404,4023419
199307,113252,5386169
199306,19715,4005039
199302,86096,2249665
199311,8074,3272257
199311,94163,4124118
199312,11909,4639653
199307,34231,2076439
199312,676,5775342
199312,158803,3611892
199308,117198,1786329
199308,116858,6496355
199303,20325,3173075
199310,197939,3393525
199310,60502,6383812
199308,72800,171961
199303,119072,641549
199305,52327,1379106
199306,112888,184385
199301,157695,3230207
199302,45580,3255587
199309,136361,4426836
199311,128844,5191512
199310,32588,3576404
199307,138202,481197
199311,9596,7156069
199309,83967,6309404
199309,20240,689182
199309,34065,783263
199303,128577,7709947
199312,177317,2732847
199310,82846,1448441
199303,114423,697148
199306,182067,4550277
199307,98006,1850372
199307,189282,2926311
199311,147209,1354183
199308,145090,3146469
199309,167724,1419042
199304,40246,4998815
199304,10740,2561948
199301,151732,699222
199307,87971,8339335
199301,85357,2367905
199301,101128,547623
199306,173865,1504555
199312,192600,8044927
199308,97479,7160879
199307,179309,3905287
199307,177059,562344
199306,199621,7844306
199311,15229,5097500
199304,5496,3468687
199311,12271,5566102
199302,134054,4265156
199307,72661,5175434
199309,129115,4870476
199309,150360,2349659
199305,159672,1371482
199311,166263,1954012
199304,74282,365577
199304,55101,2151275
199312,175192,983339
199312,171925,587094
199310,94088,1484613
199305,77821,8109080
199311,30513,2800409
199312,91444,6126457
199307,107645,161958
199305,169506,6418587
199310,46177,2112682
199303,139986,3144320
199312,146482,3594984
199305,116672,327601
199308,91857,896692
199302,19867,4776276
199302,101296,3271765
199302,65979,1347864
199303,3636,746720
199308,132212,1931013
199312,133477,2930311
199305,27715,6692400
199306,159567,3381618
199304,27831,1896018
199311,175076,2143292
199306,143809,7262976
199302,60377,129724
199302,175245,3234588
199301,133989,7610450
199305,91794,2121518
199310,136155,3151782
199312,19564,5379388
199304,186028,4803654
199308,196286,3620191
199307,120420,5449108
199307,89513,7437424
199311,109036,2534197
199311,155017,3992165
199306,159872,3251337
199308,7206,1835666
199301,71626,4804043
199301,88264,5454844
199306,27564,4485120
199311,197345,4947226
199309,87472,7078429
199309,67995,2137696
199304,87202,117730
199305,195361,1141786
199303,11698,6152235
199303,17926,4381153
199307,69429,2192722
199304,46564,7401744
199309,21304,2258227
199301,193460,5328367
199301,143664,334701
199308,44715,3903637
199310,116755,5035313
199306,95145,2322465
199307,99023,2833039
199307,72380,3347140
199306,52774,2707575
199310,34011,3574972
199309,60715,5038859
199302,31242,1934672
199311,198382,3957055
199304,7315,359359
199311,67390,3762685
199310,59300,1727759
199301,92403,4282482
199311,58039,4343062
199310,145478,738882
199310,36090,3881698
199310,152202,4379666
199309,81684,5713282
199302,94455,2295928
199305,185197,3554230
199301,167604,6454047
199304,195633,4862636
199304,85446,5526789
199303,109102,1197765
199303,88441,1132116
199306,76965,7305653
199306,72376,1961878
199302,73745,2041863
199309,14688,3769503
199310,175598,662741
199306,197382,3443996
199301,184345,1698055
199302,62707,6381593
199302,104351,1726715
199306,34538,3498731
199310,140793,6937227
199312,116246,5498317
199309,115545,4087054
199306,109919,4392128
199306,158349,4458453
199306,158091,227519
199311,134622,5624224
199303,196996,1230678
199302,199115,3846300
199309,105544,7592746
199301,165661,170939
199305,41308,3710421
199311,30899,7608682
199307,32499,6874014
199311,112825,909720
199311,197504,5963986
199312,81036,591911
199312,165454,5062807
199304,22775,7731644
199312,122775,6871076
199308,68987,7399472
199308,51244,4259835
199301,146862,7937039
199305,14968,730588
199303,84610,3281707
199303,34268,3213640
199311,291,2195547
199309,114368,1368536
199311,186887,4494524
199311,149796,8320821
199309,185836,190261
199302,21579,294111
199311,175496,6622258
199311,95147,2014734
199302,48492,2823360
199302,170892,9233434
199309,14949,7774493
199310,66593,6353769
199312,64194,229321
199307,140043,4181617
199303,168955,5610389
199311,8732,1273206
199302,119200,2509113
199310,148604,3272148
199305,23002,3678725
199307,60654,949414
199301,22869,7821468
199301,50575,2071724
199303,76731,7946067
199310,186607,4862325
199305,178377,144081
199307,105993,4551700
199308,81058,2418908
199301,121861,7828931
199306,164143,2224759
199302,162361,836935
199310,183204,3568118
199308,124767,5909224
199311,144934,7294335
199312,40061,3335531
199308,49978,2805196
199308,190300,3853911
199311,137850,740037
199303,13805,673769
199311,97786,4020640
199309,167864,6885149
199309,83738,5624891
199301,36517,5324207
199310,181810,3337152
199307,67314,1775895
199302,23511,6466771
199308,105183,1959308
199303,22394,6125162
199312,197860,9305708
199308,107807,7114016
199311,35698,4002540
199303,19505,3592589
199308,58049,1074511
199308,96755,7381874
199308,24720,2256555
199307,156965,9313147
199312,121943,962820
199312,104791,2666748
199304,173164,244957
199312,108810,5761990
199312,116734,8407005
199305,63022,3957810
199310,1256,5557114
199303,185876,9322806
199306,156323,273105
199309,103822,1771045
199309,120449,5843962
199308,100419,2202924
199307,167700,4900064
199305,8383,4176322
199312,153793,4657604
199311,74235,1876724
199301,12073,772294
199309,85939,4716078
199303,193443,6706560
199312,163524,6600908
199302,156116,3069756
199303,116170,3522924
199307,117841,8015318
199309,78463,2568681
199310,87273,5990063
199312,4608,7187875
199305,43165,5156268
199311,24205,3724101
199301,179547,478202
199305,188714,8833279
199305,180213,3675302
199303,20975,8732837
199307,84619,3733204
199312,158174,4183217
199304,47166,4472676
199307,186943,2953562
199307,109436,566608
199311,186318,817308
199307,36463,2632384
199301,77371,266977
199306,164698,6218770
199306,118406,4559504
199310,39156,2493656
199310,104163,3202687
199309,102387,5089298
199308,172766,6126748
199302,171996,3480427
199302,25848,7127289
199306,121963,5109287
199307,67686,2430909
199304,33116,4935013
199304,94405,4343737
199309,5662,4035156
199305,111800,3946100
199309,64721,3270296
199310,58527,582323
199308,145191,2692421
199308,153990,6610263
199302,49082,3031375
199304,120249,984930
199307,108454,2750868
199303,146430,6800436
199308,129621,5014583
199308,145293,6426468
199308,90728,3537125
199312,31448,1081480
199309,57992,8408356
199309,105061,5171457
199310,176623,5163445
199310,64858,5895096
199301,100228,3972063
199312,126436,2127835
199304,2468,2849186
199311,5154,5086038
199301,42998,2113738
199308,2802,7932434
199308,2754,4221399
199309,48342,2127770
199309,138250,3188418
199312,49355,4554790
199301,17857,2956900
199304,198273,1746997
199304,158169,1093399
199308,106690,6253999
199306,129922,5490750
199307,144794,8204680
199307,94693,1670813
199303,58166,222583
199302,196968,4654419
199302,170590,5096350
199308,90918,2456767
199312,194239,783939
199305,113891,1885841
199307,107815,1263207
199311,26220,4224966
199306,94896,6551933
199302,194002,5315600
199301,119752,4514419
199307,31247,2099623
199308,92928,4754277
199310,182817,5213078
199304,167991,6860554
199307,119652,4259364
199301,122936,3071602
199303,150677,8211615
199308,36009,2993760
199304,59966,4194740
199311,184717,713477
199311,137634,6225150
199311,120979,9503857
199310,30025,3120050
199311,87035,202361
199309,63845,2105489
199309,70237,3981444
199310,40041,582737
199306,109444,854622
199306,153571,7641977
199301,78142,1219832
199311,60431,6749826
199311,131213,4999235
199304,185950,8491947
199302,135198,3504725
199307,97429,3494729
199312,3967,550062
199302,170463,5652333
199302,35899,8187279
199302,87077,4171154
199303,7076,1167887
199310,23724,6136109
199311,69007,4354912
199306,161633,6642949
199307,29632,2295596
199301,92712,5680093
199308,160736,5810624
199301,154929,1571264
199301,122429,3413739
199301,25991,5072355
199306,131569,4912118
199304,61316,5257407
199310,186972,8587963
199305,11121,4605319
199307,59464,3523063
199305,95154,5405601
199312,117513,593837
199305,77081,5029054
199305,99059,2094939
199306,131520,3762436
199306,81334,644511
199306,101893,4271082
199305,116705,3711985
199310,88767,6642040
199309,128570,316516
199305,43126,4714819
199308,54399,5359424
199309,101295,2892022
199309,44969,3938929
199303,112398,4422983
199302,148824,363327
199305,166836,6899661
199307,192768,4605381
199306,3807,3484899
199304,140953,193413
199304,67400,5226202
199304,199860,2851596
199301,155774,6814063
199303,168207,249939
199301,49062,4557858
199308,1258,3976227
199307,180418,6540559
199303,138483,3280310
199303,83087,4463303
199307,15701,7056895
199311,111686,7486768
199301,171364,2506138
199303,97367,1720457
199303,33806,852502
199305,161504,7439256
199305,14121,2152014
199301,109206,4049046
199311,175468,4192037
199311,195868,9137840
199311,145275,256132
199305,197926,5355292
199304,64180,906190
199309,21676,1549739
199311,138901,8642254
199304,567,6828556
199304,20050,380259
199309,139769,2148806
199302,110078,639785
199302,65068,1703515
199304,42376,1957779
199304,10313,1067949
199309,146903,5485068
199303,130562,1418970
199312,11621,1337977
199306,193073,4524351
199306,131037,628001
199303,42162,2034966
199311,188414,1189908
199304,32415,6002711
199306,87244,2533891
199312,37510,1123267
199310,121675,7981135
199308,134876,3594346
199308,144002,410032
199311,69475,2145037
199302,94880,2364223
199308,152340,2894674
199310,127901,4964988
199310,36476,2656856
199305,50181,2852835
199302,158847,754712
199309,76913,7593658
199309,73732,8358077
199303,149206,3230884
199301,25357,6032174
199309,31140,2332942
199305,173862,6260571
199306,86217,2358291
199301,50053,1787435
199311,186079,2740244
199304,142073,757132
199303,42579,451906
199303,58508,7185850
199308,8458,5301826
199302,174625,7418841
199307,168956,3731982
199304,137945,6539736
199302,112308,2587788
199310,14854,8407344
199306,183346,7075233
199305,9146,2585093
199306,177789,5729147
199301,54137,1512306
199309,180647,5986272
199302,108252,748588
199311,187097,5053696
199311,126070,2685371
199304,156433,5056614
199302,149206,852280
199304,95729,5688126
199304,162041,3567231
199302,32989,6279108
199304,193388,145175
199302,119489,6584515
199310,34607,1345816
199303,171114,4483271
199301,187110,469267
199305,108706,2037063
199306,43289,478124
199301,123888,8716260
199301,84144,437718
199312,132014,3935089
199306,149357,974600
199306,106993,6859965
199307,186663,2206321
199308,162159,4427889
199309,61473,984046
199308,85356,4732282
199302,29344,2773334
199308,48326,504630
199307,111137,2841621
199307,61227,2823210
199304,118723,7168919
199312,133792,9037660
199311,93488,6097771
199309,174857,3185620
199305,69171,1467398
199307,66522,583499
199303,147976,396698
199306,187432,297808
199309,16588,1897275
199307,16711,5478871
199301,66196,5072959
199304,13488,3708316
199306,46083,3793188
199306,34167,4748201
199312,13288,1648156
199304,161917,3684730
199304,106568,5498363
199307,189756,7309170
199309,190513,4871463
199305,139054,4436689
199307,85166,2256273
199302,139290,789598
199302,28769,7819882
199310,78599,5720341
199311,50759,4643681
199306,31082,4269119
199310,126730,688638
199301,183585,2477841
199308,40548,5919923
199303,18513,1964031
199306,181150,4631586
199311,185086,2318738
199309,83690,165695
199310,14640,1523547
199309,142765,7189461
199309,35550,436751
199311,8285,3935437
199308,143960,6803444
199304,29247,2678298
199311,168817,3880996
199308,145155,3293211
199304,136293,1973995
199307,3046,4134018
199308,158946,4473021
199312,62581,756354
199306,22218,3318011
199305,89031,2572515
199302,110210,5562937
199302,128863,2060235
199309,63968,4497602
199304,144625,5399551
199305,14309,1574387
199305,105940,5530361
199308,6758,8240512
199307,4271,1396220
199302,177259,4147720
199312,66040,896381
199310,193226,4701700
199306,8378,2899477
199305,77088,1043778
199307,190285,6604094
199304,126483,6003201
199306,136254,6003533
199307,104045,2543922
199311,106715,2839099
199303,144936,784448
199312,132253,3180993
199304,104061,413243
199308,138949,1771254
199310,176049,4910799
199310,89305,5147431
199301,199369,5468172
199311,50917,1268310
199311,93623,5958861
199303,24589,4944865
199312,198767,4617756
199312,62041,1945897
199309,138438,144690
199307,12696,637041
199301,70587,5800427
199307,90927,7069453
199307,45685,3163519
199303,66193,3710567
199310,36849,4725332
199301,185693,7246383
199308,16097,3008877
199306,153568,4173895
199302,30521,5689958
199308,145467,6887742
199312,111592,2955416
199307,162201,1361729
199306,82077,2830894
199304,12451,4543015
199306,107434,1398187
199311,161814,5458607
199311,127089,1859389
199305,118969,3278146
199307,106311,2065542
199310,82534,600545
199310,36861,5461898
199305,133563,5884920
199307,20906,1446904
199301,149670,4426430
199307,102991,3517398
199307,110317,3218726
199305,1586,583131
199310,133070,109203
199309,157136,4724794
199308,110597,779681
199308,27413,4246418
199311,163174,2400109
199302,167297,5558117
199302,30091,4159920
199306,166646,7460259
199303,191636,7957463
199307,114690,3675311
199307,155523,156273
199302,126140,4977085
199304,666,3567284
199304,72520,1592518
199306,142228,5544510
199307,153513,7293670
199302,182452,595366
199305,62450,6850382
199308,17022,1380359
199301,130929,2716449
199308,186168,4622833
199307,30638,4503536
199305,151094,4874648
199301,85899,3839520
199310,177303,1913095
199305,76733,5026606
199310,159736,8095150
199307,85648,1940764
199307,40683,2992442
199307,148793,4740767
199307,79113,2436497
199308,23733,4708426
199304,28381,2592572
199302,68720,1801864
199307,11811,3039036
199303,7345,5207229
199303,36791,6157843
199301,173607,5868655
199303,176675,3568151
199310,31012,560147
199305,85243,3039894
199309,24660,6211867
199308,188885,8041587
199310,174140,4687794
199310,34411,4176152
199310,48371,5759050
199312,25446,2150417
199302,61192,5369252
199302,158769,3618964
199304,147578,2680564
199308,99320,3620214
199311,78791,4291740
199311,32915,6157236
199301,7148,4032745
199305,23934,5644391
199308,173294,3978813
199302,48573,5517212
199307,171615,6380445
199306,138973,8001604
199301,5630,2407867
199301,158491,5368982
199307,140464,5212953
199303,172738,8606399
199302,127876,369350
199311,31788,4256455
199301,143927,7073631
199304,124776,4941312
199304,107779,1945792
199304,27120,2539266
199311,126866,4823007
199308,137415,6832136
199302,61603,5160050
199312,168790,5949986
199303,32268,4234517
199310,54137,1817822
199310,76999,6651182
199302,181717,6054457
199306,86065,1937103
199311,141175,3371223
199311,152311,4496196
199310,13133,4261933
199303,23518,5368183
199307,29903,3412859
199307,172970,6406753
199301,5014,4052834
199311,19492,5394714
199310,78425,4083952
199305,106646,7035288
199312,41398,129920
199305,18474,6203453
199302,23901,6903596
199309,172905,7440859
199311,104350,3318157
199306,16706,7550423
199309,139977,6847613
199309,19935,8263713
199305,83454,5916544
199312,16222,2454002
199307,164871,2108162
199307,180185,5277065
199307,192332,2820173
199305,122188,3991173
199312,142870,6561144
199301,22293,3654377
199311,84954,8360752
199310,151622,3084481
199309,13049,565679
199303,166825,2385585
199309,26369,5204756
199309,181950,1379694
199309,49188,4081339
199301,41694,2855914
199304,166459,1510195
199312,168956,2749882
199304,30686,3168692
199301,20570,5205070
199301,82109,2751754
199304,88148,771439
199305,182564,8068144
199308,56623,5473383
199308,135086,878926
199310,191052,2550144
199303,83375,2689572
199304,48429,4809950
199304,14412,3808123
199305,196162,2989388
199304,160731,2985022
199311,7983,2808105
199310,174054,2210978
199301,48570,441903
199307,162272,6537923
199311,93274,6209623
199309,102788,6205052
199307,134056,215829
199309,21917,6599847
199303,34782,7327217
199303,1671,152548
199302,14146,2518892
199306,135493,299584
199310,40367,1902208
199312,131210,2949114
199304,86608,4063040
199305,62952,8720682
199311,170043,1101909
199310,184171,2922035
199305,76026,4761599
199309,158473,7277545
199302,32683,5758283
199309,195721,7733777
199304,58403,943450
199305,168563,4361159
199305,33788,6346481
199305,64214,2332855
199312,94810,3183684
199310,195860,5175205
199311,138827,6465066
199311,37036,3082559
199312,149387,4597852
199304,71541,7411446
199312,142438,7036483
199308,157360,6174020
199307,53647,156862
199307,120141,3448585
199308,125656,4495050
199311,194536,322844
199303,19482,815661
199303,80268,2663786
199304,28714,5312524
199309,1874,6961410
199301,64447,5532844
199310,68869,7487441
199312,114916,6244562
199306,33582,735056
199307,43458,2334815
199304,179776,5400290
199301,176708,524701
199312,193417,5383101
199302,150546,2659835
199302,23187,3699119
199309,49990,7224522
199304,162290,2385439
199302,115228,1230787
199307,13134,1036658
199307,47045,4714174
199310,1223,5288330
199311,165730,1393486
199310,50133,4396424
199308,83903,186803
199302,173017,5179727
199304,84012,4782840
199310,157468,6806602
199305,29332,4869995
199311,94415,1640553
199303,187063,3984957
199303,14283,1974314
199303,49619,3261140
199310,80489,1728108
199312,1977,7181423
199310,140208,5085166
199309,101212,4236529
199309,112660,7120513
199309,36079,3052315
199305,16575,6577823
199301,109102,2395531
199303,79907,9153351
199311,132326,4303157
199311,128712,7505941
199307,6879,7779249
199306,52644,3635549
199305,171190,494386
199304,172996,1843470
199309,126781,5190136
199311,59623,2663549
199305,160183,2953795
199306,55526,3448978
199306,142278,6339936
199308,137870,7932923
199308,98837,6296896
199301,62654,475295
199302,53411,405229
199304,124107,2799472
199305,182087,1927812
199308,8721,2213159
199308,84654,4542337
199304,96265,4449725
199305,152363,6727206
199305,157277,2113483
199307,20682,5235955
199309,71772,4955794
199309,97867,5299932
199302,115933,3969970
199311,160627,7184198
199311,150789,3390714
199308,197335,2084040
199301,25077,1473042
199310,111478,3178528
199309,135583,6820696
199304,78202,4693655
199307,138963,9417219
199304,40614,3317537
199306,113516,6359702
199306,93877,8710770
199312,64424,4673421
199312,181911,8788733
199304,3841,2591087
199308,41541,2201571
199308,108337,6394353
199302,41994,7091531
199309,116139,5717893
199307,44976,2795011
199310,77470,6448478
199310,121143,912685
199306,136808,1278446
199312,83293,3916934
199303,111159,2383595
199301,88867,1286110
199301,174278,3079118
199304,144958,5552177
199304,114300,5991893
199304,149069,1409873
199307,55493,2555136
199304,144014,1036849
199308,97995,6708404
199302,133282,2806807
199302,60996,7782949
199302,183492,5147125
199303,55432,1345807
199309,197290,2719088
199302,150295,3784300
199302,198590,4798972
199311,38948,186807
199311,93176,1489522
199302,134092,2075383
199310,45854,4989184
199310,129022,5097447
199311,125185,2347749
199304,56379,2331556
199305,192613,6783210
199312,78272,5699980
199312,110101,4203291
199302,44488,3088426
199309,78525,6271181
199307,14086,1078086
199304,119597,320084
199310,1307,5741841
199303,192270,667512
199312,5395,3910272
199307,182547,2076033
199301,106569,2445269
199310,74729,7513405
199304,110982,8506038
199306,48438,1344837
199311,20586,3395831
199304,180361,5279701
199305,182086,5036760
199301,71105,3163734
199303,80621,941752
199312,64898,182563
199307,81925,6229907
199302,75845,6602365
199302,34432,4285124
199305,55571,5591825
199312,39055,2460273
199311,63354,5999211
199306,37958,3310328
199304,130326,4162546
199306,151726,5455822
199307,143899,5842270
199308,108428,2417494
199308,180788,8607600
199304,157112,1620386
199310,26099,710387
199303,136720,4869627
199303,116076,4865171
199311,41137,4810616
199308,36472,5856418
199303,71115,2212406
199311,13930,912745
199310,67890,1441722
199310,189542,2558254
199310,80632,4741132
199312,125016,2524449
199303,6598,2532224
199311,33636,6460597
199310,77644,6449262
199307,55924,6263893
199311,177708,5196387
199310,141565,6680076
199304,190152,2891725
199309,53663,3200986
199309,118333,133781
199310,49761,1354921
199310,121063,4722165
199304,86058,2273940
199304,172792,904423
199311,80102,4285116
199301,198031,4599668
199304,83197,2197513
199305,165521,5752721
199309,6468,1077576
199309,57204,1934559
199310,105624,4839971
199304,191871,3427171
199310,120760,6457035
199301,183914,6852831
199302,17312,3252754
199301,76077,3064433
199304,99425,5781720
199308,189485,6719880
199302,4785,1966903
199309,16803,8342749
199304,110153,3109099
199304,59870,3017455
199301,154040,2122437
199308,21348,2261963
199312,160226,2773090
199305,126248,1373630
199302,40708,5712745
199304,198940,8881622
199312,23604,3175880
199310,26260,2416411
199312,53501,3455892
199304,56630,1243917
199308,104345,4541878
199308,172450,3133202
199304,42322,490556
199302,15713,1436522
199308,50170,2064473
199309,3595,3560649
199304,52362,5864674
199310,125604,6480919
199304,54634,5547495
199309,44347,126551
199309,18760,7164947
199309,97484,1306665
199309,66154,219549
199308,73888,7946503
199302,51662,5478375
199305,47248,1739074
199305,155548,6688365
199307,142385,5676690
199305,84220,596088
199310,67485,4127948
199303,47038,2484245
199309,166420,4037116
199307,141466,3216919
199308,20886,7536496
199303,111762,5970476
199302,119043,618107
199308,47306,1719527
199310,122995,6263840
199311,109475,727390
199309,20775,4819378
199306,110636,6938898
199304,68612,3097995
199308,105891,743580
199310,73493,3919927
199303,183313,1382346
199307,141031,4263463
199307,161044,328196
199311,42772,4583580
199309,166084,4782032
199305,40511,2111947
199301,87239,4205968
199308,65365,1448762
199305,42214,4261790
199307,13303,4214479
199304,198886,389036
199310,6347,3439164
199308,28668,4537707
199304,176695,5261919
199307,53630,3449146
199307,16067,4768824
199306,171826,7327483
199309,45247,4089383
199311,186810,929436
199305,110088,1506565
199305,158069,5028941
199301,60285,5054591
199307,60574,3274772
199305,155729,7244178
199304,56542,1780265
199307,51965,2656906
199305,25105,4744640
199305,123815,3388926
199305,157510,6759103
199302,77253,2531854
199312,89937,7630642
199301,126096,2829910
199306,144659,7513096
199310,20320,4543292
199310,28223,3685055
199306,189553,4065311
199310,27092,3459810
199310,36335,3986890
199306,56115,1974055
199303,91619,956702
199303,42098,2162347
199307,137939,195716
199305,186385,4369998
199305,184234,4698171
199304,110095,4331952
199304,90837,4704834
199312,123301,2491008
199311,121051,3535620
199307,197662,2389618
199307,99028,697346
199303,193370,3690619
199307,165375,5029772
199309,19685,6672259
199302,118866,8770253
199309,5657,3712856
199309,147573,2566982
199302,78711,5018438
199307,42549,4774419
199307,151078,1788446
199303,24310,3299310
199312,111235,3701303
199302,151179,2290576
199305,4984,3114928
199308,93110,2270200
199302,198111,2962319
199304,102994,9785251
199303,24811,1871203
199305,23800,2871850
199305,174038,5174275
199312,177807,2239142
199312,187832,5028034
199309,126324,5160923
199307,138025,4104320
199308,134101,786624
199301,61733,4109720
199302,174708,2445864
199310,112344,3588875
199301,18961,1116696
199310,143502,7344216
199307,62061,3308576
199310,102158,1033693
199305,66336,5286157
199308,24661,4306652
199303,7065,3394433
199302,184399,4748331
199302,120333,2947552
199304,91030,792319
199309,71953,6413933
199309,90940,3784642
199308,9399,5128888
199307,136469,6425303
199308,46222,1717283
199312,121269,6069383
199303,196959,9769874
199303,81429,139631
199304,5537,5089245
199307,196370,1293338
199310,5131,1624651
199302,4040,4533280
199308,175469,917409
199307,199742,6381629
199310,71290,1373544
199307,47106,3302521
199309,149618,4787708
199301,15097,4908636
199307,105735,5514632
199301,164669,5266859
199305,24248,1493433
199304,194918,8200595
199310,191018,430295
199312,9643,2434539
199304,35278,2259108
199307,53079,101142
199307,17848,2569297
199303,39894,8267176
199311,181998,10191951
199311,32232,5647679
199305,103304,2662970
199303,55483,976727
199308,47444,3545389
199311,136645,4077977
199303,124,695377
199307,113708,1181086
199301,116159,1163398
199301,73837,2986058
199310,111837,6589230
199303,22781,3036135
199309,138025,2165371
199301,168240,1268992
199305,62665,478532
199303,13411,385403
199303,176357,3753943
199301,131729,1898056
199306,70781,2378917
199311,156551,4456128
199309,140380,3937293
199302,89668,3118058
199308,116908,3174160
199308,115528,7260718
199307,24178,3709904
199303,20917,6239704
199303,112163,1612319
199303,105236,4546625
199310,146821,8690966
199310,68445,839583
199303,156201,1707277
199311,135154,2796880
199312,47020,4595279
199305,55220,1047121
199311,96123,2659029
199306,162372,6261025
199304,56985,4037376
199311,123108,1551869
199311,118374,3170426
199307,25954,4558878
199307,8376,5606275
199311,127246,2899167
199308,96561,7403082
199302,148847,1114753
199305,126898,190564
199301,143341,135665
199312,875,7032445
199305,137422,2311721
199312,87016,98294
199304,166294,4222340
199309,126516,3590963
199312,127536,3560157
199310,35595,1484672
199309,54692,3260446
199309,114068,4606329
199302,64338,2042053
199303,192096,470483
199302,5815,667674
199302,122242,3097388
199303,50378,4380964
199302,144828,7341454
199302,163919,2720552
199306,30665,309558
199303,162600,6419298
199308,96787,8653116
199301,37169,4552954
199312,37706,7731964
199302,149184,366254
199306,67805,5440723
199306,157582,5302401
199305,183478,2271938
199312,122951,1531785
199306,10921,7818634
199307,133231,4630874
199307,64271,1797317
199303,26004,2706300
199312,12687,465506
199303,55987,4523257
199310,89870,920635
199301,54382,2381429
199311,130717,7536125
199301,127228,4059381
199312,58809,685906
199304,93066,3564795
199311,149274,3850715
199309,43327,4435957
199311,114929,5656807
199310,197116,3963230
199310,185731,6294969
199307,100945,6417710
199307,12416,657562
199301,62283,5794287
199310,160237,5339398
199311,85703,4422705
199308,16031,3950062
199311,77349,259962
199311,132366,406922
199309,187827,3190090
199311,5218,444791
199303,45394,1706382
199310,183413,4888771
199302,101687,2340510
199312,110291,3698266
199312,2768,7454931
199312,193430,4329588
199302,87004,4611123
199306,146056,855190
199301,138430,1017621
199306,128489,6476604
199311,179645,3244047
199309,49671,476476
199309,71566,2386293
199312,5812,333255
199308,84443,1678669
199311,33264,2815955
199309,124417,4194503
199305,90069,2054576
199309,54394,3699982
199305,182358,2281514
199304,73618,4254373
199302,89144,4441908
199305,144502,6516951
199304,156628,5613153
199312,17336,620398
199312,177183,6111873
199307,180351,4959627
199307,57408,3612848
199302,128052,4190594
199304,165952,2570868
199302,89267,4630574
199306,48419,1072049
199310,153236,3751659
199306,199183,2157908
199301,114444,2858542
199305,64525,5400999
199306,190493,2303977
199303,186337,6834830
199310,31023,647779
199310,11626,1356180
199306,168515,3448884
199309,164403,2588493
199307,194870,8957842
199309,185107,4484680
199308,179426,1639402
199310,192166,5854218
199311,76101,1599493
199312,55867,4823287
199307,190202,3258928
199307,119930,6306073
199306,161556,3294949
199302,24550,7080789
199309,199193,2558536
199304,57457,5899670
199307,142059,2834102
199306,186116,5713628
199304,140208,5085166
199304,69514,726919
199305,65257,4719107
199301,153645,3363307
199307,51435,1784335
199312,96866,2920964
199304,47266,2402254
199308,32716,816111
199304,52434,3900027
199311,177376,1294952
199311,149338,3942791
199310,138429,7263729
199304,163594,1624438
199311,149649,1482912
199303,112357,5711558
199311,169403,1731542
199312,54075,3892971
199309,22443,4148206
199309,48286,1197251
199309,71639,1578417
199307,74678,8015449
199302,116091,3471834
199308,65660,4415292
199303,13091,3798472
199306,133924,2494390
199311,171134,5377290
199311,159098,5499648
199305,184263,5868664
199309,53737,662766
199302,109188,117323
199312,121670,663134
199310,126112,2140784
199307,21765,5510644
199304,3406,5969554
199303,39726,1958886
199301,58242,3564712
199307,172373,4626629
199305,160390,2297417
199312,157685,8453740
199305,144245,1768837
199309,95837,3233112
199309,185510,7581863
199309,173207,250919
199312,130458,5486426
199304,71221,3540893
199307,190992,7011344
199307,156921,1762326
199305,123892,1126543
199310,65102,1479000
199301,196957,8947006
199310,111815,2531958
199311,122532,1846781
199306,99579,1406505
199311,136222,5614177
199307,120960,5435754
199308,38952,2409070
199306,17960,7913723
199304,60298,2319028
199304,65318,5590098
199310,121626,1937601
199310,121201,3912262
199305,39757,5925051
199306,47868,2847268
199301,115227,4058332
199303,92209,2854051
199304,28805,1544815
199307,64992,7749680
199304,156952,3897363
199310,6874,1221676
199307,137604,975110
199307,136444,4207410
199311,93576,4972397
199310,63337,126132
199307,143860,9049046
199312,5417,4489581
199308,194753,7967498
199312,14438,4373758
199301,52173,4520933
199310,66376,263104
199304,137385,5715122
199304,197926,5950324
199307,137975,1394988
199305,77444,5206734
199301,88798,4068520
199306,81826,8232812
199311,4304,236826
199309,60722,652895
199305,153152,5607562
199308,158367,3809987
199302,103791,6218947
199309,119126,4874775
199302,106532,2893974
199312,46761,5917388
199311,117476,887121
199307,42411,656403
199308,146959,8936507
199303,128832,1805005
199301,24934,364350
199304,117876,1874931
199305,172655,5697789
199305,42238,2544575
199312,70212,5032667
199305,38920,7286966
199305,118426,840652
199308,15089,2186886
199304,84073,1243114
199304,14459,2264819
199307,127675,2807702
199309,195270,1873150
199312,180358,4743678
199304,49015,3244857
199309,141424,6383369
199309,99750,3943936
199309,94572,4406761
199303,111016,1626783
199307,72614,6064023
199305,183705,6374926
199309,99375,5732497
199302,93054,3453170
199312,48781,5933145
199311,23406,3094843
199301,57731,4258977
199310,129074,1513412
199303,110271,4225628
199301,36630,4605892
199304,151328,811040
199302,196608,337510
199303,19778,6723169
199305,131095,1419999
199309,164115,3119925
199307,141545,2462310
199306,90883,5876487
199309,168323,1908891
199311,138862,6822186
199308,48412,6329987
199301,95747,172531
199302,63051,1093145
199302,35000,925650
199302,163714,4310946
199301,8124,4147058
199305,120771,6918023
199303,115159,3487225
199301,39990,6052448
199302,177448,6795835
199308,191,1270145
199309,189358,5158355
199301,125263,3698594
199301,114727,7414502
199305,173837,3892360
199305,68310,5637347
199305,81946,3778762
199312,67225,4047586
199301,3288,1297303
199301,145512,610543
199305,49572,1054448
199311,110253,4252099
199308,27058,2633038
199303,196457,3044762
199303,136584,1925249
199312,121028,3323295
199305,161746,4116223
199305,55561,900836
199301,93550,1663946
199309,16182,1491328
199309,145430,433776
199308,155020,2447820
199311,197240,2647735
199309,46127,3330964
199304,91877,8424865
199304,152013,3163079
199305,162690,3817358
199301,66113,4335863
199301,10109,3934745
199303,138769,8769443
199301,22858,4712129
199302,79485,4639472
199302,19068,4595751
199307,149924,6448796
199303,168396,6107970
199305,36219,2353162
199310,44354,5398539
199310,172311,4159613
199310,29637,2456475
199306,40175,216342
199307,185684,3948156
199307,168629,1008386
199311,86949,574974
199311,171022,2272388
199309,82350,4047679
199306,108639,489346
199303,104446,2673160
199306,134683,1999379
199306,4506,410455
199303,31734,4782310
199301,69376,4306529
199310,165806,3852164
199301,16744,2959438
199305,98389,2311375
199309,177656,7208516
199309,43522,4406818
199310,119107,327695
199303,85651,7378018
199312,85842,3191408
199304,64246,3795312
199306,56429,2687714
199302,25954,3350070
199302,191140,5067372
199310,38133,3393339
199307,122475,4595735
199303,168308,5125341
199305,143500,302526
199312,23613,7228213
199301,189575,6297068
199312,111344,6242696
199309,38127,3585193
199301,133248,1395270
199309,40852,1597429
199312,22474,3792812
199301,100828,5854052
199311,18405,2882365
199312,196842,9027239
199308,153213,5640965
199301,99922,1318437
199301,126993,4553057
199307,161823,6033308
199311,74239,2824399
199307,60452,6228904
199307,71761,4974753
199303,35858,6748463
199309,16773,6524201
199308,168714,8647926
199306,107834,4740870
199306,161953,9280859
199304,55013,1328109
199310,122984,7397728
199311,195802,2789766
199312,176485,5755615
199311,72370,4735881
199311,162823,6468362
199309,124052,4383827
199311,68868,2672631
199301,76307,1509160
199302,11392,3831966
199304,82233,117877
199301,138791,8607332
199307,46295,608232
199307,20898,4099778
199311,43067,199991
199303,35835,694165
199301,31746,2959533
199312,164997,3878603
199305,146943,7215522
199311,77337,1951780
199305,7222,111792
199311,192299,5096295
199311,160512,3424926
199309,133109,4477032
199304,147533,4599342
199310,1331,4542368
199306,29704,4120191
199306,86918,5657582
199306,16740,4660409
199303,54916,8800760
199303,34810,3761810
199309,6720,1735710
199309,143135,2171293
199312,142139,4911138
199308,85898,3357091
199307,105908,6126393
199312,190112,706840
199304,126493,7074745
199304,132883,1327704
199301,82762,5129594
199308,109715,169021
199308,170987,1796616
199311,76114,5396044
199305,43945,7293197
199303,96804,3842907
199310,160162,2634976
199305,117983,194095
199303,25093,1580075
199304,103203,4776552
199304,190218,1424640
199307,71644,1108329
199305,198002,3414400
199305,64404,6773580
199308,126398,6627686
199307,110237,1234757
199304,62544,1044032
199308,60094,3512227
199308,166537,6285837
199302,16196,4250790
199310,195096,2594194
199310,26940,2927361
199303,134136,4981243
199303,181578,6761088
199305,69442,3148922
199305,121540,3213649
199310,12614,6881957
199310,121491,3814499
199304,146941,3470943
199312,116300,5490287
199312,122586,4618233
199306,156985,5256056
199308,41286,360820
199302,118794,5922384
199307,89784,3998100
199308,155492,1200852
199308,33713,5002704
199306,44791,4467923
199302,119984,1190364
199303,11742,2917197
199312,41623,5059981
199312,198165,2104424
199305,144794,4865438
199306,3353,4063035
199306,145965,4138555
199304,195604,7403457
199312,114117,329153
199312,149010,1951755
199305,111924,4024777
199305,99388,5356674
199305,25662,155590
199305,199118,4096792
199307,56929,1493648
199307,131986,3361954
199306,76999,2543099
199302,45450,6700950
199306,41295,5330882
199301,134773,2104244
199312,90214,3971484
199304,181067,3712826
199309,142970,4982100
199303,141376,824909
199311,161875,4509033
199301,145898,2451245
199308,22275,4064731
199308,31791,5116686
199301,96041,3285342
199305,127479,4968338
199310,122315,3014296
199305,88179,4689689
199301,50693,3905407
199310,32415,266787
199307,19004,4207957
199312,186660,6946466
199307,192226,1550226
199307,145937,3109234
199306,143788,7616541
199304,80399,3277430
199304,111527,7163349
199304,111078,2695448
199307,132318,3929402
199309,60985,7898732
199302,77026,3475464
199301,33442,2451034
199301,184159,1461944
199308,104747,1387378
199311,160333,5000661
199305,115760,6504608
199304,21294,5776273
199307,63924,934520
199306,82014,869516
199301,6738,6286158
199308,13800,848331
199302,71841,7358317
199312,113130,2772090
199306,81782,8381482
199308,122872,2063513
199312,196142,3723086
199302,20644,1858792
199304,151736,520229
199305,101684,6773062
199310,80230,2516068
199310,185456,1057434
199301,192274,6357254
199311,17142,1660731
199302,148149,3367554
199302,124340,5883034
199307,47765,7217570
199308,134857,185401
199308,130330,6329615
199309,8186,3109659
199308,37894,7360534
199301,97839,3273231
199301,34941,5014387
199310,62144,4051790
199304,7531,1395374
199303,89053,412651
199302,130023,4437426
199307,193353,6443489
199310,157988,8822265
199311,162652,4490668
199310,155121,3422509
199303,199079,1399547
199303,1813,7058157
199305,77044,3234654
199305,77115,4388097
199302,181136,590308
199309,162057,3582079
199309,80381,6003685
199310,192780,6674587
199304,97969,7594432
199303,28394,6283997
199308,182479,2877789
199312,6226,1664363
199306,165328,2896712
199306,49184,2221032
199306,75907,3690484
199312,176537,1118176
199306,70059,2139394
199311,94717,2202970
199311,99483,3738814
199309,7670,1249514
199307,118111,1752378
199312,37782,8342652
199305,22633,6160294
199304,104420,829012
199304,176765,6788727
199311,138521,6958578
199311,116395,3042956
199310,12540,4026440
199302,198976,2846858
199310,154087,1328217
199307,130930,3233573
199303,151830,7301500
199308,176465,6042523
199312,170884,3065251
199307,49899,6223363
199312,61260,3627142
199311,2763,2100523
199310,2520,4553486
199310,175741,8367904
199312,195151,4071172
199310,68700,1962391
199307,101424,279382
199307,63397,3097608
199307,89061,3118678
199306,74544,2062177
199309,100684,8007284
199306,169713,5471136
199308,23693,7129602
199312,17862,1395410
199311,99428,6369148
199308,93691,7680501
199304,131797,2353652
199301,7784,6364476
199309,127922,955460
199307,16081,1661135
199302,116210,2063711
199303,156209,5385956
199302,26644,1231381
199312,125650,7314212
199305,47424,3059638
199310,139137,1037346
199310,36339,499929
199306,64924,6596108
199312,41117,2696064
199301,162759,4771163
199301,56096,2577620
199303,186826,1499650
199312,151930,1359603
199306,19016,272087
199310,14195,2934916
199305,43864,8232994
199308,137788,5135919
199301,111910,8287275
199302,128672,4333307
199303,106588,618697
199305,170760,6279506
199303,67312,5572674
199301,183292,6003140
199309,26532,2310311
199303,42681,4661585
199305,72076,4574825
199308,156759,3055907
199306,99485,6692035
199308,71578,306814
199303,69489,4716724
199305,64248,5227178
199302,74740,8402226
199301,99976,6133410
199301,96438,984018
199304,33805,1533621
199302,86261,5686258
199306,199805,8863034
199308,143803,6628165
199305,29717,7584746
199306,87043,3696813
199301,55276,2437914
199301,34969,6903758
199301,2876,1725503
199306,189999,4660536
199310,104488,4241628
199310,32528,1445914
199305,148822,4950189
199311,156656,2685435
199306,18781,4781481
199308,94861,2939682
199306,125759,1038724
199301,196746,6140009
199303,117454,1893756
199302,163511,5767430
199301,127927,5999649
199312,168653,7499507
199312,31351,3393098
199309,101478,1004560
199302,32061,973198
199310,77981,9115133
199311,70854,5664334
199310,28864,3478148
199310,75504,1578626
199306,98424,1830654
199311,58951,5802428
199307,166047,4908506
199308,25439,3376964
199307,85754,2927999
199303,168756,2832012
199308,78005,486585
199305,161579,1273082
199311,23369,752153
199309,101527,4793438
199305,10003,3131590
199307,8830,6746660
199310,157524,6903334
199312,162511,7710199
199309,192812,4853455
199303,7909,4229743
199302,91045,2842893
199308,97259,2984850
199308,109751,3623623
199311,15267,1605509
199308,70186,2060312
199308,111982,4689840
199308,112689,165062
199310,56023,1938459
199307,11818,2181290
199307,10554,3588147
199306,106914,8557654
199307,170552,7155445
199304,184857,8099456
199312,165096,2703017
199308,1974,4367258
199303,86863,7070164
199306,23633,5284758
199306,97799,880427
199305,150305,402524
199306,193091,5275120
199303,43705,1305770
199303,173713,5837181
199301,71153,3380319
199309,131839,6297213
199307,164816,8027297
199304,72468,4517282
199310,136895,4310046
199308,75807,176497
199306,69379,1601863
199304,24846,6837213
199308,53598,3762605
199305,63356,3918469
199306,177500,1989227
199303,37561,1162882
199302,60359,3396006
199306,148051,1385902
199310,163282,5800847
199301,80096,319598
199307,158545,3810011
199307,154918,7422087
199307,120009,3932838
199307,178291,5151268
199304,191757,2013288
199311,90271,247208
199301,14278,1416416
199303,131969,4852328
199303,6589,3046496
199307,105677,6330204
199308,19700,4285726
199309,108738,2710924
199305,79454,4032294
199305,64659,3054085
199301,78923,1291403
199309,38214,677499
199308,49028,4021414
199307,27160,2557000
199308,103098,539534
199310,181133,5770759
199306,164042,3218576
199301,104471,1431205
199307,138496,759572
199303,37570,1316108
199306,139844,7938501
199310,99413,3014082
199312,94290,747456
199312,179668,6441874
199307,95530,149501
199303,115014,1210115
199311,100502,3867435
199308,181677,2263408
199301,99461,2576251
199304,62409,806383
199302,150696,2880291
199306,29190,108561
199309,23628,5322056
199310,11072,2504862
199302,61496,6644696
199308,44730,5035913
199311,27364,1917669
199311,166225,2277712
199302,53754,5579219
199308,196132,1337433
199303,52281,4545870
199304,185747,711103
199309,199114,4203426
199305,165916,8351768
199306,32675,4990207
199302,94887,5841355
199312,185083,339911
199304,195479,458170
199308,43436,5542549
199308,145643,6784955
199310,22681,1866683
199304,198936,5384424
199310,171877,1890403
199310,139948,9448678
199307,179609,3275884
199302,102177,114379
199310,190451,6877949
199301,157390,709221
199306,77652,3832936
199305,187052,4510638
199308,84369,6297184
199310,30423,393845
199302,121522,7260718
199302,112758,4908519
199301,42661,7144305
199312,140303,3387802
199311,36967,8769639
199307,122486,3991438
199302,84299,2738540
199311,192284,4360055
199312,114291,3545167
199311,58000,4078206
199301,47711,4183266
199305,21338,4488252
199312,172739,2811804
199303,143576,7069423
199311,12628,4982365
199301,71968,6721961
199308,27409,1964508
199310,108075,3821070
199305,191201,383783
199312,161692,5671433
199304,177568,4628960
199308,118122,5304978
199307,166702,1926114
199301,52614,6979247
199301,24227,3238381
199301,84501,582316
199302,137238,2999340
199309,191206,4494798
199304,121824,180890
199309,163801,7015377
199309,92228,5859496
199311,198143,1083515
199312,64992,191785
199303,85462,7164927
199312,134674,338316
199310,74375,2003814
199303,114652,808325
199311,119008,3050190
199305,117669,7768755
199306,98724,2701224
199306,47787,3910194
199302,61929,561603
199309,3617,602161
199301,27237,5476537
199301,140844,3731983
199309,142024,206807
199302,42023,3439331
199301,118522,6710505
199301,30869,3666314
199311,138982,5292946
199311,82428,6156483
199305,84860,7694911
199305,153200,2917449
199310,88629,6119456
199306,173164,5021632
199310,54300,6208785
199305,166923,9850104
199305,115022,3695939
199301,33957,2433652
199309,128938,6939329
199309,58998,4986410
199312,35379,4814537
199307,43612,3168777
199304,176959,1579897
199309,74449,2231953
199305,182535,5284470
199308,25412,3243219
199312,131441,6998507
199307,51286,3240436
199309,160931,3904182
199301,66299,3719952
199308,102918,9316413
199302,114295,3048027
199307,56385,525820
199301,194579,2110371
199301,87308,761636
199301,146127,2903472
199303,187561,479730
199303,82084,1160961
199308,19368,2270903
