 节点name: Group[0]-1
120,100,0,2948
 节点name: Group[0]-1
120,110,0,3238
 节点name: Group[0]-1
120,97,0,2861
 节点name: Group[0]-1
120,82,0,2426
 节点name: Group[0]-1
120,95,0,2803
 节点name: Group[0]-1
120,88,0,2600
 节点name: Group[0]-1
120,98,0,2890
 节点name: Group[0]-1
120,91,0,2687
 节点name: Group[0]-1
120,90,0,2658
 节点name: Group[0]-1
120,98,0,2890
 节点name: Group[0]-1
120,88,0,2600
 节点name: Group[0]-1
120,107,0,3151
 节点name: Group[0]-1
120,98,0,2890
 节点name: Group[0]-1
120,100,0,2948
 节点name: Group[0]-1
120,105,0,3093
 节点name: Group[0]-1
120,102,0,3006
 节点name: Group[0]-1
120,105,0,3093
 节点name: Group[0]-1
120,80,0,2368
 节点name: Group[0]-1
120,89,0,2629
 节点name: Group[0]-1
120,97,0,2861
 节点name: Group[0]-1
120,114,0,3354
 节点name: Group[0]-1
120,105,0,3093
 节点name: Group[0]-1
120,99,0,2919
 节点name: Group[0]-1
120,90,0,2658
 节点name: Group[0]-1
120,91,0,2687
 节点name: Group[0]-1
120,103,0,3035
 节点name: Group[0]-1
120,87,0,2571
 节点name: Group[0]-1
120,89,0,2629
 节点name: Group[0]-1
120,93,0,2745
 节点name: Group[0]-1
120,89,0,2629
 节点name: Group[0]-1
120,102,0,3006
 节点name: Group[0]-1
120,97,0,2861
 节点name: Group[0]-1
120,89,0,2629
 节点name: Group[0]-1
120,101,0,2977
 节点name: Group[0]-1
120,103,0,3035
 节点name: Group[0]-1
120,105,0,3093
 节点name: Group[0]-1
120,93,0,2745
 节点name: Group[0]-1
120,107,0,3151
 节点name: Group[0]-1
120,99,0,2919
 节点name: Group[0]-1
120,122,0,3586
 节点name: Group[0]-1
120,107,0,3151
 节点name: Group[0]-1
120,99,0,2919
 节点name: Group[0]-1
120,122,0,3586
 节点name: Group[0]-1
120,92,0,2716
 节点name: Group[0]-1
120,110,0,3238
 节点name: Group[0]-1
120,92,0,2716
 节点name: Group[0]-1
120,104,0,3064
 节点name: Group[0]-1
120,113,0,3325
 节点name: Group[0]-1
120,90,0,2658
 节点name: Group[0]-1
120,103,0,3035
 节点name: Group[0]-1
120,100,0,2948
 节点name: Group[0]-1
120,80,0,2368
 节点name: Group[0]-1
120,91,0,2687
 节点name: Group[0]-1
120,102,0,3006
 节点name: Group[0]-1
120,102,0,3006
 节点name: Group[0]-1
120,115,0,3383
 节点name: Group[0]-1
120,91,0,2687
 节点name: Group[0]-1
120,101,0,2977
 节点name: Group[0]-1
120,98,0,2890
 节点name: Group[0]-1
120,98,0,2890
 节点name: Group[0]-1
120,101,0,2977
 节点name: Group[0]-1
120,119,0,3499
 节点name: Group[0]-1
120,89,0,2629
 节点name: Group[0]-1
120,107,0,3151
 节点name: Group[0]-1
120,111,0,3267
 节点name: Group[0]-1
120,83,0,2455
 节点name: Group[0]-1
120,107,0,3151
 节点name: Group[0]-1
120,121,0,3557
 节点name: Group[0]-1
120,102,0,3006
 节点name: Group[0]-1
120,85,0,2513
 节点name: Group[0]-1
120,94,0,2774
 节点name: Group[0]-1
120,106,0,3122
 节点name: Group[0]-1
120,92,0,2716
 节点name: Group[0]-1
120,93,0,2745
 节点name: Group[0]-1
120,100,0,2948
 节点name: Group[0]-1
120,86,0,2542
 节点name: Group[0]-1
120,85,0,2513
 节点name: Group[0]-1
120,88,0,2600
 节点name: Group[0]-1
120,83,0,2455
 节点name: Group[0]-1
120,93,0,2745
 节点name: Group[0]-1
120,115,0,3383
 节点name: Group[0]-1
120,86,0,2542
 节点name: Group[0]-1
120,102,0,3006
 节点name: Group[0]-1
120,111,0,3267
 节点name: Group[0]-1
120,97,0,2861
 节点name: Group[0]-1
120,92,0,2716
 节点name: Group[0]-1
120,95,0,2803
 节点name: Group[0]-1
120,108,0,3180
 节点name: Group[0]-1
120,105,0,3093
 节点name: Group[0]-1
120,108,0,3180
 节点name: Group[0]-1
120,115,0,3383
 节点name: Group[0]-1
120,82,0,2426
 节点name: Group[0]-1
120,101,0,2977
 节点name: Group[0]-1
120,107,0,3151
 节点name: Group[0]-1
120,116,0,3412
 节点name: Group[0]-1
120,92,0,2716
 节点name: Group[0]-1
120,97,0,2861
 节点name: Group[0]-1
120,82,0,2426
 节点name: Group[0]-1
120,103,0,3035
 节点name: Group[0]-1
120,94,0,2774
 节点name: Group[0]-1
120,106,0,3122
 节点name: Group[0]-1
120,88,0,2600
 节点name: Group[0]-1
120,87,0,2571
 节点name: Group[0]-1
120,91,0,2687
 节点name: Group[0]-1
120,88,0,2600
 节点name: Group[0]-1
120,92,0,2716
 节点name: Group[0]-1
120,83,0,2455
 节点name: Group[0]-1
120,112,0,3296
 节点name: Group[0]-1
120,116,0,3412
 节点name: Group[0]-1
120,99,0,2919
 节点name: Group[0]-1
120,104,0,3064
 节点name: Group[0]-1
120,93,0,2745
 节点name: Group[0]-1
120,95,0,2803
 节点name: Group[0]-1
120,94,0,2774
 节点name: Group[0]-1
120,116,0,3412
 节点name: Group[0]-1
120,96,0,2832
 节点name: Group[0]-1
120,112,0,3296
 节点name: Group[0]-1
120,106,0,3122
 节点name: Group[0]-1
120,86,0,2542
 节点name: Group[0]-1
120,122,0,3586
