 节点name: Group[0]-1
360,2440,0,114119
 节点name: Group[0]-1
360,2429,0,113366
 节点name: Group[0]-1
360,2387,0,111115
 节点name: Group[0]-1
360,2436,0,113644
 节点name: Group[0]-1
360,2503,0,116978
 节点name: Group[0]-1
360,2514,0,117100
 节点name: Group[0]-1
360,2432,0,113521
 节点name: Group[0]-1
360,2412,0,112418
 节点name: Group[0]-1
360,2441,0,113788
 节点name: Group[0]-1
360,2432,0,113386
 节点name: Group[0]-1
360,2463,0,114996
 节点name: Group[0]-1
360,2524,0,117648
 节点name: Group[0]-1
360,2436,0,113328
 节点name: Group[0]-1
360,2408,0,112508
 节点name: Group[0]-1
360,2541,0,118511
 节点name: Group[0]-1
360,2371,0,110768
 节点name: Group[0]-1
360,2319,0,108353
 节点name: Group[0]-1
360,2505,0,117133
 节点name: Group[0]-1
360,2379,0,111129
 节点name: Group[0]-1
360,2428,0,113567
 节点name: Group[0]-1
360,2371,0,110709
 节点name: Group[0]-1
360,2487,0,116089
 节点name: Group[0]-1
360,2509,0,117090
 节点name: Group[0]-1
360,2388,0,111523
 节点name: Group[0]-1
360,2351,0,109747
 节点name: Group[0]-1
360,2403,0,112133
 节点name: Group[0]-1
360,2403,0,112265
 节点name: Group[0]-1
360,2409,0,112572
 节点name: Group[0]-1
360,2439,0,114065
 节点name: Group[0]-1
360,2442,0,114102
 节点name: Group[0]-1
360,2457,0,114626
 节点name: Group[0]-1
360,2377,0,110664
 节点name: Group[0]-1
360,2366,0,110407
 节点name: Group[0]-1
360,2403,0,112275
 节点name: Group[0]-1
360,2499,0,116934
 节点name: Group[0]-1
360,2428,0,113379
 节点name: Group[0]-1
360,2496,0,116516
 节点name: Group[0]-1
360,2465,0,114845
 节点name: Group[0]-1
360,2399,0,111990
 节点name: Group[0]-1
360,2613,0,122079
 节点name: Group[0]-1
360,2453,0,114218
 节点name: Group[0]-1
360,2553,0,119355
 节点name: Group[0]-1
360,2321,0,108409
 节点name: Group[0]-1
360,2483,0,115915
 节点name: Group[0]-1
360,2443,0,113809
 节点name: Group[0]-1
360,2375,0,110573
 节点name: Group[0]-1
360,2367,0,110438
 节点name: Group[0]-1
360,2515,0,117405
 节点name: Group[0]-1
360,2465,0,115008
 节点name: Group[0]-1
360,2460,0,114894
 节点name: Group[0]-1
360,2441,0,114008
 节点name: Group[0]-1
360,2516,0,117552
 节点name: Group[0]-1
360,2399,0,112056
 节点name: Group[0]-1
360,2380,0,110752
 节点name: Group[0]-1
360,2480,0,115739
 节点name: Group[0]-1
360,2439,0,114129
 节点name: Group[0]-1
360,2431,0,113682
 节点name: Group[0]-1
360,2399,0,111837
 节点name: Group[0]-1
360,2508,0,116985
 节点name: Group[0]-1
360,2477,0,115629
 节点name: Group[0]-1
360,2409,0,112404
 节点name: Group[0]-1
360,2419,0,113075
 节点name: Group[0]-1
360,2355,0,109846
 节点name: Group[0]-1
360,2475,0,115673
 节点name: Group[0]-1
360,2463,0,114975
 节点name: Group[0]-1
360,2442,0,114095
 节点name: Group[0]-1
360,2440,0,113981
 节点name: Group[0]-1
360,2511,0,117081
 节点name: Group[0]-1
360,2488,0,116536
 节点name: Group[0]-1
360,2444,0,114037
 节点name: Group[0]-1
360,2378,0,111036
 节点name: Group[0]-1
360,2465,0,114702
 节点name: Group[0]-1
360,2533,0,118293
 节点name: Group[0]-1
360,2516,0,117673
 节点name: Group[0]-1
360,2438,0,113561
 节点name: Group[0]-1
360,2389,0,111507
 节点name: Group[0]-1
360,2325,0,108667
 节点name: Group[0]-1
360,2350,0,109740
 节点name: Group[0]-1
360,2453,0,114402
 节点name: Group[0]-1
360,2545,0,118792
 节点name: Group[0]-1
360,2525,0,117931
 节点name: Group[0]-1
360,2400,0,112256
 节点name: Group[0]-1
360,2389,0,111542
 节点name: Group[0]-1
360,2400,0,112040
 节点name: Group[0]-1
360,2359,0,110334
 节点name: Group[0]-1
360,2390,0,111643
 节点name: Group[0]-1
360,2480,0,115567
 节点name: Group[0]-1
360,2357,0,109984
 节点name: Group[0]-1
360,2351,0,109514
 节点name: Group[0]-1
360,2364,0,110453
 节点name: Group[0]-1
360,2435,0,113583
 节点name: Group[0]-1
360,2415,0,112772
 节点name: Group[0]-1
360,2310,0,107726
 节点name: Group[0]-1
360,2467,0,115056
 节点name: Group[0]-1
360,2449,0,114322
 节点name: Group[0]-1
360,2505,0,117075
 节点name: Group[0]-1
360,2436,0,113599
 节点name: Group[0]-1
360,2497,0,116517
 节点name: Group[0]-1
360,2500,0,116712
 节点name: Group[0]-1
360,2438,0,113775
 节点name: Group[0]-1
360,2401,0,112200
 节点name: Group[0]-1
360,2441,0,113957
 节点name: Group[0]-1
360,2411,0,112348
 节点name: Group[0]-1
360,2446,0,114098
 节点name: Group[0]-1
360,2419,0,113006
 节点name: Group[0]-1
360,2503,0,116773
 节点name: Group[0]-1
360,2500,0,116806
 节点name: Group[0]-1
360,2449,0,114201
 节点name: Group[0]-1
360,2465,0,115060
 节点name: Group[0]-1
360,2480,0,115851
 节点name: Group[0]-1
360,2420,0,112726
 节点name: Group[0]-1
360,2417,0,113069
 节点name: Group[0]-1
360,2380,0,111200
 节点name: Group[0]-1
360,2364,0,110403
 节点name: Group[0]-1
360,2444,0,114179
 节点name: Group[0]-1
360,2430,0,113577
 节点name: Group[0]-1
360,2457,0,114646
 节点name: Group[0]-1
360,2378,0,111073
 节点name: Group[0]-1
360,2431,0,113484
 节点name: Group[0]-1
360,2510,0,117055
 节点name: Group[0]-1
360,2384,0,111270
 节点name: Group[0]-1
360,2490,0,116628
 节点name: Group[0]-1
360,2371,0,110840
 节点name: Group[0]-1
360,2451,0,114419
 节点name: Group[0]-1
360,2392,0,111642
 节点name: Group[0]-1
360,2399,0,112153
 节点name: Group[0]-1
360,2465,0,115103
 节点name: Group[0]-1
360,2468,0,115151
 节点name: Group[0]-1
360,2511,0,117171
 节点name: Group[0]-1
360,2433,0,113630
 节点name: Group[0]-1
360,2415,0,112670
 节点name: Group[0]-1
360,2338,0,109308
 节点name: Group[0]-1
360,2400,0,112050
 节点name: Group[0]-1
360,2424,0,113049
 节点name: Group[0]-1
360,2433,0,113708
 节点name: Group[0]-1
360,2443,0,114021
 节点name: Group[0]-1
360,2432,0,113565
 节点name: Group[0]-1
360,2457,0,114727
 节点name: Group[0]-1
360,2394,0,111887
 节点name: Group[0]-1
360,2445,0,114219
 节点name: Group[0]-1
360,2491,0,116140
 节点name: Group[0]-1
360,2534,0,118140
 节点name: Group[0]-1
360,2433,0,113694
 节点name: Group[0]-1
360,2453,0,114455
 节点name: Group[0]-1
360,2409,0,112335
 节点name: Group[0]-1
360,2390,0,111798
 节点name: Group[0]-1
360,2441,0,114198
 节点name: Group[0]-1
360,2334,0,108820
 节点name: Group[0]-1
360,2400,0,112292
 节点name: Group[0]-1
360,2399,0,112103
 节点name: Group[0]-1
360,2310,0,107812
 节点name: Group[0]-1
360,2457,0,114798
 节点name: Group[0]-1
360,2410,0,112211
 节点name: Group[0]-1
360,2449,0,114153
 节点name: Group[0]-1
360,2446,0,114066
 节点name: Group[0]-1
360,2360,0,110047
 节点name: Group[0]-1
360,2411,0,112540
 节点name: Group[0]-1
360,2378,0,110859
 节点name: Group[0]-1
360,2421,0,113274
 节点name: Group[0]-1
360,2406,0,112277
 节点name: Group[0]-1
360,2445,0,114268
 节点name: Group[0]-1
360,2445,0,114049
 节点name: Group[0]-1
360,2411,0,112753
 节点name: Group[0]-1
360,2449,0,114507
 节点name: Group[0]-1
360,2496,0,116619
 节点name: Group[0]-1
360,2481,0,115564
 节点name: Group[0]-1
360,2439,0,113730
 节点name: Group[0]-1
360,2442,0,113931
 节点name: Group[0]-1
360,2401,0,112090
 节点name: Group[0]-1
360,2532,0,118004
 节点name: Group[0]-1
360,2309,0,107636
 节点name: Group[0]-1
360,2436,0,113665
 节点name: Group[0]-1
360,2316,0,108108
 节点name: Group[0]-1
360,2384,0,111321
 节点name: Group[0]-1
360,2464,0,114969
 节点name: Group[0]-1
360,2511,0,117365
 节点name: Group[0]-1
360,2384,0,111612
 节点name: Group[0]-1
360,2450,0,114686
 节点name: Group[0]-1
360,2430,0,113098
 节点name: Group[0]-1
360,2428,0,113463
 节点name: Group[0]-1
360,2539,0,118438
 节点name: Group[0]-1
360,2475,0,115505
 节点name: Group[0]-1
360,2425,0,113152
 节点name: Group[0]-1
360,2436,0,113622
 节点name: Group[0]-1
360,2324,0,108949
 节点name: Group[0]-1
360,2429,0,113538
 节点name: Group[0]-1
360,2425,0,113127
 节点name: Group[0]-1
360,2477,0,115808
 节点name: Group[0]-1
360,2474,0,115796
 节点name: Group[0]-1
360,2463,0,114786
 节点name: Group[0]-1
360,2421,0,112844
 节点name: Group[0]-1
360,2465,0,115102
 节点name: Group[0]-1
360,2506,0,117079
 节点name: Group[0]-1
360,2457,0,115007
 节点name: Group[0]-1
360,2574,0,120093
 节点name: Group[0]-1
360,2342,0,109104
 节点name: Group[0]-1
360,2516,0,117552
 节点name: Group[0]-1
360,2384,0,111180
 节点name: Group[0]-1
360,2451,0,114385
 节点name: Group[0]-1
360,2410,0,112505
 节点name: Group[0]-1
360,2427,0,113400
 节点name: Group[0]-1
360,2384,0,110975
 节点name: Group[0]-1
360,2384,0,111499
 节点name: Group[0]-1
360,2330,0,108522
 节点name: Group[0]-1
360,2492,0,116222
 节点name: Group[0]-1
360,2495,0,116556
 节点name: Group[0]-1
360,2464,0,115135
 节点name: Group[0]-1
360,2354,0,109964
 节点name: Group[0]-1
360,2513,0,117023
 节点name: Group[0]-1
360,2332,0,108992
 节点name: Group[0]-1
360,2424,0,113111
 节点name: Group[0]-1
360,2464,0,114995
 节点name: Group[0]-1
360,2568,0,119818
 节点name: Group[0]-1
360,2496,0,116580
 节点name: Group[0]-1
360,2361,0,110424
 节点name: Group[0]-1
360,2481,0,115466
 节点name: Group[0]-1
360,2464,0,115182
 节点name: Group[0]-1
360,2369,0,110502
 节点name: Group[0]-1
360,2412,0,112670
 节点name: Group[0]-1
360,2454,0,114429
 节点name: Group[0]-1
360,2441,0,114095
 节点name: Group[0]-1
360,2390,0,111633
 节点name: Group[0]-1
360,2453,0,114375
 节点name: Group[0]-1
360,2479,0,115743
 节点name: Group[0]-1
360,2397,0,111757
 节点name: Group[0]-1
360,2385,0,111232
 节点name: Group[0]-1
360,2373,0,110690
 节点name: Group[0]-1
360,2288,0,106737
 节点name: Group[0]-1
360,2468,0,115036
 节点name: Group[0]-1
360,2546,0,119083
 节点name: Group[0]-1
360,2432,0,113314
 节点name: Group[0]-1
360,2386,0,111543
 节点name: Group[0]-1
360,2491,0,116498
 节点name: Group[0]-1
360,2360,0,110099
 节点name: Group[0]-1
360,2363,0,110232
 节点name: Group[0]-1
360,2479,0,115810
 节点name: Group[0]-1
360,2459,0,114603
 节点name: Group[0]-1
360,2307,0,107589
 节点name: Group[0]-1
360,2363,0,110701
 节点name: Group[0]-1
360,2350,0,109714
 节点name: Group[0]-1
360,2430,0,113522
 节点name: Group[0]-1
360,2465,0,115036
 节点name: Group[0]-1
360,2410,0,112475
 节点name: Group[0]-1
360,2567,0,119952
 节点name: Group[0]-1
360,2442,0,114006
 节点name: Group[0]-1
360,2412,0,112761
 节点name: Group[0]-1
360,2427,0,113251
 节点name: Group[0]-1
360,2445,0,114044
 节点name: Group[0]-1
360,2453,0,114351
 节点name: Group[0]-1
360,2343,0,109235
 节点name: Group[0]-1
360,2430,0,113585
 节点name: Group[0]-1
360,2431,0,113378
 节点name: Group[0]-1
360,2411,0,112702
 节点name: Group[0]-1
360,2364,0,110427
 节点name: Group[0]-1
360,2409,0,112378
 节点name: Group[0]-1
360,2385,0,111160
 节点name: Group[0]-1
360,2337,0,109025
 节点name: Group[0]-1
360,2403,0,112218
 节点name: Group[0]-1
360,2430,0,113318
 节点name: Group[0]-1
360,2371,0,110964
 节点name: Group[0]-1
360,2367,0,110610
 节点name: Group[0]-1
360,2468,0,114832
 节点name: Group[0]-1
360,2364,0,110105
 节点name: Group[0]-1
360,2338,0,109054
 节点name: Group[0]-1
360,2443,0,114154
 节点name: Group[0]-1
360,2539,0,118491
 节点name: Group[0]-1
360,2507,0,117421
 节点name: Group[0]-1
360,2453,0,114490
 节点name: Group[0]-1
360,2433,0,113681
 节点name: Group[0]-1
360,2324,0,108370
 节点name: Group[0]-1
360,2335,0,109113
 节点name: Group[0]-1
360,2338,0,108837
 节点name: Group[0]-1
360,2432,0,113465
 节点name: Group[0]-1
360,2393,0,111663
 节点name: Group[0]-1
360,2498,0,116621
 节点name: Group[0]-1
360,2425,0,112930
 节点name: Group[0]-1
360,2599,0,121181
 节点name: Group[0]-1
360,2356,0,110123
 节点name: Group[0]-1
360,2424,0,113177
 节点name: Group[0]-1
360,2413,0,112471
 节点name: Group[0]-1
360,2398,0,111952
 节点name: Group[0]-1
360,2466,0,115076
 节点name: Group[0]-1
360,2450,0,114074
 节点name: Group[0]-1
360,2432,0,113457
 节点name: Group[0]-1
360,2372,0,110698
 节点name: Group[0]-1
360,2464,0,115397
 节点name: Group[0]-1
360,2418,0,112651
 节点name: Group[0]-1
360,2453,0,114570
 节点name: Group[0]-1
360,2490,0,116062
 节点name: Group[0]-1
360,2318,0,108208
 节点name: Group[0]-1
360,2506,0,116971
 节点name: Group[0]-1
360,2533,0,118043
 节点name: Group[0]-1
360,2450,0,114344
 节点name: Group[0]-1
360,2398,0,111857
 节点name: Group[0]-1
360,2444,0,114070
 节点name: Group[0]-1
360,2390,0,111589
 节点name: Group[0]-1
360,2442,0,113899
 节点name: Group[0]-1
360,2466,0,114982
 节点name: Group[0]-1
360,2505,0,116995
 节点name: Group[0]-1
360,2481,0,115655
 节点name: Group[0]-1
360,2451,0,114380
 节点name: Group[0]-1
360,2419,0,113040
 节点name: Group[0]-1
360,2443,0,113877
 节点name: Group[0]-1
360,2349,0,109631
 节点name: Group[0]-1
360,2295,0,107145
 节点name: Group[0]-1
360,2454,0,114680
 节点name: Group[0]-1
360,2599,0,121546
 节点name: Group[0]-1
360,2491,0,116280
 节点name: Group[0]-1
360,2480,0,115902
 节点name: Group[0]-1
360,2302,0,107663
 节点name: Group[0]-1
360,2409,0,112470
 节点name: Group[0]-1
360,2409,0,112578
 节点name: Group[0]-1
360,2394,0,111760
 节点name: Group[0]-1
360,2405,0,112489
 节点name: Group[0]-1
360,2451,0,114392
 节点name: Group[0]-1
360,2399,0,112089
 节点name: Group[0]-1
360,2343,0,109423
 节点name: Group[0]-1
360,2395,0,111650
 节点name: Group[0]-1
360,2440,0,114022
 节点name: Group[0]-1
360,2350,0,110001
 节点name: Group[0]-1
360,2410,0,112340
 节点name: Group[0]-1
360,2383,0,111238
 节点name: Group[0]-1
360,2430,0,113439
 节点name: Group[0]-1
360,2424,0,112973
 节点name: Group[0]-1
360,2505,0,117083
 节点name: Group[0]-1
360,2432,0,113345
 节点name: Group[0]-1
360,2481,0,115875
 节点name: Group[0]-1
360,2412,0,112632
 节点name: Group[0]-1
360,2452,0,114251
 节点name: Group[0]-1
360,2418,0,112733
 节点name: Group[0]-1
360,2372,0,111000
 节点name: Group[0]-1
360,2448,0,114069
 节点name: Group[0]-1
360,2422,0,112962
 节点name: Group[0]-1
360,2549,0,118790
 节点name: Group[0]-1
360,2476,0,115473
 节点name: Group[0]-1
360,2486,0,116007
 节点name: Group[0]-1
360,2372,0,110546
 节点name: Group[0]-1
360,2416,0,112719
 节点name: Group[0]-1
360,2466,0,114935
 节点name: Group[0]-1
360,2408,0,112216
 节点name: Group[0]-1
360,2497,0,116486
 节点name: Group[0]-1
360,2427,0,113401
 节点name: Group[0]-1
360,2394,0,111538
 节点name: Group[0]-1
360,2438,0,113879
 节点name: Group[0]-1
360,2391,0,111890
 节点name: Group[0]-1
360,2506,0,117005
 节点name: Group[0]-1
360,2338,0,109226
 节点name: Group[0]-1
360,2445,0,113925
 节点name: Group[0]-1
360,2436,0,113901
 节点name: Group[0]-1
360,2494,0,116435
 节点name: Group[0]-1
360,2392,0,111697
 节点name: Group[0]-1
360,2441,0,113976
 节点name: Group[0]-1
360,2521,0,117530
 节点name: Group[0]-1
360,2372,0,110652
 节点name: Group[0]-1
360,2503,0,116945
 节点name: Group[0]-1
360,2451,0,114472
 节点name: Group[0]-1
360,2445,0,113972
 节点name: Group[0]-1
360,2473,0,115429
 节点name: Group[0]-1
360,2461,0,115064
 节点name: Group[0]-1
360,2436,0,113589
