 节点name: Group[0]-1
360,83,0,2455
 节点name: Group[0]-1
360,104,0,3064
 节点name: Group[0]-1
360,109,0,3213
 节点name: Group[0]-1
360,97,0,2865
 节点name: Group[0]-1
360,97,0,2865
 节点name: Group[0]-1
360,109,0,3213
 节点name: Group[0]-1
360,102,0,3010
 节点name: Group[0]-1
360,94,0,2778
 节点name: Group[0]-1
360,116,0,3416
 节点name: Group[0]-1
360,110,0,3242
 节点name: Group[0]-1
360,107,0,3155
 节点name: Group[0]-1
360,99,0,2923
 节点name: Group[0]-1
360,97,0,2865
 节点name: Group[0]-1
360,81,0,2397
 节点name: Group[0]-1
360,93,0,2749
 节点name: Group[0]-1
360,111,0,3271
 节点name: Group[0]-1
360,99,0,2923
 节点name: Group[0]-1
360,127,0,3735
 节点name: Group[0]-1
360,91,0,2691
 节点name: Group[0]-1
360,78,0,2310
 节点name: Group[0]-1
360,106,0,3126
 节点name: Group[0]-1
360,101,0,2981
 节点name: Group[0]-1
360,89,0,2633
 节点name: Group[0]-1
360,97,0,2865
 节点name: Group[0]-1
360,105,0,3097
 节点name: Group[0]-1
360,105,0,3097
 节点name: Group[0]-1
360,103,0,3035
 节点name: Group[0]-1
360,100,0,2952
 节点name: Group[0]-1
360,107,0,3155
 节点name: Group[0]-1
360,113,0,3329
 节点name: Group[0]-1
360,88,0,2604
 节点name: Group[0]-1
360,85,0,2513
 节点name: Group[0]-1
360,99,0,2923
 节点name: Group[0]-1
360,101,0,2981
 节点name: Group[0]-1
360,100,0,2952
 节点name: Group[0]-1
360,91,0,2691
 节点name: Group[0]-1
360,75,0,2223
 节点name: Group[0]-1
360,94,0,2778
 节点name: Group[0]-1
360,90,0,2662
 节点name: Group[0]-1
360,110,0,3242
 节点name: Group[0]-1
360,85,0,2517
 节点name: Group[0]-1
360,119,0,3499
 节点name: Group[0]-1
360,120,0,3532
 节点name: Group[0]-1
360,90,0,2662
 节点name: Group[0]-1
360,83,0,2459
 节点name: Group[0]-1
360,100,0,2952
 节点name: Group[0]-1
360,99,0,2919
 节点name: Group[0]-1
360,96,0,2832
 节点name: Group[0]-1
360,100,0,2948
 节点name: Group[0]-1
360,75,0,2223
 节点name: Group[0]-1
360,89,0,2633
 节点name: Group[0]-1
360,102,0,3010
 节点name: Group[0]-1
360,99,0,2923
 节点name: Group[0]-1
360,89,0,2633
 节点name: Group[0]-1
360,95,0,2807
 节点name: Group[0]-1
360,107,0,3155
 节点name: Group[0]-1
360,93,0,2749
 节点name: Group[0]-1
360,114,0,3354
 节点name: Group[0]-1
360,95,0,2807
 节点name: Group[0]-1
360,77,0,2285
 节点name: Group[0]-1
360,102,0,3010
 节点name: Group[0]-1
360,101,0,2981
 节点name: Group[0]-1
360,78,0,2314
 节点name: Group[0]-1
360,93,0,2745
 节点name: Group[0]-1
360,91,0,2691
 节点name: Group[0]-1
360,99,0,2923
 节点name: Group[0]-1
360,93,0,2749
 节点name: Group[0]-1
360,110,0,3242
 节点name: Group[0]-1
360,105,0,3093
 节点name: Group[0]-1
360,90,0,2658
 节点name: Group[0]-1
360,100,0,2952
 节点name: Group[0]-1
360,95,0,2807
 节点name: Group[0]-1
360,94,0,2778
 节点name: Group[0]-1
360,118,0,3474
 节点name: Group[0]-1
360,87,0,2575
 节点name: Group[0]-1
360,93,0,2749
 节点name: Group[0]-1
360,96,0,2836
 节点name: Group[0]-1
360,99,0,2923
 节点name: Group[0]-1
360,94,0,2774
 节点name: Group[0]-1
360,107,0,3155
 节点name: Group[0]-1
360,82,0,2426
 节点name: Group[0]-1
360,100,0,2952
 节点name: Group[0]-1
360,93,0,2745
 节点name: Group[0]-1
360,112,0,3300
 节点name: Group[0]-1
360,92,0,2720
 节点name: Group[0]-1
360,118,0,3474
 节点name: Group[0]-1
360,98,0,2890
 节点name: Group[0]-1
360,103,0,3039
 节点name: Group[0]-1
360,90,0,2658
 节点name: Group[0]-1
360,85,0,2517
 节点name: Group[0]-1
360,93,0,2745
 节点name: Group[0]-1
360,111,0,3271
 节点name: Group[0]-1
360,114,0,3358
 节点name: Group[0]-1
360,97,0,2865
 节点name: Group[0]-1
360,108,0,3184
 节点name: Group[0]-1
360,90,0,2662
 节点name: Group[0]-1
360,84,0,2488
 节点name: Group[0]-1
360,90,0,2662
 节点name: Group[0]-1
360,97,0,2865
 节点name: Group[0]-1
360,105,0,3093
 节点name: Group[0]-1
360,121,0,3561
 节点name: Group[0]-1
360,97,0,2865
 节点name: Group[0]-1
360,106,0,3126
 节点name: Group[0]-1
360,100,0,2952
 节点name: Group[0]-1
360,100,0,2948
 节点name: Group[0]-1
360,114,0,3358
 节点name: Group[0]-1
360,102,0,3010
 节点name: Group[0]-1
360,94,0,2774
 节点name: Group[0]-1
360,88,0,2604
 节点name: Group[0]-1
360,90,0,2662
 节点name: Group[0]-1
360,87,0,2571
 节点name: Group[0]-1
360,90,0,2662
 节点name: Group[0]-1
360,94,0,2778
 节点name: Group[0]-1
360,97,0,2865
 节点name: Group[0]-1
360,98,0,2890
 节点name: Group[0]-1
360,100,0,2952
 节点name: Group[0]-1
360,96,0,2836
 节点name: Group[0]-1
360,100,0,2952
 节点name: Group[0]-1
360,95,0,2807
 节点name: Group[0]-1
360,94,0,2778
 节点name: Group[0]-1
360,109,0,3213
 节点name: Group[0]-1
360,108,0,3184
 节点name: Group[0]-1
360,100,0,2952
 节点name: Group[0]-1
360,99,0,2919
 节点name: Group[0]-1
360,95,0,2807
 节点name: Group[0]-1
360,101,0,2981
 节点name: Group[0]-1
360,101,0,2977
 节点name: Group[0]-1
360,97,0,2865
 节点name: Group[0]-1
360,88,0,2604
 节点name: Group[0]-1
360,86,0,2546
 节点name: Group[0]-1
360,97,0,2865
 节点name: Group[0]-1
360,114,0,3358
 节点name: Group[0]-1
360,102,0,3010
 节点name: Group[0]-1
360,96,0,2832
 节点name: Group[0]-1
360,106,0,3126
 节点name: Group[0]-1
360,96,0,2836
 节点name: Group[0]-1
360,93,0,2749
 节点name: Group[0]-1
360,106,0,3126
 节点name: Group[0]-1
360,100,0,2952
 节点name: Group[0]-1
360,104,0,3068
 节点name: Group[0]-1
360,96,0,2836
 节点name: Group[0]-1
360,87,0,2571
 节点name: Group[0]-1
360,103,0,3039
 节点name: Group[0]-1
360,92,0,2720
 节点name: Group[0]-1
360,115,0,3387
 节点name: Group[0]-1
360,97,0,2865
 节点name: Group[0]-1
360,99,0,2923
 节点name: Group[0]-1
360,94,0,2778
 节点name: Group[0]-1
360,107,0,3155
 节点name: Group[0]-1
360,90,0,2662
 节点name: Group[0]-1
360,93,0,2749
 节点name: Group[0]-1
360,72,0,2140
 节点name: Group[0]-1
360,107,0,3151
 节点name: Group[0]-1
360,82,0,2426
 节点name: Group[0]-1
360,106,0,3126
 节点name: Group[0]-1
360,98,0,2894
 节点name: Group[0]-1
360,93,0,2745
 节点name: Group[0]-1
360,107,0,3151
 节点name: Group[0]-1
360,96,0,2836
 节点name: Group[0]-1
360,106,0,3126
 节点name: Group[0]-1
360,93,0,2745
 节点name: Group[0]-1
360,103,0,3039
 节点name: Group[0]-1
360,84,0,2488
 节点name: Group[0]-1
360,109,0,3213
 节点name: Group[0]-1
360,88,0,2604
 节点name: Group[0]-1
360,98,0,2894
 节点name: Group[0]-1
360,90,0,2662
 节点name: Group[0]-1
360,107,0,3155
 节点name: Group[0]-1
360,94,0,2778
 节点name: Group[0]-1
360,85,0,2517
 节点name: Group[0]-1
360,99,0,2923
 节点name: Group[0]-1
360,109,0,3209
 节点name: Group[0]-1
360,103,0,3039
 节点name: Group[0]-1
360,93,0,2749
 节点name: Group[0]-1
360,107,0,3151
 节点name: Group[0]-1
360,103,0,3039
 节点name: Group[0]-1
360,104,0,3068
 节点name: Group[0]-1
360,108,0,3184
 节点name: Group[0]-1
360,100,0,2948
 节点name: Group[0]-1
360,99,0,2919
 节点name: Group[0]-1
360,106,0,3126
 节点name: Group[0]-1
360,98,0,2894
 节点name: Group[0]-1
360,89,0,2633
 节点name: Group[0]-1
360,106,0,3126
 节点name: Group[0]-1
360,96,0,2836
 节点name: Group[0]-1
360,89,0,2633
 节点name: Group[0]-1
360,86,0,2546
 节点name: Group[0]-1
360,100,0,2952
 节点name: Group[0]-1
360,114,0,3354
 节点name: Group[0]-1
360,94,0,2778
 节点name: Group[0]-1
360,103,0,3039
 节点name: Group[0]-1
360,98,0,2894
 节点name: Group[0]-1
360,112,0,3300
 节点name: Group[0]-1
360,100,0,2952
 节点name: Group[0]-1
360,97,0,2865
 节点name: Group[0]-1
360,104,0,3064
 节点name: Group[0]-1
360,102,0,3006
 节点name: Group[0]-1
360,97,0,2861
 节点name: Group[0]-1
360,94,0,2778
 节点name: Group[0]-1
360,98,0,2890
 节点name: Group[0]-1
360,99,0,2919
 节点name: Group[0]-1
360,99,0,2923
 节点name: Group[0]-1
360,92,0,2716
 节点name: Group[0]-1
360,87,0,2575
 节点name: Group[0]-1
360,110,0,3242
 节点name: Group[0]-1
360,93,0,2749
 节点name: Group[0]-1
360,111,0,3271
 节点name: Group[0]-1
360,98,0,2890
 节点name: Group[0]-1
360,107,0,3155
 节点name: Group[0]-1
360,100,0,2952
 节点name: Group[0]-1
360,104,0,3068
 节点name: Group[0]-1
360,102,0,3010
 节点name: Group[0]-1
360,103,0,3039
 节点name: Group[0]-1
360,94,0,2778
 节点name: Group[0]-1
360,93,0,2749
 节点name: Group[0]-1
360,93,0,2749
 节点name: Group[0]-1
360,82,0,2430
 节点name: Group[0]-1
360,95,0,2807
 节点name: Group[0]-1
360,109,0,3209
 节点name: Group[0]-1
360,89,0,2633
 节点name: Group[0]-1
360,108,0,3184
 节点name: Group[0]-1
360,99,0,2919
 节点name: Group[0]-1
360,98,0,2894
 节点name: Group[0]-1
360,104,0,3064
 节点name: Group[0]-1
360,114,0,3358
 节点name: Group[0]-1
360,80,0,2372
 节点name: Group[0]-1
360,101,0,2981
 节点name: Group[0]-1
360,93,0,2745
 节点name: Group[0]-1
360,110,0,3238
 节点name: Group[0]-1
360,96,0,2836
 节点name: Group[0]-1
360,88,0,2604
 节点name: Group[0]-1
360,108,0,3184
 节点name: Group[0]-1
360,92,0,2720
 节点name: Group[0]-1
360,99,0,2923
 节点name: Group[0]-1
360,102,0,3010
 节点name: Group[0]-1
360,93,0,2749
 节点name: Group[0]-1
360,87,0,2575
 节点name: Group[0]-1
360,101,0,2981
 节点name: Group[0]-1
360,88,0,2604
 节点name: Group[0]-1
360,100,0,2948
 节点name: Group[0]-1
360,97,0,2861
 节点name: Group[0]-1
360,100,0,2952
 节点name: Group[0]-1
360,97,0,2865
 节点name: Group[0]-1
360,114,0,3358
 节点name: Group[0]-1
360,86,0,2546
 节点name: Group[0]-1
360,100,0,2952
 节点name: Group[0]-1
360,101,0,2977
 节点name: Group[0]-1
360,95,0,2803
 节点name: Group[0]-1
360,74,0,2198
 节点name: Group[0]-1
360,115,0,3387
 节点name: Group[0]-1
360,99,0,2923
 节点name: Group[0]-1
360,119,0,3503
 节点name: Group[0]-1
360,104,0,3068
 节点name: Group[0]-1
360,91,0,2691
 节点name: Group[0]-1
360,96,0,2836
 节点name: Group[0]-1
360,95,0,2803
 节点name: Group[0]-1
360,99,0,2923
 节点name: Group[0]-1
360,94,0,2778
 节点name: Group[0]-1
360,97,0,2861
 节点name: Group[0]-1
360,105,0,3097
 节点name: Group[0]-1
360,106,0,3126
 节点name: Group[0]-1
360,108,0,3184
 节点name: Group[0]-1
360,109,0,3213
 节点name: Group[0]-1
360,102,0,3006
 节点name: Group[0]-1
360,97,0,2861
 节点name: Group[0]-1
360,95,0,2807
 节点name: Group[0]-1
360,95,0,2807
 节点name: Group[0]-1
360,89,0,2629
 节点name: Group[0]-1
360,95,0,2807
 节点name: Group[0]-1
360,112,0,3300
 节点name: Group[0]-1
360,92,0,2720
 节点name: Group[0]-1
360,81,0,2397
 节点name: Group[0]-1
360,117,0,3445
 节点name: Group[0]-1
360,93,0,2745
 节点name: Group[0]-1
360,108,0,3180
 节点name: Group[0]-1
360,95,0,2807
 节点name: Group[0]-1
360,111,0,3271
 节点name: Group[0]-1
360,117,0,3445
 节点name: Group[0]-1
360,100,0,2948
 节点name: Group[0]-1
360,87,0,2575
 节点name: Group[0]-1
360,86,0,2542
 节点name: Group[0]-1
360,119,0,3499
 节点name: Group[0]-1
360,95,0,2803
 节点name: Group[0]-1
360,82,0,2430
 节点name: Group[0]-1
360,95,0,2807
 节点name: Group[0]-1
360,74,0,2198
 节点name: Group[0]-1
360,93,0,2749
 节点name: Group[0]-1
360,117,0,3441
 节点name: Group[0]-1
360,92,0,2720
 节点name: Group[0]-1
360,106,0,3126
 节点name: Group[0]-1
360,85,0,2517
 节点name: Group[0]-1
360,88,0,2604
 节点name: Group[0]-1
360,105,0,3097
 节点name: Group[0]-1
360,89,0,2629
 节点name: Group[0]-1
360,93,0,2749
 节点name: Group[0]-1
360,97,0,2865
 节点name: Group[0]-1
360,82,0,2426
 节点name: Group[0]-1
360,79,0,2343
 节点name: Group[0]-1
360,103,0,3039
 节点name: Group[0]-1
360,111,0,3267
 节点name: Group[0]-1
360,85,0,2513
 节点name: Group[0]-1
360,97,0,2865
 节点name: Group[0]-1
360,87,0,2575
 节点name: Group[0]-1
360,106,0,3122
 节点name: Group[0]-1
360,98,0,2894
 节点name: Group[0]-1
360,103,0,3039
 节点name: Group[0]-1
360,90,0,2662
 节点name: Group[0]-1
360,94,0,2778
 节点name: Group[0]-1
360,105,0,3097
 节点name: Group[0]-1
360,75,0,2227
 节点name: Group[0]-1
360,99,0,2923
 节点name: Group[0]-1
360,110,0,3242
 节点name: Group[0]-1
360,91,0,2691
 节点name: Group[0]-1
360,104,0,3068
 节点name: Group[0]-1
360,103,0,3039
 节点name: Group[0]-1
360,94,0,2778
 节点name: Group[0]-1
360,95,0,2807
 节点name: Group[0]-1
360,88,0,2604
 节点name: Group[0]-1
360,113,0,3329
 节点name: Group[0]-1
360,93,0,2745
 节点name: Group[0]-1
360,95,0,2807
 节点name: Group[0]-1
360,105,0,3097
 节点name: Group[0]-1
360,87,0,2575
 节点name: Group[0]-1
360,87,0,2571
 节点name: Group[0]-1
360,89,0,2633
 节点name: Group[0]-1
360,115,0,3387
 节点name: Group[0]-1
360,107,0,3155
 节点name: Group[0]-1
360,104,0,3068
 节点name: Group[0]-1
360,105,0,3097
 节点name: Group[0]-1
360,104,0,3068
 节点name: Group[0]-1
360,109,0,3213
 节点name: Group[0]-1
360,97,0,2861
 节点name: Group[0]-1
360,106,0,3126
 节点name: Group[0]-1
360,94,0,2778
 节点name: Group[0]-1
360,85,0,2517
 节点name: Group[0]-1
360,101,0,2977
 节点name: Group[0]-1
360,97,0,2865
 节点name: Group[0]-1
360,103,0,3039
 节点name: Group[0]-1
360,97,0,2865
 节点name: Group[0]-1
360,89,0,2633
 节点name: Group[0]-1
360,84,0,2488
 节点name: Group[0]-1
360,99,0,2923
 节点name: Group[0]-1
360,103,0,3039
 节点name: Group[0]-1
360,115,0,3383
 节点name: Group[0]-1
360,78,0,2314
 节点name: Group[0]-1
360,90,0,2662
 节点name: Group[0]-1
360,89,0,2633
 节点name: Group[0]-1
360,97,0,2861
 节点name: Group[0]-1
360,115,0,3387
 节点name: Group[0]-1
360,99,0,2919
 节点name: Group[0]-1
360,97,0,2865
 节点name: Group[0]-1
360,97,0,2865
 节点name: Group[0]-1
360,95,0,2807
 节点name: Group[0]-1
360,114,0,3358
 节点name: Group[0]-1
360,107,0,3155
 节点name: Group[0]-1
360,90,0,2662
 节点name: Group[0]-1
360,83,0,2459
 节点name: Group[0]-1
360,96,0,2832
 节点name: Group[0]-1
360,99,0,2919
 节点name: Group[0]-1
360,101,0,2981
