 节点name: Group[0]-1
360,760,0,22092
 节点name: Group[0]-1
360,765,0,22237
 节点name: Group[0]-1
360,784,0,22788
 节点name: Group[0]-1
360,814,0,23658
 节点name: Group[0]-1
360,784,0,22788
 节点name: Group[0]-1
360,740,0,21512
 节点name: Group[0]-1
360,768,0,22324
 节点name: Group[0]-1
360,811,0,23571
 节点name: Group[0]-1
360,763,0,22179
 节点name: Group[0]-1
360,753,0,21889
 节点name: Group[0]-1
360,824,0,23948
 节点name: Group[0]-1
360,831,0,24151
 节点name: Group[0]-1
360,827,0,24035
 节点name: Group[0]-1
360,778,0,22614
 节点name: Group[0]-1
360,760,0,22092
 节点name: Group[0]-1
360,825,0,23977
 节点name: Group[0]-1
360,773,0,22469
 节点name: Group[0]-1
360,824,0,23948
 节点name: Group[0]-1
360,764,0,22208
 节点name: Group[0]-1
360,791,0,22991
 节点name: Group[0]-1
360,771,0,22411
 节点name: Group[0]-1
360,760,0,22092
 节点name: Group[0]-1
360,822,0,23890
 节点name: Group[0]-1
360,801,0,23281
 节点name: Group[0]-1
360,828,0,24064
 节点name: Group[0]-1
360,800,0,23252
 节点name: Group[0]-1
360,753,0,21889
 节点name: Group[0]-1
360,752,0,21860
 节点name: Group[0]-1
360,792,0,23020
 节点name: Group[0]-1
360,783,0,22759
 节点name: Group[0]-1
360,777,0,22585
 节点name: Group[0]-1
360,782,0,22730
 节点name: Group[0]-1
360,753,0,21889
 节点name: Group[0]-1
360,769,0,22353
 节点name: Group[0]-1
360,800,0,23252
 节点name: Group[0]-1
360,822,0,23890
 节点name: Group[0]-1
360,807,0,23455
 节点name: Group[0]-1
360,772,0,22440
 节点name: Group[0]-1
360,771,0,22411
 节点name: Group[0]-1
360,815,0,23687
 节点name: Group[0]-1
360,805,0,23397
 节点name: Group[0]-1
360,828,0,24064
 节点name: Group[0]-1
360,834,0,24238
 节点name: Group[0]-1
360,791,0,22991
 节点name: Group[0]-1
360,805,0,23397
 节点name: Group[0]-1
360,806,0,23426
 节点name: Group[0]-1
360,777,0,22585
 节点name: Group[0]-1
360,823,0,23919
 节点name: Group[0]-1
360,792,0,23020
 节点name: Group[0]-1
360,825,0,23977
 节点name: Group[0]-1
360,860,0,24992
 节点name: Group[0]-1
360,833,0,24209
 节点name: Group[0]-1
360,817,0,23745
 节点name: Group[0]-1
360,756,0,21976
 节点name: Group[0]-1
360,804,0,23368
 节点name: Group[0]-1
360,799,0,23223
 节点name: Group[0]-1
360,781,0,22701
 节点name: Group[0]-1
360,834,0,24238
 节点name: Group[0]-1
360,826,0,24006
 节点name: Group[0]-1
360,728,0,21164
 节点name: Group[0]-1
360,806,0,23426
 节点name: Group[0]-1
360,820,0,23832
 节点name: Group[0]-1
360,799,0,23223
 节点name: Group[0]-1
360,797,0,23165
 节点name: Group[0]-1
360,805,0,23397
 节点name: Group[0]-1
360,805,0,23397
 节点name: Group[0]-1
360,816,0,23716
 节点name: Group[0]-1
360,805,0,23397
 节点name: Group[0]-1
360,766,0,22266
 节点name: Group[0]-1
360,768,0,22324
 节点name: Group[0]-1
360,808,0,23484
 节点name: Group[0]-1
360,812,0,23600
 节点name: Group[0]-1
360,776,0,22556
 节点name: Group[0]-1
360,746,0,21686
 节点name: Group[0]-1
360,812,0,23600
 节点name: Group[0]-1
360,883,0,25659
 节点name: Group[0]-1
360,804,0,23368
 节点name: Group[0]-1
360,794,0,23078
 节点name: Group[0]-1
360,836,0,24296
 节点name: Group[0]-1
360,763,0,22179
 节点name: Group[0]-1
360,793,0,23049
 节点name: Group[0]-1
360,789,0,22933
 节点name: Group[0]-1
360,845,0,24557
 节点name: Group[0]-1
360,778,0,22614
 节点name: Group[0]-1
360,786,0,22846
 节点name: Group[0]-1
360,777,0,22585
 节点name: Group[0]-1
360,772,0,22440
 节点name: Group[0]-1
360,831,0,24151
 节点name: Group[0]-1
360,781,0,22701
 节点name: Group[0]-1
360,834,0,24238
 节点name: Group[0]-1
360,813,0,23629
 节点name: Group[0]-1
360,816,0,23716
 节点name: Group[0]-1
360,820,0,23832
 节点name: Group[0]-1
360,787,0,22875
 节点name: Group[0]-1
360,859,0,24963
 节点name: Group[0]-1
360,794,0,23078
 节点name: Group[0]-1
360,821,0,23861
 节点name: Group[0]-1
360,802,0,23310
 节点name: Group[0]-1
360,822,0,23890
 节点name: Group[0]-1
360,789,0,22933
 节点name: Group[0]-1
360,837,0,24325
 节点name: Group[0]-1
360,835,0,24267
 节点name: Group[0]-1
360,815,0,23687
 节点name: Group[0]-1
360,809,0,23513
 节点name: Group[0]-1
360,822,0,23890
 节点name: Group[0]-1
360,756,0,21976
 节点name: Group[0]-1
360,850,0,24702
 节点name: Group[0]-1
360,782,0,22730
 节点name: Group[0]-1
360,813,0,23629
 节点name: Group[0]-1
360,763,0,22179
 节点name: Group[0]-1
360,824,0,23948
 节点name: Group[0]-1
360,836,0,24296
 节点name: Group[0]-1
360,798,0,23194
 节点name: Group[0]-1
360,741,0,21541
 节点name: Group[0]-1
360,801,0,23281
 节点name: Group[0]-1
360,823,0,23919
 节点name: Group[0]-1
360,783,0,22759
 节点name: Group[0]-1
360,844,0,24528
 节点name: Group[0]-1
360,818,0,23774
 节点name: Group[0]-1
360,777,0,22585
 节点name: Group[0]-1
360,802,0,23310
 节点name: Group[0]-1
360,766,0,22266
 节点name: Group[0]-1
360,776,0,22556
 节点name: Group[0]-1
360,842,0,24470
 节点name: Group[0]-1
360,831,0,24151
 节点name: Group[0]-1
360,788,0,22904
 节点name: Group[0]-1
360,764,0,22208
 节点name: Group[0]-1
360,785,0,22817
 节点name: Group[0]-1
360,781,0,22701
 节点name: Group[0]-1
360,790,0,22962
 节点name: Group[0]-1
360,846,0,24586
 节点name: Group[0]-1
360,840,0,24412
 节点name: Group[0]-1
360,776,0,22556
 节点name: Group[0]-1
360,842,0,24470
 节点name: Group[0]-1
360,769,0,22353
 节点name: Group[0]-1
360,774,0,22498
 节点name: Group[0]-1
360,835,0,24267
 节点name: Group[0]-1
360,785,0,22817
 节点name: Group[0]-1
360,828,0,24064
 节点name: Group[0]-1
360,826,0,24006
 节点name: Group[0]-1
360,823,0,23919
 节点name: Group[0]-1
360,806,0,23426
 节点name: Group[0]-1
360,795,0,23107
 节点name: Group[0]-1
360,781,0,22701
 节点name: Group[0]-1
360,775,0,22527
 节点name: Group[0]-1
360,793,0,23049
 节点name: Group[0]-1
360,788,0,22904
 节点name: Group[0]-1
360,815,0,23687
 节点name: Group[0]-1
360,798,0,23194
 节点name: Group[0]-1
360,767,0,22295
 节点name: Group[0]-1
360,804,0,23368
 节点name: Group[0]-1
360,775,0,22527
 节点name: Group[0]-1
360,861,0,25021
 节点name: Group[0]-1
360,767,0,22295
 节点name: Group[0]-1
360,827,0,24035
 节点name: Group[0]-1
360,846,0,24586
 节点name: Group[0]-1
360,804,0,23368
 节点name: Group[0]-1
360,831,0,24151
 节点name: Group[0]-1
360,795,0,23107
 节点name: Group[0]-1
360,796,0,23136
 节点name: Group[0]-1
360,785,0,22817
 节点name: Group[0]-1
360,814,0,23658
 节点name: Group[0]-1
360,767,0,22295
 节点name: Group[0]-1
360,780,0,22672
 节点name: Group[0]-1
360,854,0,24818
 节点name: Group[0]-1
360,789,0,22933
 节点name: Group[0]-1
360,838,0,24354
 节点name: Group[0]-1
360,831,0,24151
 节点name: Group[0]-1
360,799,0,23223
 节点name: Group[0]-1
360,784,0,22788
 节点name: Group[0]-1
360,785,0,22817
 节点name: Group[0]-1
360,845,0,24557
 节点name: Group[0]-1
360,793,0,23049
 节点name: Group[0]-1
360,784,0,22788
 节点name: Group[0]-1
360,812,0,23600
 节点name: Group[0]-1
360,798,0,23194
 节点name: Group[0]-1
360,867,0,25195
 节点name: Group[0]-1
360,788,0,22904
 节点name: Group[0]-1
360,790,0,22962
 节点name: Group[0]-1
360,803,0,23339
 节点name: Group[0]-1
360,816,0,23716
 节点name: Group[0]-1
360,774,0,22498
 节点name: Group[0]-1
360,800,0,23252
 节点name: Group[0]-1
360,851,0,24731
 节点name: Group[0]-1
360,792,0,23020
 节点name: Group[0]-1
360,861,0,25021
 节点name: Group[0]-1
360,778,0,22614
 节点name: Group[0]-1
360,826,0,24006
 节点name: Group[0]-1
360,826,0,24006
 节点name: Group[0]-1
360,833,0,24209
 节点name: Group[0]-1
360,792,0,23020
 节点name: Group[0]-1
360,795,0,23107
 节点name: Group[0]-1
360,780,0,22672
 节点name: Group[0]-1
360,815,0,23687
 节点name: Group[0]-1
360,794,0,23078
 节点name: Group[0]-1
360,775,0,22527
 节点name: Group[0]-1
360,833,0,24209
 节点name: Group[0]-1
360,795,0,23107
 节点name: Group[0]-1
360,804,0,23368
 节点name: Group[0]-1
360,776,0,22556
 节点name: Group[0]-1
360,769,0,22353
 节点name: Group[0]-1
360,834,0,24238
 节点name: Group[0]-1
360,778,0,22614
 节点name: Group[0]-1
360,778,0,22614
 节点name: Group[0]-1
360,808,0,23484
 节点name: Group[0]-1
360,768,0,22324
 节点name: Group[0]-1
360,798,0,23194
 节点name: Group[0]-1
360,798,0,23194
 节点name: Group[0]-1
360,750,0,21802
 节点name: Group[0]-1
360,810,0,23542
 节点name: Group[0]-1
360,737,0,21425
 节点name: Group[0]-1
360,877,0,25485
 节点name: Group[0]-1
360,788,0,22904
 节点name: Group[0]-1
360,787,0,22875
 节点name: Group[0]-1
360,848,0,24644
 节点name: Group[0]-1
360,811,0,23571
 节点name: Group[0]-1
360,801,0,23281
 节点name: Group[0]-1
360,835,0,24267
 节点name: Group[0]-1
360,783,0,22759
 节点name: Group[0]-1
360,772,0,22440
 节点name: Group[0]-1
360,769,0,22353
 节点name: Group[0]-1
360,795,0,23107
 节点name: Group[0]-1
360,781,0,22701
 节点name: Group[0]-1
360,843,0,24499
 节点name: Group[0]-1
360,825,0,23977
 节点name: Group[0]-1
360,780,0,22672
 节点name: Group[0]-1
360,773,0,22469
 节点name: Group[0]-1
360,803,0,23339
 节点name: Group[0]-1
360,814,0,23658
 节点name: Group[0]-1
360,790,0,22962
 节点name: Group[0]-1
360,788,0,22904
 节点name: Group[0]-1
360,779,0,22643
 节点name: Group[0]-1
360,801,0,23281
 节点name: Group[0]-1
360,791,0,22991
 节点name: Group[0]-1
360,809,0,23513
 节点name: Group[0]-1
360,794,0,23078
 节点name: Group[0]-1
360,794,0,23078
 节点name: Group[0]-1
360,818,0,23774
 节点name: Group[0]-1
360,779,0,22643
 节点name: Group[0]-1
360,846,0,24586
 节点name: Group[0]-1
360,792,0,23020
 节点name: Group[0]-1
360,734,0,21338
 节点name: Group[0]-1
360,805,0,23397
 节点name: Group[0]-1
360,824,0,23948
 节点name: Group[0]-1
360,782,0,22730
 节点name: Group[0]-1
360,756,0,21976
 节点name: Group[0]-1
360,790,0,22962
 节点name: Group[0]-1
360,799,0,23223
 节点name: Group[0]-1
360,766,0,22266
 节点name: Group[0]-1
360,766,0,22266
 节点name: Group[0]-1
360,808,0,23484
 节点name: Group[0]-1
360,793,0,23049
 节点name: Group[0]-1
360,794,0,23078
 节点name: Group[0]-1
360,796,0,23136
 节点name: Group[0]-1
360,813,0,23629
 节点name: Group[0]-1
360,822,0,23890
 节点name: Group[0]-1
360,767,0,22295
 节点name: Group[0]-1
360,824,0,23948
 节点name: Group[0]-1
360,774,0,22498
 节点name: Group[0]-1
360,846,0,24586
 节点name: Group[0]-1
360,780,0,22672
 节点name: Group[0]-1
360,778,0,22614
 节点name: Group[0]-1
360,886,0,25746
 节点name: Group[0]-1
360,811,0,23571
 节点name: Group[0]-1
360,790,0,22962
 节点name: Group[0]-1
360,813,0,23629
 节点name: Group[0]-1
360,805,0,23397
 节点name: Group[0]-1
360,841,0,24441
 节点name: Group[0]-1
360,823,0,23919
 节点name: Group[0]-1
360,763,0,22179
 节点name: Group[0]-1
360,765,0,22237
 节点name: Group[0]-1
360,802,0,23310
 节点name: Group[0]-1
360,784,0,22788
 节点name: Group[0]-1
360,793,0,23049
 节点name: Group[0]-1
360,758,0,22034
 节点name: Group[0]-1
360,800,0,23252
 节点name: Group[0]-1
360,822,0,23890
 节点name: Group[0]-1
360,855,0,24847
 节点name: Group[0]-1
360,804,0,23368
 节点name: Group[0]-1
360,785,0,22817
 节点name: Group[0]-1
360,757,0,22005
 节点name: Group[0]-1
360,827,0,24035
 节点name: Group[0]-1
360,803,0,23339
 节点name: Group[0]-1
360,791,0,22991
 节点name: Group[0]-1
360,806,0,23426
 节点name: Group[0]-1
360,839,0,24383
 节点name: Group[0]-1
360,778,0,22614
 节点name: Group[0]-1
360,813,0,23629
 节点name: Group[0]-1
360,780,0,22672
 节点name: Group[0]-1
360,857,0,24905
 节点name: Group[0]-1
360,780,0,22672
 节点name: Group[0]-1
360,776,0,22556
 节点name: Group[0]-1
360,792,0,23020
 节点name: Group[0]-1
360,829,0,24093
 节点name: Group[0]-1
360,771,0,22411
 节点name: Group[0]-1
360,748,0,21744
 节点name: Group[0]-1
360,817,0,23745
 节点name: Group[0]-1
360,805,0,23397
 节点name: Group[0]-1
360,789,0,22933
 节点name: Group[0]-1
360,782,0,22730
 节点name: Group[0]-1
360,784,0,22788
 节点name: Group[0]-1
360,766,0,22266
 节点name: Group[0]-1
360,834,0,24238
 节点name: Group[0]-1
360,820,0,23832
 节点name: Group[0]-1
360,766,0,22266
 节点name: Group[0]-1
360,824,0,23948
 节点name: Group[0]-1
360,780,0,22672
 节点name: Group[0]-1
360,811,0,23571
 节点name: Group[0]-1
360,785,0,22817
 节点name: Group[0]-1
360,794,0,23078
 节点name: Group[0]-1
360,806,0,23426
 节点name: Group[0]-1
360,820,0,23832
 节点name: Group[0]-1
360,817,0,23745
 节点name: Group[0]-1
360,780,0,22672
 节点name: Group[0]-1
360,762,0,22150
 节点name: Group[0]-1
360,855,0,24847
 节点name: Group[0]-1
360,827,0,24035
 节点name: Group[0]-1
360,812,0,23600
 节点name: Group[0]-1
360,788,0,22904
 节点name: Group[0]-1
360,799,0,23223
 节点name: Group[0]-1
360,809,0,23513
 节点name: Group[0]-1
360,810,0,23542
 节点name: Group[0]-1
360,810,0,23542
 节点name: Group[0]-1
360,837,0,24325
 节点name: Group[0]-1
360,772,0,22440
 节点name: Group[0]-1
360,803,0,23339
 节点name: Group[0]-1
360,825,0,23977
 节点name: Group[0]-1
360,783,0,22759
 节点name: Group[0]-1
360,800,0,23252
 节点name: Group[0]-1
360,794,0,23078
 节点name: Group[0]-1
360,804,0,23368
 节点name: Group[0]-1
360,756,0,21976
 节点name: Group[0]-1
360,815,0,23687
 节点name: Group[0]-1
360,807,0,23455
 节点name: Group[0]-1
360,783,0,22759
 节点name: Group[0]-1
360,801,0,23281
 节点name: Group[0]-1
360,815,0,23687
 节点name: Group[0]-1
360,811,0,23571
 节点name: Group[0]-1
360,805,0,23397
 节点name: Group[0]-1
360,822,0,23890
 节点name: Group[0]-1
360,790,0,22962
 节点name: Group[0]-1
360,813,0,23629
 节点name: Group[0]-1
360,798,0,23194
 节点name: Group[0]-1
360,777,0,22585
 节点name: Group[0]-1
360,824,0,23948
 节点name: Group[0]-1
360,796,0,23136
 节点name: Group[0]-1
360,802,0,23310
 节点name: Group[0]-1
360,812,0,23600
 节点name: Group[0]-1
360,786,0,22846
 节点name: Group[0]-1
360,815,0,23687
 节点name: Group[0]-1
360,825,0,23977
 节点name: Group[0]-1
360,796,0,23136
 节点name: Group[0]-1
360,803,0,23339
 节点name: Group[0]-1
360,762,0,22150
 节点name: Group[0]-1
360,789,0,22933
 节点name: Group[0]-1
360,766,0,22266
 节点name: Group[0]-1
360,766,0,22266
 节点name: Group[0]-1
360,804,0,23368
 节点name: Group[0]-1
360,798,0,23194
 节点name: Group[0]-1
360,755,0,21947
