 节点name: Group[0]-1
120,8191,0,291279
 节点name: Group[0]-1
120,8174,0,291236
 节点name: Group[0]-1
120,8144,0,289626
 节点name: Group[0]-1
120,8254,0,294529
 节点name: Group[0]-1
120,8267,0,294518
 节点name: Group[0]-1
120,8217,0,292499
 节点name: Group[0]-1
120,8007,0,285777
 节点name: Group[0]-1
120,8044,0,287100
 节点name: Group[0]-1
120,8095,0,288416
 节点name: Group[0]-1
120,8152,0,290226
 节点name: Group[0]-1
120,7928,0,282395
 节点name: Group[0]-1
120,8185,0,291053
 节点name: Group[0]-1
120,8160,0,290209
 节点name: Group[0]-1
120,8223,0,292583
 节点name: Group[0]-1
120,8118,0,288739
 节点name: Group[0]-1
120,8146,0,290257
 节点name: Group[0]-1
120,8189,0,291798
 节点name: Group[0]-1
120,8044,0,286760
 节点name: Group[0]-1
120,7911,0,281635
 节点name: Group[0]-1
120,8240,0,293394
 节点name: Group[0]-1
120,8167,0,291062
 节点name: Group[0]-1
120,8245,0,293672
 节点name: Group[0]-1
120,8050,0,286707
 节点name: Group[0]-1
120,8262,0,293805
 节点name: Group[0]-1
120,8146,0,289603
 节点name: Group[0]-1
120,8291,0,295274
 节点name: Group[0]-1
120,8276,0,294961
 节点name: Group[0]-1
120,8310,0,295862
 节点name: Group[0]-1
120,8290,0,295564
 节点name: Group[0]-1
120,8207,0,292150
 节点name: Group[0]-1
120,8180,0,290884
 节点name: Group[0]-1
120,8222,0,293169
 节点name: Group[0]-1
120,8331,0,296510
 节点name: Group[0]-1
120,8034,0,286069
 节点name: Group[0]-1
120,8280,0,294777
 节点name: Group[0]-1
120,8216,0,292330
 节点name: Group[0]-1
120,8175,0,291410
 节点name: Group[0]-1
120,7987,0,284640
 节点name: Group[0]-1
120,8097,0,288674
 节点name: Group[0]-1
120,8075,0,287402
 节点name: Group[0]-1
120,8193,0,291771
 节点name: Group[0]-1
120,8378,0,298365
 节点name: Group[0]-1
120,7998,0,284091
 节点name: Group[0]-1
120,8110,0,289249
 节点name: Group[0]-1
120,8226,0,293116
 节点name: Group[0]-1
120,8139,0,289928
 节点name: Group[0]-1
120,8189,0,291946
 节点name: Group[0]-1
120,8187,0,291238
 节点name: Group[0]-1
120,8327,0,296569
 节点name: Group[0]-1
120,8192,0,291366
 节点name: Group[0]-1
120,8239,0,293577
 节点name: Group[0]-1
120,8065,0,287348
 节点name: Group[0]-1
120,7857,0,279408
 节点name: Group[0]-1
120,8218,0,292867
 节点name: Group[0]-1
120,8268,0,294060
 节点name: Group[0]-1
120,8061,0,286991
 节点name: Group[0]-1
120,8205,0,291803
 节点name: Group[0]-1
120,8055,0,287010
 节点name: Group[0]-1
120,8047,0,286495
 节点name: Group[0]-1
120,8041,0,286257
 节点name: Group[0]-1
120,8179,0,291663
 节点name: Group[0]-1
120,8235,0,293358
 节点name: Group[0]-1
120,8172,0,290964
 节点name: Group[0]-1
120,8128,0,289388
 节点name: Group[0]-1
120,8164,0,290922
 节点name: Group[0]-1
120,8189,0,291618
 节点name: Group[0]-1
120,8267,0,294505
 节点name: Group[0]-1
120,8044,0,286477
 节点name: Group[0]-1
120,7915,0,282009
 节点name: Group[0]-1
120,8065,0,287789
 节点name: Group[0]-1
120,7776,0,276917
 节点name: Group[0]-1
120,8151,0,290247
 节点name: Group[0]-1
120,8204,0,291541
 节点name: Group[0]-1
120,8103,0,288082
 节点name: Group[0]-1
120,8138,0,289654
 节点name: Group[0]-1
120,8109,0,288846
 节点name: Group[0]-1
120,7976,0,284001
 节点name: Group[0]-1
120,8128,0,289672
 节点name: Group[0]-1
120,8021,0,285691
 节点name: Group[0]-1
120,8040,0,285761
 节点name: Group[0]-1
120,8090,0,288102
 节点name: Group[0]-1
120,8396,0,299184
 节点name: Group[0]-1
120,8018,0,285182
 节点name: Group[0]-1
120,8215,0,292522
 节点name: Group[0]-1
120,8316,0,296615
 节点name: Group[0]-1
120,8174,0,290952
 节点name: Group[0]-1
120,8305,0,295465
 节点name: Group[0]-1
120,7993,0,284271
 节点name: Group[0]-1
120,8086,0,287656
 节点name: Group[0]-1
120,7839,0,279021
 节点name: Group[0]-1
120,8021,0,285911
 节点name: Group[0]-1
120,8259,0,294083
 节点name: Group[0]-1
120,8033,0,286024
 节点name: Group[0]-1
120,7966,0,283512
 节点name: Group[0]-1
120,7983,0,283890
 节点name: Group[0]-1
120,8289,0,294620
 节点name: Group[0]-1
120,8161,0,290480
 节点name: Group[0]-1
120,8066,0,286962
 节点name: Group[0]-1
120,7848,0,279001
 节点name: Group[0]-1
120,8323,0,296189
 节点name: Group[0]-1
120,8164,0,290273
 节点name: Group[0]-1
120,8125,0,289104
 节点name: Group[0]-1
120,8114,0,288930
 节点name: Group[0]-1
120,8104,0,289158
 节点name: Group[0]-1
120,8036,0,286213
 节点name: Group[0]-1
120,8031,0,286024
 节点name: Group[0]-1
120,8293,0,295532
 节点name: Group[0]-1
120,8102,0,288933
 节点name: Group[0]-1
120,8196,0,291572
 节点name: Group[0]-1
120,8297,0,295725
 节点name: Group[0]-1
120,8005,0,285271
 节点name: Group[0]-1
120,8181,0,291459
 节点name: Group[0]-1
120,8100,0,287493
 节点name: Group[0]-1
120,8066,0,286766
 节点name: Group[0]-1
120,8125,0,288980
 节点name: Group[0]-1
120,8236,0,292689
 节点name: Group[0]-1
120,8214,0,292149
 节点name: Group[0]-1
120,8170,0,290962
 节点name: Group[0]-1
120,8195,0,291700
 节点name: Group[0]-1
120,8030,0,286921
