 节点name: Group[0]-1
120,2552,0,119100
 节点name: Group[0]-1
120,2448,0,114194
 节点name: Group[0]-1
120,2448,0,113900
 节点name: Group[0]-1
120,2499,0,116712
 节点name: Group[0]-1
120,2479,0,115481
 节点name: Group[0]-1
120,2525,0,118072
 节点name: Group[0]-1
120,2432,0,113393
 节点name: Group[0]-1
120,2510,0,117312
 节点name: Group[0]-1
120,2408,0,112333
 节点name: Group[0]-1
120,2472,0,115407
 节点name: Group[0]-1
120,2484,0,115979
 节点name: Group[0]-1
120,2521,0,117617
 节点name: Group[0]-1
120,2519,0,117413
 节点name: Group[0]-1
120,2437,0,113596
 节点name: Group[0]-1
120,2397,0,112049
 节点name: Group[0]-1
120,2630,0,122499
 节点name: Group[0]-1
120,2509,0,117205
 节点name: Group[0]-1
120,2448,0,113905
 节点name: Group[0]-1
120,2394,0,111585
 节点name: Group[0]-1
120,2480,0,115646
 节点name: Group[0]-1
120,2543,0,118661
 节点name: Group[0]-1
120,2534,0,118211
 节点name: Group[0]-1
120,2595,0,120893
 节点name: Group[0]-1
120,2449,0,114541
 节点name: Group[0]-1
120,2497,0,116444
 节点name: Group[0]-1
120,2521,0,117735
 节点name: Group[0]-1
120,2417,0,112812
 节点name: Group[0]-1
120,2535,0,118333
 节点name: Group[0]-1
120,2452,0,114459
 节点name: Group[0]-1
120,2385,0,111352
 节点name: Group[0]-1
120,2460,0,114998
 节点name: Group[0]-1
120,2530,0,117786
 节点name: Group[0]-1
120,2409,0,112434
 节点name: Group[0]-1
120,2316,0,108036
 节点name: Group[0]-1
120,2452,0,114575
 节点name: Group[0]-1
120,2504,0,116591
 节点name: Group[0]-1
120,2576,0,120101
 节点name: Group[0]-1
120,2548,0,118939
 节点name: Group[0]-1
120,2434,0,113619
 节点name: Group[0]-1
120,2557,0,119175
 节点name: Group[0]-1
120,2471,0,115134
 节点name: Group[0]-1
120,2436,0,113561
 节点name: Group[0]-1
120,2560,0,119443
 节点name: Group[0]-1
120,2499,0,116572
 节点name: Group[0]-1
120,2537,0,118425
 节点name: Group[0]-1
120,2481,0,115478
 节点name: Group[0]-1
120,2348,0,109439
 节点name: Group[0]-1
120,2565,0,119796
 节点name: Group[0]-1
120,2478,0,115473
 节点name: Group[0]-1
120,2492,0,116222
 节点name: Group[0]-1
120,2359,0,110053
 节点name: Group[0]-1
120,2542,0,118537
 节点name: Group[0]-1
120,2509,0,117394
 节点name: Group[0]-1
120,2450,0,114111
 节点name: Group[0]-1
120,2510,0,117160
 节点name: Group[0]-1
120,2484,0,115748
 节点name: Group[0]-1
120,2430,0,113375
 节点name: Group[0]-1
120,2472,0,115449
 节点name: Group[0]-1
120,2467,0,115106
 节点name: Group[0]-1
120,2398,0,111876
 节点name: Group[0]-1
120,2441,0,113850
 节点name: Group[0]-1
120,2464,0,114891
 节点name: Group[0]-1
120,2517,0,117517
 节点name: Group[0]-1
120,2493,0,116243
 节点name: Group[0]-1
120,2393,0,111717
 节点name: Group[0]-1
120,2354,0,109851
 节点name: Group[0]-1
120,2362,0,110190
 节点name: Group[0]-1
120,2478,0,115699
 节点name: Group[0]-1
120,2450,0,114342
 节点name: Group[0]-1
120,2523,0,117667
 节点name: Group[0]-1
120,2431,0,113486
 节点name: Group[0]-1
120,2461,0,114786
 节点name: Group[0]-1
120,2375,0,110726
 节点name: Group[0]-1
120,2452,0,114657
 节点name: Group[0]-1
120,2452,0,114448
 节点name: Group[0]-1
120,2447,0,114454
 节点name: Group[0]-1
120,2423,0,113007
 节点name: Group[0]-1
120,2578,0,120630
 节点name: Group[0]-1
120,2407,0,112341
 节点name: Group[0]-1
120,2559,0,119314
 节点name: Group[0]-1
120,2460,0,115033
 节点name: Group[0]-1
120,2495,0,116309
 节点name: Group[0]-1
120,2491,0,116249
 节点name: Group[0]-1
120,2458,0,114756
 节点name: Group[0]-1
120,2498,0,116320
 节点name: Group[0]-1
120,2485,0,115635
 节点name: Group[0]-1
120,2409,0,112495
 节点name: Group[0]-1
120,2443,0,113932
 节点name: Group[0]-1
120,2525,0,117584
 节点name: Group[0]-1
120,2499,0,116665
 节点name: Group[0]-1
120,2476,0,115450
 节点name: Group[0]-1
120,2447,0,114074
 节点name: Group[0]-1
120,2506,0,116701
 节点name: Group[0]-1
120,2511,0,117213
 节点name: Group[0]-1
120,2456,0,114378
 节点name: Group[0]-1
120,2415,0,112480
 节点name: Group[0]-1
120,2504,0,117028
 节点name: Group[0]-1
120,2425,0,113270
 节点name: Group[0]-1
120,2395,0,111587
 节点name: Group[0]-1
120,2411,0,112413
 节点name: Group[0]-1
120,2567,0,119733
 节点name: Group[0]-1
120,2427,0,113143
 节点name: Group[0]-1
120,2501,0,116515
 节点name: Group[0]-1
120,2521,0,117776
 节点name: Group[0]-1
120,2493,0,116134
 节点name: Group[0]-1
120,2401,0,111854
 节点name: Group[0]-1
120,2465,0,114837
 节点name: Group[0]-1
120,2521,0,117761
 节点name: Group[0]-1
120,2546,0,118893
 节点name: Group[0]-1
120,2448,0,114174
 节点name: Group[0]-1
120,2550,0,118751
 节点name: Group[0]-1
120,2449,0,114334
 节点name: Group[0]-1
120,2461,0,114944
 节点name: Group[0]-1
120,2516,0,117421
 节点name: Group[0]-1
120,2409,0,112629
 节点name: Group[0]-1
120,2437,0,113476
 节点name: Group[0]-1
120,2522,0,117753
 节点name: Group[0]-1
120,2392,0,111680
 节点name: Group[0]-1
120,2545,0,118716
 节点name: Group[0]-1
120,2454,0,114503
