"d_yearmonthnum","lo_partkey","lo_revenue"
199706,80345,3149007
199703,152084,1776829
199707,94870,3224360
199701,3191,1811978
199712,47991,4031160
199707,100596,3266623
199703,60210,2896269
199711,30123,2580144
199707,35495,3347346
199703,124891,5017715
199703,35412,3328102
199711,179106,2645143
199706,147991,3874081
199712,114169,2023203
199712,98472,3280618
199706,5685,2895037
199702,44692,3977156
199706,119918,3139414
199706,165607,3177940
199705,68957,3813381
199705,14027,2190694
199704,94198,1995726
199702,85420,2892354
199705,12315,2794584
199712,191848,3264750
199707,131227,2010635
199704,15161,1958611
199701,183323,3417357
199701,129781,2893626
199704,37868,3153031
199707,173936,3658072
199709,3016,1588049
199706,191147,2050359
199704,28982,4120072
199712,79864,4425264
199712,5253,2585214
199701,190862,3515148
199701,129667,2855478
199712,58198,2691610
199712,127163,2599309
199708,168943,5178733
199707,151619,4420434
199709,93140,2165430
199707,178589,2608095
199706,62806,2796472
199711,183615,4328058
199711,6111,2315959
199705,120181,2762714
199702,69009,2273850
199702,34035,1939998
199709,31855,2991186
199709,53935,3162068
199711,5531,2246732
199701,30716,3896115
199706,84365,2512508
199702,52705,3938695
199707,104860,3222478
199708,150026,2065958
199701,82698,4063908
199708,86056,1718340
199709,38167,2181585
199711,75537,3235301
199703,105963,4479384
199707,160654,3864821
199707,133455,2572041
199704,77258,2581672
199702,96411,3686006
199708,160385,2718759
199712,186023,2550746
199703,34503,2594687
199711,14795,2831412
199711,67583,3172486
199711,142229,2616170
199702,43273,2919048
199702,76072,2068890
199708,125912,4028914
199703,89729,3440877
199707,76356,3221622
199701,78116,2113820
199711,182508,3777437
199706,145615,3985464
199707,168851,3574760
199706,42802,4239864
199705,64790,4311519
199701,102133,2240746
199712,160948,4331274
199708,164626,3644976
199707,161302,3644100
199707,191094,3135748
199709,46653,3237691
199705,79711,3347605
199705,153133,2509851
199705,24383,2796485
199704,97353,2203771
199704,162713,4084133
199703,171956,3447515
199705,24053,2020539
199712,55556,3518888
199708,188279,3248633
199712,68122,2589035
199701,164587,3633476
199705,121237,2518976
199703,151812,4383681
199708,146349,2386031
199701,167902,3047435
199705,22506,2687008
199701,132086,2571584
199712,24337,2436889
199708,7473,3540905
199709,65844,3438696
199702,21443,2693404
199703,99523,3602282
199702,6364,2286648
199704,47988,4704431
199704,172263,3071098
199704,81822,3246876
199708,40644,3831659
199706,23429,2986143
199704,27296,2637413
199702,192920,5434884
199710,163428,3504837
199709,150003,1743768
199711,159200,2991859
199707,120937,4886993
199702,193784,4412783
199707,25377,2844376
199711,140380,2505550
199705,67739,3440767
199702,134394,3252444
199706,44784,3537083
199705,102589,2864844
199709,27241,1913577
199707,131824,4175595
199708,195602,3225440
199705,142777,3348376
199710,28662,3306982
199705,135082,2627372
199707,54184,2162542
199703,164212,2671107
199703,105064,2458838
199704,36597,4016472
199712,105271,2297286
199712,7184,1928115
199704,127363,2814088
199707,136122,2692629
199712,190279,2674184
199709,34677,3771307
199701,12429,3138922
199706,6364,2051631
199702,18679,3099479
199704,20313,2836613
199710,112574,2893903
199709,23920,3252674
199704,166232,2173237
199705,80901,3912470
199711,54125,2050328
199705,25547,2948025
199708,183687,3187224
199706,85324,2333208
199703,84677,3630748
199703,18434,2207165
199712,59423,3414577
199702,103594,3674457
199706,31752,3465157
199701,16575,2663944
199703,192370,2886718
199703,68018,2267823
199703,184811,4276947
199701,50996,3364398
199710,183167,2494069
199712,170127,2873088
199711,166795,3219034
199704,3174,2279291
199702,181746,3684723
199708,195515,3333755
199704,48045,1787472
199706,125439,3587853
199702,109703,3702857
199712,103221,2815706
199705,116560,3121588
199711,154721,3036481
199711,33258,2973360
199708,169181,2700388
199708,146629,2677640
199708,16483,2603032
199711,90774,3571894
199711,197166,2789057
199708,94313,3006813
199701,195292,2738510
199712,8128,1697164
199712,4510,2659278
199708,11804,3397284
199710,18539,2827608
199705,186946,4757079
199712,92853,4020261
199702,131129,2668276
199704,11888,3275781
199702,179903,3390759
199710,71694,2661772
199711,196566,3225366
199712,197311,2488483
199708,73144,2986115
199708,11981,3524728
199709,44472,2960422
199705,32970,3796425
199707,183932,4451173
199710,183679,3761537
199705,79883,4979478
199705,188559,3425256
199702,131814,3261546
199712,114718,3773842
199709,131228,3093903
199709,25074,2643539
199703,20495,3092845
199704,33085,1649289
199709,53309,3183520
199712,166979,3731849
199705,59905,3815585
199701,117268,3213150
199705,106689,4056066
199702,47045,1884876
199705,124555,2701030
199705,191468,2962974
199705,192417,3405228
199706,2683,3577294
199706,34872,3577602
199705,9150,2462523
199707,29600,3147916
199708,60182,2775497
199709,86170,1914617
199704,92264,2983617
199706,48893,4501579
199702,178331,3424671
199701,113471,2961517
199705,118924,3654632
199704,133007,2246400
199704,78159,1924057
199711,190794,4161616
199710,92284,2639347
199708,66476,2887824
199708,13000,1789480
199708,164996,4550665
199708,76745,2913184
199710,167195,2665745
199710,42667,2844269
199702,3195,2399545
199706,191949,4988057
199706,158848,4462005
199704,169744,4668566
199703,45063,2346763
199707,54857,3339239
199709,151115,2326389
199702,82135,2709040
199706,36808,3140640
199704,80465,3541377
199712,68987,4600464
199704,68551,3343010
199704,78272,2363010
199704,106128,1831603
199711,48656,3321625
199702,183323,3340010
199704,177617,4026393
199703,175121,3109912
199704,31209,2770686
199706,43850,2805581
199704,175974,4620632
199708,34301,2412540
199708,21994,4782311
199708,65501,2563442
199708,120150,2522843
199705,139178,3122041
199703,173773,4343603
199703,105172,2648632
199704,99114,2749381
199709,121255,2303631
199709,106615,2674034
199701,175838,3697519
199703,24580,2557786
199710,17046,1810515
199705,130919,4350249
199705,164752,2903166
199703,52271,2782939
199701,157339,2764733
199711,88812,4096842
199711,59861,4104218
199706,73315,2906427
199702,103448,2442773
199703,66722,3728693
199709,86233,3061486
199711,48870,3310343
199711,128594,2565314
199711,65628,3518712
199709,107625,3673395
199706,77855,4527139
199709,66548,3622779
199711,165528,2782285
199708,154371,3041739
199707,5369,3180802
199702,189462,2916744
199705,109256,2000360
199702,128436,3267143
199706,154782,4362352
199704,79493,2378071
199703,66807,4079740
199708,120162,2718968
199710,157010,2483999
199705,55664,3538957
199710,65529,3228163
199702,10856,4023117
199712,134835,4618480
199710,105699,3170723
199701,161553,3753828
199701,61920,3289596
199704,90085,2021150
199702,41362,3034222
199710,109177,2206276
199701,174415,3117335
199706,70876,3606937
199706,196244,2830586
199706,17902,4447835
199706,107193,2940465
199709,146589,3562293
199704,4349,2066757
199702,45397,2499530
199706,16104,2493124
199712,18316,2753745
199704,40649,3179280
199702,159347,3234582
199708,85972,3865032
199702,137007,2255040
199704,49058,2492448
199704,155532,3457640
199704,120918,4234579
199710,92046,2169503
199707,161695,3162042
199705,72958,5020470
199701,95375,2868184
199707,66160,2184750
199707,3514,2768397
199706,139014,2316622
199705,123335,3557466
199711,75139,1985379
199711,59206,2190576
199707,175570,2876456
199712,115620,2796910
199709,29807,4361104
199704,96656,3996107
199704,9520,3323634
199704,69267,2447794
199710,23919,3085031
199704,166197,2968496
199703,173472,2760209
199707,106769,3231883
199701,58436,3207189
199705,193784,3211003
199709,36494,3347346
199711,136835,3133443
199711,9472,2624793
199706,197750,3492247
199711,36370,2914511
199711,37570,2835739
199708,85066,2417438
199702,195747,3316932
199703,14919,3205674
199709,171734,3362269
199704,198681,3381392
199705,151662,2884089
199710,15582,3031101
199702,122163,2927345
199702,177369,3401838
199703,126305,3061990
199711,14989,4832301
199703,194530,2963142
199707,140646,3673501
199707,33511,2891909
199701,29826,2907637
199706,115393,2850581
199703,111281,2704742
199704,116015,2371323
199705,62579,2594462
199705,160495,2799882
199710,77306,2463936
199710,36713,3071760
199702,161245,3294337
199705,106081,2554638
199709,113064,2035643
199708,79640,3916289
199705,170292,3400275
199704,110992,3280897
199702,174439,3620124
199712,188144,2710708
199704,156831,3209311
199707,54054,1876989
199705,95937,4724080
199712,23438,2175565
199712,86693,4157232
199701,169642,4575213
199701,157950,3433594
199706,77561,3434065
199710,185839,4475229
199703,174088,2119633
199707,17597,2791389
199712,16968,3918831
199712,173852,3273945
199706,138923,5191240
199711,41745,2609386
199711,20195,2638539
199711,22989,3097407
199704,126375,3670188
199710,33888,3181002
199709,4934,3214449
199707,8316,2618799
199702,106094,2263985
199710,125966,3047698
199710,50801,3195283
199702,532,3261870
199704,67469,3447504
199710,11515,2965714
199708,74828,3731837
199709,22095,2170470
199702,138445,3104839
199706,73210,2639741
199702,49579,2846197
199706,154405,3393105
199702,157911,4479270
199703,140136,1839467
199711,95042,1848005
199709,190384,3702168
199704,5636,2411109
199704,3857,3549873
199708,176970,5215679
199708,36044,1693509
199711,53038,2344776
199701,40862,3767977
199707,159202,3371187
199705,27746,2892222
199706,94715,3893009
199710,86449,3136436
199701,122550,2956394
199706,194586,2843541
199709,142663,3766097
199709,139521,3632890
199708,187300,3029863
199707,173791,3837737
199711,21618,2434123
199711,190313,3367944
199710,40455,2324819
199702,33021,2243855
199703,56480,3734848
199712,153390,3500220
199702,96247,3088208
199702,77280,3157030
199710,74954,4947756
199706,166401,3163714
199702,198108,2836747
199709,53122,2815739
199705,182014,1844584
199709,172973,3351298
199708,17263,2578868
199708,121805,3991558
199710,26331,2269480
199706,50305,3044102
199708,92816,3661031
199701,3603,3465180
199710,29453,3583310
199702,16886,4624387
199704,82694,3204154
199707,188586,2927165
199710,72764,3299844
199707,64571,3608589
199703,162994,3217132
199710,25927,3035082
199702,181457,2563057
199706,99062,2294011
199706,126297,2388538
199708,189391,3126583
199702,163800,3977349
199708,58785,3721226
199707,42980,3357523
199709,80892,2865521
199701,138158,2486795
199711,86550,2744278
199711,162610,3512481
199711,104871,4558364
199705,95610,3582115
199705,135879,3347192
199705,154715,3256266
199706,139349,3065454
199701,26635,3560516
199709,148785,4654133
199709,127166,2661939
199706,163343,2923780
199704,82689,3109324
199712,176205,2190852
199712,68438,3063204
199704,101639,3086025
199710,27912,4327468
199702,119240,2990695
199701,69906,3564210
199710,195779,5011260
199709,185977,3645267
199709,111952,3238553
199704,110602,3217137
199709,37464,2929051
199704,130897,4723330
199704,60295,3263754
199710,112610,3271181
199704,191879,4682787
199705,165610,3815363
199711,161923,5252098
199704,74533,3693448
199704,154152,2105937
199709,89793,3726031
199710,172468,4034464
199710,97063,2014114
199702,95311,2704061
199704,91222,3013638
199709,140273,3120329
199703,7429,2381500
199709,47665,3193066
199701,58108,1964822
199710,129328,3224992
199709,168107,2393678
199711,74427,2854692
199712,174679,3588008
199712,32409,2774015
199711,192867,4868292
199712,69449,2995745
199712,17845,3215420
199702,55489,2821069
199701,62100,2602145
199705,154625,3127452
199704,192982,3174719
199705,103792,3965104
199708,36613,3037235
199703,15255,3033288
199703,102014,1849138
199702,64795,4575454
199703,51401,3614965
199709,88095,1749190
199709,156929,5040264
199705,121409,2863660
199705,195386,3168671
199702,32318,1912974
199704,63279,2171487
199705,77675,2826065
199704,44634,3157260
199712,92792,3116243
199712,179489,2980112
199710,51135,2280873
199705,159102,2612475
199709,99726,3261610
199711,105215,2132927
199709,35857,4213197
199707,24220,2290728
199704,17812,4670487
199708,19320,2793427
199706,10789,4079472
199705,192634,2952537
199702,48647,3599763
199701,112589,3997543
199701,160870,3908080
199701,44951,3386166
199707,20687,3183206
199705,57279,2299462
199709,143750,3788400
199710,108774,4813479
199710,177241,3452470
199701,57347,3486500
199711,91680,2756600
199701,47246,2244484
199712,17631,4026438
199710,40461,3352292
199702,139984,3683643
199709,127291,3417007
199705,115043,1925632
199707,148285,2743890
199711,174093,2567598
199705,69386,2590131
199706,118230,3245398
199710,72065,1657221
199711,75579,3539755
199705,96344,2702125
199712,34832,3250967
199706,51412,2317797
199707,109053,2638132
199707,51872,3151647
199703,75133,2473346
199705,21904,4699866
199705,162919,4162011
199702,49532,3774938
199701,127208,2845900
199701,186297,2365425
199706,180209,2463661
199712,128669,3473412
199703,188820,3905445
199704,140551,3186283
199712,170879,4053779
199710,143052,1971090
199711,188208,3066809
199705,182438,2599935
199705,192459,2947755
199710,70993,4713576
199702,155867,3115033
199710,67597,3794130
199711,32448,3111511
199702,104559,3821316
199712,43712,2814707
199701,25890,3965903
199702,174596,4149745
199703,8964,3067908
199712,25156,2335284
199711,173854,3406510
199702,6116,1921566
199710,122068,1905424
199702,130676,3145392
199704,47813,4578106
199704,122873,4550088
199710,15282,3103349
199708,86227,2074606
199709,55474,3716622
199703,163951,3892883
199707,116733,3058528
199702,73511,3242169
199706,80983,3464460
199701,132238,2865638
199712,29287,2324311
199708,55362,2371248
199701,189441,2644600
199709,150757,3398570
199711,148594,2764478
199705,58609,2829518
199708,187868,3324962
199704,113101,2316213
199710,69201,1830192
199705,198544,2749611
199707,7176,2058023
199712,153912,4435092
199709,41091,2064180
199712,171235,2643809
199712,3199,2010394
199702,116263,2632717
199711,107585,3478194
199708,28940,3364092
199711,174758,4622195
199702,26607,3748118
199703,125222,2723928
199708,104014,1696004
199702,146523,3197112
199708,132336,2462994
199701,108645,3968736
199701,93872,4618028
199710,56264,2635761
199712,43429,3122255
199704,30944,3562386
199707,55059,1697519
199709,36337,2870085
199706,73596,3713649
199705,5603,3285730
199710,21500,2319888
199704,29357,2395183
199705,21306,2120774
199701,41850,3956404
199706,105080,2526066
199707,150877,4008041
199707,120310,3065034
199709,160346,2151700
199706,103093,2870659
199710,126854,4282695
199711,173780,2993854
199701,130705,2874319
199701,14245,1982300
199702,162657,4299125
199708,29063,1895826
199701,79737,2966509
199706,135056,2435223
199709,150388,2356066
199710,196640,3792821
199712,59821,3761091
199702,144610,3312529
199708,43991,4963249
199702,131823,4657453
199709,137675,3221532
199702,168907,5014834
199710,5279,2813825
199703,178366,3860774
199710,181910,4099350
199705,194539,3293196
199705,150047,2580238
199710,95091,2001663
199706,71798,3744875
199710,130291,2947797
199705,80555,2948256
199712,18771,3457269
199701,127105,2447600
199705,198505,2725950
199711,142532,3008926
199711,187674,4259718
199711,3528,3149344
199708,170377,2692108
199705,150346,3147350
199702,23536,2685535
199705,136424,3005544
199710,54811,3856529
199710,28987,3531151
199707,3241,2258729
199711,18459,2479410
199703,90816,4114106
199704,110074,2343759
199708,149792,3727782
199704,115898,3938785
199708,143129,2093406
199708,164404,3277468
199701,17065,2123213
199706,38619,2647937
199711,156507,3780543
199705,169895,4067322
199703,67178,1810513
199702,81276,2776052
199710,196779,3969129
199701,188252,2546475
199701,11586,2494968
199702,130731,4214058
199707,33379,3051260
199712,167350,3673771
199703,137208,3193938
199709,99417,2311581
199708,114078,2210349
199701,33430,2356007
199703,192442,3529212
199706,54555,3660658
199706,44319,2652951
199703,34461,3390967
199705,72210,1869074
199706,59223,3012296
199706,151271,2485867
199703,19592,3576421
199703,86368,2803525
199710,11826,3357468
199708,97356,2277688
199708,8828,2893542
199708,21236,2132774
199712,26527,3343096
199707,60883,4698206
199703,14532,2864129
199707,3127,2274504
199707,19757,2764960
199705,88520,2775676
199703,28509,3475875
199702,35059,1699825
199705,90841,3747944
199709,153904,4092011
199707,17194,2613518
199710,166450,2737192
199710,122508,3367100
199706,49843,3876120
199712,39675,3996308
199706,147408,3443476
199701,131630,3190329
199712,130368,2730997
199709,95269,2973539
199704,87098,2126776
199706,134777,3514833
199703,189608,3709256
199703,90346,3307441
199702,137563,3721302
199711,136062,2391574
199702,175501,3729999
199710,183732,3235630
199709,28559,2490158
199709,56414,3563066
199706,57321,2991268
199703,149595,3509555
199705,46713,2793291
199705,97427,2652270
199706,47467,2970366
199709,55661,3867050
199706,170899,4530747
199706,93369,2882753
199701,163040,2208286
199704,143389,3063860
199709,43307,1976724
199710,23258,2315250
199702,188452,3080900
199702,63970,3272277
199702,3744,3391048
199712,129370,3638362
199707,23964,3738160
199707,162080,2230482
199707,77298,2398820
199707,95495,2629224
199712,142759,4144025
199711,86955,4981101
199712,174218,2734316
199712,65482,3295911
199701,131773,2914703
199705,18252,2583912
199703,1219,2576483
199705,64627,3667092
199702,198324,2617068
199710,82563,3709344
199710,25731,2534796
199707,94973,4199647
199703,115358,2749446
199710,35206,2738880
199710,152214,2854037
199704,151976,3344122
199702,153293,2326389
199709,158507,2795983
199712,165220,3296589
199705,170201,2712740
199708,159960,4599448
199707,70951,3103949
199701,146114,2617208
199701,121790,4393590
199701,11576,2628536
199709,31203,2558755
199701,91438,2687328
199708,59162,1917183
199701,122164,3022335
199705,125320,3378098
199704,145948,3337855
199708,186672,3598238
199705,132717,2944761
199711,89790,3888841
199711,62155,2466667
199705,104938,4748520
199702,99477,3007569
199703,18832,4632696
199708,51914,3257878
199701,62959,4547333
199706,81728,2923621
199712,189293,3041038
199703,95173,2525583
199706,191484,2517617
199703,176326,2477899
199712,155477,3754551
199711,152436,3657072
199703,77345,2286325
199701,171644,4215327
199702,36516,3195522
199708,11888,3930937
199712,17408,2361862
199708,72744,3033479
199705,1795,3122093
199712,48511,3257626
199708,140518,4081737
199705,5298,2620765
199705,32802,3740228
199706,185763,4529462
199703,193484,2583912
199708,117674,3933132
199708,157325,2626408
199708,145760,4117132
199712,32101,2405056
199711,154341,2285566
199709,157287,2375342
199703,33291,2181684
199706,78094,2444365
199708,127560,2805218
199703,104210,2032587
199710,120980,4970434
199706,38280,1946811
199703,116222,2117356
199711,119306,3280117
199702,145950,3053803
199710,17988,4208403
199708,30491,2877095
199708,175860,3060594
199703,194681,4602562
199702,733,2705456
199702,154052,2818215
199711,47877,3432580
199709,47520,3274037
199705,119916,4694581
199709,64096,1766109
199706,2862,4431563
199701,84691,3921114
199703,28823,3747142
199712,15148,1716971
199706,58997,3778972
199710,152178,1944898
199710,51702,2953508
199710,158852,3651634
199708,48463,3596400
199712,186932,4112560
199702,195463,3545496
199705,78815,4080917
199705,61347,3391217
199702,180634,3127485
199706,70742,3156579
199706,159693,2997099
199709,13352,2852098
199703,25543,2271831
199712,117933,3948682
199710,72353,2743474
199710,33806,3827560
199708,196979,3967178
199708,136920,3874701
199711,83428,3246266
199704,38061,2454690
199704,86301,2471616
199704,148158,2894760
199708,183032,2542268
199709,139210,3085548
199704,149535,3802872
199707,177527,3247548
199710,7817,3566907
199703,2930,4261562
199708,52450,2776851
199708,59801,3178244
199706,87277,2041796
199708,167377,2607087
199711,41424,2609317
199707,58035,1946338
199702,58319,2702787
199704,39125,1700463
199703,165540,2867494
199706,53487,2463220
199706,120100,1875047
199706,118080,2556330
199707,25613,3500337
199711,183755,3420075
199711,85790,2898089
199706,74114,2110933
199712,72477,2452503
199703,72460,3437904
199703,192480,2971987
199712,80066,2071198
199712,151836,4304252
199706,69001,2619000
199706,86840,3156779
199710,164921,5308364
199701,1430,2995717
199709,163606,3763278
199709,49810,3362996
199708,169313,2736973
199707,150460,2413715
199707,101032,1859454
199703,27076,1986078
199712,145942,4132927
199709,90763,4559776
199710,97995,4538038
199708,110937,3895860
199705,178490,2738583
199705,30730,2653846
199707,44086,1895347
199702,191392,3779677
199705,25385,2205369
199703,113151,1959264
199703,122587,3627993
199707,138922,3211986
199707,68637,2729571
199706,76814,4400020
199711,75154,2865782
199711,112906,3281319
199703,170599,2704735
199702,77977,4316573
199707,153638,4266290
199710,18619,2483240
199701,112344,2983948
199703,168558,2516272
199710,46024,2281487
199711,84689,4518936
199711,154389,2208371
199701,16359,2089023
199705,138273,2095409
199705,167425,3432566
199711,98530,3744898
199711,99588,3581580
199712,184966,4973578
199704,81055,2142551
199710,34340,2784432
199705,59124,2016769
199707,78807,4387710
199707,19283,2827762
199710,137020,1968171
199704,102407,2693363
199701,122429,3017502
199707,98384,2797937
199706,19501,3031347
199708,22998,3004428
199705,53280,2723082
199711,48736,2941538
199712,66683,3375245
199703,137107,2872835
199709,162568,3036102
199708,127987,3481885
199708,75322,3082432
199708,100236,2254883
199706,149828,3903987
199706,141474,3087012
199711,128336,3012440
199711,47232,2146198
199702,185487,2778572
199702,76737,2709407
199711,85661,2845428
199704,107081,2772427
199710,133038,2570472
199706,115118,1752921
199711,42773,3531054
199708,7960,4034793
199709,34834,4377854
199709,43187,2461532
199704,180199,3165995
199706,168911,5131926
199712,82897,2876231
199701,118317,2673290
199701,97766,3894382
199703,197198,2331342
199705,40148,2226334
199709,147826,4530896
199703,145090,2312178
199709,19290,2297651
199704,34992,3815440
199701,78816,4135242
199701,98076,2346842
199705,70362,2206388
199705,161670,3863355
199708,64855,3439516
199701,175847,3361124
199711,123119,2655405
199711,38218,2745998
199709,86724,3859384
199712,67288,3185900
199709,76493,3041844
199706,149227,2017703
199704,86777,2968424
199706,6640,3062347
199706,184016,2200020
199712,86622,3440838
199704,30603,2826424
199702,81110,2482275
199702,27560,2842727
199712,29601,3238749
199703,87661,4121650
199702,130672,3202722
199711,128015,1689676
199707,106892,3968680
199706,40244,2449008
199703,152060,2327541
199703,136627,4087514
199704,137747,2955529
199705,16621,3536526
199706,56415,3369554
199705,80512,3841720
199701,10525,2269557
199712,111920,4872302
199710,47142,2429871
199711,179112,2687144
199702,136237,2869860
199705,189593,3129617
199712,78463,3580586
199712,163759,3005714
199705,59996,4506600
199707,161036,2902741
199705,189424,3063162
199711,98323,2525042
199709,183991,4342954
199710,107960,3843425
199702,115265,3195528
199710,9409,2842470
199707,193674,3862358
199706,15595,2950182
199711,125,2386479
199709,117558,3478814
199709,130725,2716098
199705,86580,3496606
199709,44082,1709449
199705,72436,3521075
199710,33986,3709401
199703,163168,2315811
199701,13961,4657400
199707,2865,4550471
199710,45229,2231018
199701,137359,3183678
199701,188764,3372023
199701,144443,2797874
199710,86331,2753219
199703,180648,3339732
199705,139968,4202660
199706,65942,4893866
199702,85196,2608067
199709,152786,3011921
199707,49222,2178469
199712,191610,3062898
199701,71880,3888948
199702,126818,4250442
199708,35016,2250089
199710,199327,2628707
199703,83614,3601012
199703,91312,2654842
199706,4161,1821423
199705,114384,2991134
199705,11025,1550049
199705,34498,2476775
199709,14780,3742074
199710,65119,2601864
199706,2110,2327853
199706,171387,3583239
199706,89299,2227453
199704,39299,3095725
199709,72961,3167826
199707,91462,3383654
199703,20441,3104083
199708,72822,3618357
199710,16040,2294496
199704,166219,2290244
199709,34471,3302854
199707,147923,3705329
199711,159242,3180230
199701,21786,2758064
199702,61704,3637888
199706,161962,3460971
199705,136527,3086388
199710,44153,2523445
199708,83174,2494858
199701,118116,1735188
199709,112481,2513526
199709,131410,2450397
199708,120170,3001608
199709,92490,2788563
199711,15830,3854792
199701,140458,3131760
199710,81002,1592460
199711,194753,3994835
199702,19279,2875848
199701,82499,3377797
199707,3475,2514329
199708,152165,2300432
199708,6566,3790369
199712,198379,2285491
199708,155396,2509453
199708,131212,2314857
199709,144526,3943575
199709,33295,2763652
199710,140713,3367123
199702,91142,2152966
199705,80647,3556393
199712,125597,3731957
199707,165163,2947584
199704,28293,2088405
199705,126651,3469380
199701,121210,2038883
199712,163268,2104722
199703,9129,2242339
199703,116157,2275911
199710,123114,2092282
199710,94885,4699700
199712,33868,4194730
199701,165002,2005960
199703,180700,2815286
199709,11131,2181178
199709,73729,4551370
199712,199995,4332439
199703,74223,3081644
199702,81039,2154303
199709,22978,4927314
199705,156922,4798881
199703,52085,2177868
199711,155416,3749152
199708,73842,4296277
199706,63618,3886015
199707,81130,2970050
199707,19314,2460453
199701,184677,2875045
199706,92294,2315322
199701,196141,2876350
199705,90702,3046860
199703,168730,4676698
199703,34634,3195299
199708,60662,3699664
199705,81089,1906882
199701,76200,3175740
199704,87260,2409706
199710,109360,2547009
199704,20455,3068628
199704,166103,2430558
199704,163584,3677398
199708,134137,2158392
199711,133358,3172278
199709,101583,3381493
199711,160946,4154365
199704,128775,3255804
199707,107870,4459941
199707,157517,2960078
199712,19916,4222593
199704,188899,4858403
199706,199263,3303480
199711,139842,3688406
199708,186004,2511360
199705,113953,4602663
199708,35671,4135568
199705,3693,3407336
199705,58272,2220637
199704,169172,2904337
199706,56570,2692869
199703,15936,5000211
199702,114891,4608442
199710,24562,2913657
199708,124594,3127115
199701,86621,3401723
199707,145710,3994240
199705,48529,2666923
199708,89114,2426842
199705,104900,4655575
199702,160602,3782415
199701,137832,3096438
199708,35910,4075769
199709,95314,2828109
199711,23757,2906016
199705,176788,3897390
199709,63849,4046258
199706,13284,2502315
199701,162941,3540961
199701,122078,1943823
199701,148511,3274971
199707,169799,3515193
199704,74911,3173986
199704,89140,1890180
199707,75879,4358944
199707,189586,4433584
199707,5929,2869814
199708,78968,3243635
199703,113026,1895172
199706,122652,3340926
199702,121793,4340977
199712,26073,2247907
199702,161135,2285804
199710,152814,4340333
199702,28545,3739844
199706,51259,3071614
199706,64442,2894453
199703,136255,2379773
199703,132934,4484600
199703,91896,2920565
199708,111197,2783669
199707,100537,3843825
199709,173371,2339879
199709,169250,3430050
199701,33728,4441777
199710,78796,2956800
199708,104372,3530389
199705,196461,3725444
199701,151990,4900776
199708,158106,2985916
199703,139643,2725876
199706,75511,3748978
199702,36957,3791687
199704,137347,2616402
199701,108631,4017093
199703,20895,3243179
199711,12013,1531816
199705,91487,3512868
199702,55004,1872927
199704,94003,2566278
199711,65983,3547143
199710,58056,2028100
199703,189170,2368498
199704,75956,3234084
199712,172041,2025732
199706,104519,3437038
199707,9411,3398735
199701,28594,2685848
199708,151092,2674830
199711,160103,2849595
199711,121912,3446227
199709,172385,2544585
199709,62800,4537447
199703,71003,1683072
199711,46097,1877562
199710,144864,4913405
199701,120532,2949807
199701,172168,2356304
199704,100015,2192421
199705,62204,2149306
199712,123447,3352603
199709,8474,2162183
199708,126250,2572920
199708,83313,2389099
199708,48920,4625577
199701,106256,3029400
199708,90350,2895156
199705,47371,2639376
199709,36375,2895504
199709,141128,2283291
199709,192720,3692510
199710,113281,2024253
199711,104344,2696680
199706,11754,2690186
199701,105177,2106626
199703,64371,3071351
199710,77164,2276614
199703,87548,3461107
199710,183291,2886009
199710,193198,2428728
199706,132418,2984943
199706,140638,2653914
199703,191626,3555473
199709,77493,3639462
199701,16045,2098911
199702,12309,2271618
199708,181655,3299635
199710,81098,2697725
199705,120436,2302615
199711,186795,4198273
199706,158462,3430157
199710,180642,3600317
199710,33676,2993986
199708,31123,1897416
199701,75261,2848343
199704,166276,3060375
199702,199416,2959595
199706,65586,3258318
199702,14090,2147748
199709,198285,3286673
199708,151971,4709474
199708,172032,1992774
199703,183184,2681352
199702,84658,2838499
199702,138182,2989441
199705,142707,2944745
199712,97067,2122799
199709,83624,4166951
199706,57072,1896576
199712,91858,3233537
199701,159977,5389822
199704,16667,3746939
199704,163023,2470695
199708,62521,2670336
199701,23215,2693004
199703,41037,2535053
199703,97475,3713569
199704,38464,2903092
199704,37872,4470378
199701,27392,2699471
199702,27098,2684710
199703,89589,3082966
199705,8547,2474418
199703,74150,2114526
199711,194198,2523647
199705,13593,2330694
199710,172024,2420012
199709,13382,3011758
199703,174012,2280621
199706,93638,3410106
199701,184372,3014685
199710,146836,3914403
199706,116105,2710819
199702,15646,3776045
199704,144908,4546351
199710,46572,2529937
199712,132294,2989457
199706,120684,4326477
199709,173076,2868078
199712,166837,3508758
199702,134672,3882674
199707,100073,2171893
199707,11018,2252849
199705,123032,1899054
199708,34889,3292103
199705,39700,4205830
199701,164864,4773928
199707,194943,5337364
199712,16788,3077127
199712,102255,2217789
199708,56762,2921892
199712,4056,2296439
199704,122720,2885944
199712,147180,2618802
199701,142805,3194846
199701,106882,4397312
199701,17232,2808718
199707,52983,3449916
199712,41142,2335249
199704,68629,2907668
199702,181083,2764690
199702,169543,3597576
199703,55135,2884483
199702,171890,4845868
199709,123684,3681758
199710,61146,2720242
199712,2503,2744941
199712,116014,2697596
199702,120906,4046490
199701,143758,3783675
199701,152551,3793999
199710,176473,2502394
199710,180753,4224960
199701,77851,3701592
199709,149591,3966946
199711,131034,2057637
199708,40682,4176778
199705,164224,2325237
199709,141497,2630817
199712,94303,2654275
199710,186704,4689843
199710,164264,2151781
199710,57594,3140418
199707,46434,2205927
199704,12842,3955409
199704,66057,2378591
199706,199619,3402847
199702,168924,5219457
199701,15389,3130512
199707,108221,2079840
199709,23521,2552466
199703,138160,2731804
199706,136589,3994050
199701,161597,2867702
199702,110207,2990660
199703,166553,4022962
199709,21870,3368715
199709,152809,4334270
199707,135427,3582929
199701,48938,4513536
199701,68586,3839812
199711,8707,3722572
199704,137491,3163974
199708,193652,2819224
199709,190615,3240659
199701,82938,3321287
199701,174766,4279767
199701,21681,2984190
199711,57227,3133446
199711,157448,3150885
199711,131390,2876893
199707,87819,2887282
199705,56941,4365262
199701,169726,2941389
199707,94229,2966308
199709,197197,3144881
199710,38134,2495918
199707,51622,3625620
199712,16461,2201181
199710,63335,2827762
199703,37559,3029017
199711,145593,3337807
199702,44078,2103420
199702,4786,3682518
199709,170813,4799947
199709,53151,2861956
199705,102145,2312634
199711,12237,2689198
199711,120863,4751094
199709,160366,2682983
199705,102262,2753558
199702,135287,3320245
199705,173594,3451911
199702,167260,2317395
199701,162889,3372848
199712,111179,2142306
199706,134179,2850949
199707,157839,4552392
199709,164874,3489966
199705,89268,2923129
199705,199802,4878117
199704,195828,4617168
199706,178451,3377025
199712,70281,2252304
199703,117490,2721019
199709,24515,2226921
199706,90508,3083913
199702,196245,2188903
199705,120389,3382512
199703,31379,2669223
199703,55747,3361208
199710,39376,3091119
199701,139646,4075877
199709,77521,2454575
199705,48560,2579637
199707,175516,3580897
199711,137710,2988584
199703,134210,3359367
199708,174994,4278671
199706,80426,2151822
199703,17731,3750860
199709,72350,3078430
199702,159001,1929200
199708,39624,3416509
199708,153642,2991108
199711,168329,2280426
199707,53215,2086423
199701,118530,3168292
199709,84052,2051379
199706,68623,3587511
199710,84,2533021
199710,158181,2260264
199710,133691,4190996
199702,28916,4115994
199711,20523,3247920
199712,106654,2794873
199712,119246,2379916
199711,64799,3555800
199707,45827,3127254
199706,78020,2370297
199710,16529,3707758
199705,69257,2394866
199711,181050,1922785
199704,113928,4771297
199703,137869,3859484
199707,73644,3057339
199710,189861,3511548
199707,31735,3526800
199711,187490,3246474
199707,81459,3445556
199703,181426,2912335
199708,26828,3474543
199712,187835,4599409
199707,109709,3636769
199707,193597,4263667
199711,182479,3246296
199710,18736,3463349
199705,192801,3562237
199707,11587,3671521
199707,12999,3372750
199706,179809,4344240
199711,80531,3125844
199705,87432,3101454
199712,79759,2867198
199701,137246,2738434
199709,28699,2666156
199709,191068,1773361
199702,19652,3507922
199709,180398,3252458
199705,86213,2878104
199701,10276,2028521
199705,89797,4073881
199702,89534,3743313
199703,196659,2715990
199707,30962,3975216
199710,184444,3228065
199701,111102,2754922
199708,6007,1734700
199703,175000,1799550
199703,21328,3339432
199711,14156,2461345
199710,18710,3332340
199701,120204,2908699
199703,71292,2018737
199707,137245,2531141
199701,81430,2515168
199701,11155,2744270
199708,134101,2695862
199703,122256,3256981
199703,152529,3795648
199703,46132,1843602
199705,192592,4292335
199708,190366,3107872
199705,90538,3854952
199707,53634,4200868
199705,194173,3162856
199709,146750,3471321
199711,45991,4276873
199711,74031,1571866
199712,191156,2419471
199708,101767,3602964
199701,96626,3894288
199701,124111,2336056
199703,10816,4101173
199702,152847,3495705
199702,97620,3571704
199707,91060,1702717
199706,152361,3587107
199705,6333,2535669
199705,165627,4048747
199706,4155,2516540
199710,174602,2836807
199707,74305,2814460
199712,25691,3327148
199712,59641,3828730
199704,168741,4039339
199712,48373,3353637
199704,68677,4107592
199707,26653,3162459
199710,40406,3130380
199707,191651,2885828
199705,184185,1941845
199712,8220,1972128
199703,163622,3605541
199702,3447,3342339
199703,86086,1994068
199704,12063,1667352
199708,15053,1481116
199704,166548,3527769
199708,109672,4222673
199705,137191,2193547
199708,48287,2156798
199710,195492,2857482
199711,162531,2963965
199711,54934,3570077
199703,69849,2906506
199709,74764,4068698
199712,191080,2869146
199707,100992,4932650
199711,32389,2663902
199706,119713,3583244
199712,111498,2839350
199705,188708,4491750
199704,49260,2670046
199708,185912,4595193
199710,42618,3277281
199701,28242,2457504
199711,68802,3984300
199710,50628,3125667
199708,98300,2140896
199708,86981,4486994
199706,55458,3491221
199703,163444,4070088
199708,75,2193907
199710,82697,3362739
199701,73386,3064042
199702,1087,2086824
199702,123887,4538340
199702,62083,2635691
199702,92207,2018253
199706,166775,3683540
199704,173291,3573075
199702,191856,3245118
199710,72027,2000038
199709,4408,2186458
199702,196102,3052758
199712,42715,3660223
199709,123394,2551302
199704,81281,3339992
199704,33225,1876316
199704,196267,2248015
199701,80674,3112434
199702,115881,3243664
199705,198339,3624946
199702,94495,3145802
199701,140225,2254622
199706,74846,2971610
199709,148381,2791579
199709,154525,3553920
199704,121241,2544675
199704,148190,3109095
199706,247,2202700
199702,114930,4778693
199708,145430,2950860
199701,59953,4575776
199712,24942,3440770
199712,165648,2930324
199711,23712,3045692
199702,151349,3125558
199704,91369,2252756
199706,84242,2096870
199712,3745,3915757
199712,173845,3315755
199710,172830,3116835
199711,1528,3782509
199711,74740,4413740
199710,77489,3064943
199702,155589,3749642
199707,153882,4680957
199702,66710,3578099
199710,15289,1863021
199708,169463,2942323
199705,8685,3770646
199702,109091,2475202
199703,166492,3548681
199708,166949,4390717
199707,108576,3726908
199710,159333,3167550
199708,100468,3766599
199709,192995,5374486
199709,29241,1895788
199703,33681,4359636
199711,68441,3371380
199711,191115,3015275
199701,53090,2327133
199702,106097,2308767
199702,17492,2734410
199708,93853,3398204
199702,25913,4468551
199702,38770,3178312
199709,29109,1932942
199706,41590,3201023
199710,9309,2071110
199704,113929,5036048
199707,182411,2473086
199710,186522,4021300
199710,67488,2995377
199704,21785,3717366
199706,86299,3341754
199712,32161,2705571
199710,61464,2374816
199705,142675,3091806
199705,143978,3566755
199704,32570,2298932
199712,119508,3556020
199705,195897,4262791
199705,17234,1917949
199711,20533,3649813
199707,3277,2963657
199703,41869,3911457
199711,1517,2808649
199707,58842,3668311
199703,100948,4864554
199712,92370,2246548
199711,183315,2656789
199711,72108,2409703
199708,104079,2183469
199711,168999,4756377
199711,45753,2858996
199705,129303,3064290
199709,124145,2630565
199703,30735,3498033
199704,38390,2933085
199712,108979,4067386
199706,163567,2850218
199704,189251,2673798
199704,53292,2247748
199712,49149,2745350
199707,126569,3899548
199706,148368,2719411
199704,173352,2374633
199705,97342,2231340
199712,178240,2039317
199711,92059,2486784
199707,140176,2857999
199712,121695,3124375
199711,155138,3102138
199709,154781,3700932
199707,147283,2298723
199709,60473,2723593
199709,128565,3442089
199706,82390,2807909
199709,15202,1823270
199703,61231,2714707
199711,102136,2663224
199712,41241,2582012
199706,55049,2164710
199707,8297,2832431
199708,196304,2444923
199710,86385,2579565
199706,198373,3774064
199701,79316,2564713
199712,151059,2775125
199708,28463,2379396
199709,164362,2824192
199704,34995,3051314
199704,43273,1970357
199707,62019,1584331
199701,89016,1537665
199703,141989,3627330
199705,107908,4274372
199707,142269,2884772
199703,130104,1793012
199703,133660,4064784
199712,64513,2610760
199702,86485,3825848
199706,13882,2930876
199705,118055,2897235
199711,134432,3372789
199711,113427,2385335
199708,141863,4853583
199701,122118,2257417
199712,112988,3241587
199712,178458,3899510
199701,158410,2898641
199709,85685,4375510
199706,56014,2097161
199712,143430,2603550
199704,87684,3652620
199712,83441,3276212
199707,118785,2913104
199702,181940,3882124
199703,126392,3131805
199703,195099,3011494
199704,146382,2989599
199705,52174,2674653
199703,54249,3008100
199704,194186,2591084
199707,42467,2348160
199708,187731,4234003
199705,7301,3001417
199706,105583,3621962
199706,134294,3055067
199704,22810,2769030
199702,24762,3069903
199706,93845,4964868
199706,67190,3008694
199701,85303,2666781
199707,68329,2440258
199709,179294,2249449
199709,181838,3455694
199701,29227,2543684
199704,119857,4230419
199705,15260,2369324
199703,48729,3784936
199706,113134,1899647
199706,48179,2733387
199712,187165,2506824
199708,24452,2601490
199708,17904,3288529
199703,1828,4238059
199709,170016,1661595
199706,133974,4385406
199704,99357,3350184
199702,12137,1730015
199709,148524,3736307
199709,40590,2445882
199709,32831,3975672
199707,38152,2050572
199706,171269,2774338
199706,87383,2931242
199706,124239,2520143
199712,53989,3957850
199712,180185,2277324
199707,81419,2166434
199701,13726,2731773
199705,195663,4044918
199708,122205,1940203
199712,154317,2742620
199701,3378,3113729
199710,156575,3589454
199710,146040,1717029
199710,92200,2353402
199704,193048,2384773
199708,33857,2983556
199708,156864,4417978
199705,91836,3619103
199701,82586,2399927
199707,135340,2197793
199707,61142,2206280
199704,101272,2249868
199704,133511,2780118
199703,118507,2637589
199710,35951,4245637
199711,70450,3508511
199711,3444,2560136
199708,166047,2355192
199701,130666,2965761
199701,137656,4139280
199709,78117,1768602
199703,120708,3087458
199711,199948,4521851
199708,123416,3244430
199708,116172,2053157
199704,121374,3145163
199702,39068,2637490
199707,144712,3162078
199705,91836,3993808
199703,114658,3532636
199701,169777,4387925
199707,19430,3279114
199710,81138,2471039
199708,90848,2978920
199710,102436,3142969
199708,20462,2654323
199709,187110,3050236
199701,168427,3301887
199706,30321,2883041
199704,172070,2101408
199703,69935,3329817
199709,78411,2587081
199708,132995,4765776
199709,65640,3622323
199709,11313,2791426
199712,167121,2138616
199704,32091,2041064
199703,15555,2488170
199701,61877,3144467
199704,75798,3575960
199711,35360,2383462
199701,3945,4345009
199701,197748,3191284
199702,70047,2245624
199708,169190,2085218
199703,56804,4303395
199710,82024,2458712
199710,147665,2882406
199704,35234,2308060
199711,114397,2540502
199708,20752,2950731
199703,137121,2663676
199708,192626,4021570
199702,23330,2066741
199711,35433,2816228
199701,5308,2162100
199711,68681,3528665
199708,161767,4659680
199704,147124,2410164
199711,97660,3736365
199708,13476,3323612
199711,123979,4759056
199712,144913,4503193
199706,132135,2230385
199702,137330,2362746
199702,101729,4345837
199709,192593,3270044
199701,55755,3737988
199703,39901,3711254
199703,160150,2934613
199703,166069,2288280
199710,25826,3507143
199710,33619,3162666
199703,105789,4409774
199703,182642,3923556
199707,41556,2703077
199708,145254,2858350
199707,109242,2909133
199705,7803,3087994
199703,155696,2888536
199707,23354,2732251
199708,155472,3372653
199709,51523,3981204
199705,195820,3345021
199705,190173,3157925
199706,126759,3614358
199702,151055,2136888
199701,189834,3435960
199702,117867,3121328
199702,62346,2237261
199704,172502,3400920
199709,11343,2089730
199707,182197,3192858
199712,19636,3363272
199705,25724,4124300
199705,152572,2932348
199711,44350,2287116
199701,119096,2709668
199709,28311,2213407
199705,20598,3006808
199705,176847,3978501
199711,143737,4259506
199701,151938,4441523
199701,567,2420006
199707,156463,3215177
199708,130814,3680395
199706,68971,4033197
199708,179856,3561964
199706,46603,3102299
199705,152546,2445766
199708,180336,2475744
199708,74380,2559778
199708,45857,2758360
199711,137717,3590136
199712,112115,2542760
199703,193928,3348299
199711,166473,3006584
199706,105205,2250972
199703,62958,3649805
199710,83155,2663271
199704,198822,4609968
199711,73161,2756008
199711,120017,1829285
199707,31439,3700161
199712,68078,2029375
199712,108392,2772772
199703,104723,4319300
199712,28155,2391595
199711,71914,3439899
199704,175303,2383080
199702,79465,2860030
199708,150907,5022013
199708,95435,3458779
199712,17157,2658521
199707,83121,1987416
199710,143074,1899019
199703,909,4837862
199702,9324,1991811
199707,180593,3387346
199710,36501,3139500
199701,189862,4586871
199701,54829,4109921
199708,147519,2768023
199701,91801,4044556
199701,99028,1663772
199705,6373,2507565
199707,13333,2694565
199707,63034,2492575
199705,23784,3227704
199710,23688,4264505
199712,158296,2444493
199708,82043,1707716
199710,73059,2080612
199704,19369,2156714
199710,58629,3395919
199701,15373,2624409
199702,90475,3446785
199701,136963,3959920
199704,10043,1970886
199710,179901,4118291
199709,29239,2518703
199706,164315,3012413
199712,74216,1881722
199710,106014,2671406
199710,97836,3410923
199707,43137,1827579
199707,83077,1736394
199705,98314,2728292
199711,122300,2591708
199701,120054,1933290
199707,112488,2790892
199701,99988,3327878
199710,94555,3170379
199711,110164,2733444
199702,96714,3079278
199711,31464,3483068
199705,48558,3564497
199704,179100,2594020
199711,80575,2660024
199707,23019,1646633
199711,62803,3019518
199708,15753,4338750
199704,73712,3523133
199705,112112,2974395
199705,48893,4282394
199707,21306,3068250
199711,111086,2606662
199702,125760,4107248
199701,134739,4256952
199701,156798,4707457
199702,7770,4110536
199704,160436,3375946
199708,129280,2584518
199708,177812,4085769
199703,11551,3334614
199710,114583,3954010
199709,96661,3118058
199711,109713,4325724
199703,13363,3190900
199703,11437,2408295
199703,142292,3226313
199711,65510,3504336
199707,44067,2300161
199703,145080,1836130
199705,89578,3801357
199711,118860,4689634
199705,122862,3856423
199709,145827,4449820
199708,2643,4048031
199705,72118,1988360
199705,79063,1896549
199709,100325,2828232
199701,189042,2148976
199704,155721,4797144
199709,199961,4198175
199701,148486,3452580
199711,165863,3628185
199703,188823,3785403
199703,138353,2317989
199701,78781,2850843
199701,70300,3170668
199701,46137,2115352
199703,79765,4475309
199712,55121,2169457
199704,71121,1992026
199712,77828,4680685
199708,152591,3865723
199708,7506,2685650
199710,52201,2652360
199705,165109,2557189
199704,131029,1908036
199706,60754,3564965
199707,138806,3542016
199712,188907,3602599
199710,22264,2277619
199712,116157,2090553
199712,46991,4360477
199704,186515,4003775
199711,75387,3337831
199711,72086,2214561
199707,71202,2806294
199707,117238,2713807
199710,22118,1797310
199710,17406,2861190
199705,89044,2280952
199703,197394,2803813
199710,72433,3069459
199703,143501,3232638
199706,86454,2463169
199704,105842,3995030
199704,179336,2445690
199702,68302,2172213
199712,167991,3559993
199708,25935,3182190
199702,167436,3157203
199701,196671,3181806
199706,103213,2172151
199711,32521,2372144
199702,35009,2242944
199711,176156,2509889
199706,49409,2966745
199706,34387,3496371
199706,131210,2259002
199712,52525,2659536
199705,127820,4249986
199706,110582,3153308
199711,2374,2476157
199703,188029,2955634
199705,50450,2793897
199712,172885,4698912
199703,42472,2993018
199701,199541,2649472
199706,171022,2035203
199708,54479,2780931
199708,44348,3166233
199708,158738,3413787
199710,181959,4130882
199705,126503,2906050
199705,119330,2380218
199709,99720,2785946
199708,66745,2648061
199710,113917,3865681
199709,90708,3227530
199711,187433,2736774
199706,44736,3991733
199709,44749,3150356
199709,151904,3637974
199701,6929,3469888
199703,7399,3072629
199709,142258,2144112
199701,101396,3269892
199712,65678,3780441
199705,196581,4212403
199702,4589,3366529
199703,44415,2968951
199703,185143,2046081
199701,71926,4050161
199712,143969,4579484
199702,44225,2887973
199703,67781,2675633
199710,177906,3874556
199703,82425,3293362
199706,114070,2710175
199702,128783,3163367
199710,99503,3633045
199712,124467,2657781
199712,113498,3514214
199701,34035,2139618
199710,52004,1778160
199701,95156,1968466
199703,35289,2468148
199702,43812,4199897
199704,180596,4191475
199705,140930,4533139
199710,196834,4796181
199711,4972,4273860
199711,54396,3195022
199711,131206,2531311
199709,32295,2739311
199712,159502,3597696
199703,98541,3006721
199709,31524,3384084
199711,90662,3728400
199709,33522,2750932
199701,178382,2774722
199705,179218,2161151
199709,89071,1913426
199706,96687,3039042
199701,97132,2409563
199701,70563,3680544
199710,197050,2477628
199706,78949,3479931
199705,156227,3102825
199708,47696,4109225
199705,127645,2616008
199706,69225,1956132
199712,64785,2915133
199711,88960,3402884
199704,22764,3763161
199712,87420,2320835
199711,35234,2469413
199703,67356,3109872
199708,83940,3797857
199703,150763,3990272
199707,45690,3271380
199703,887,3218184
199703,128236,2149191
199712,155640,4532445
199711,47404,2205484
199702,161552,3388455
199703,59390,2917381
199705,46436,2889278
199705,197949,3500267
199705,112899,4772077
199709,136033,1828041
199706,101175,2709895
199706,31950,3891872
199712,170170,2564671
199701,22903,4294516
199705,72993,3623319
199704,85192,2942975
199708,89189,2798177
199710,82682,4090118
199710,17987,4667201
199710,23190,1903554
199709,6103,2466240
199711,29033,1520969
199703,173293,2336355
199709,151541,2517805
199711,161137,2365108
199708,166940,3732908
199706,63507,2676310
199709,94414,2563306
199710,103192,2151342
199701,18564,3595208
199703,25334,3274258
199703,179456,3531535
199710,104641,3475591
199701,116476,3581928
199702,138542,2552572
199709,25467,2381106
199712,25059,1682725
199703,21250,2023920
199712,139498,4151223
199703,70716,3673654
199703,112815,4295353
199705,144970,4400694
199708,170184,2829430
199702,77928,3440185
199705,162864,3121513
199705,54108,2029673
199706,159321,3047746
199712,179092,2213360
199712,133437,2793817
199705,115403,2560212
199705,95150,2748360
199707,2074,2061459
199707,32898,3374330
199702,88224,2734768
199702,168750,3628406
199710,147290,2464625
199703,194473,2623944
199707,112102,2737343
199706,103890,4592683
199702,109665,3858416
199703,103365,2266004
199708,91306,3187466
199711,16553,3379965
199705,40824,4359105
199712,64886,4379182
199702,152072,2045807
199702,58667,3026978
199708,190071,2350005
199708,11224,2642792
199705,199900,3759812
199707,120874,3410766
199702,17202,2238400
199711,33102,2627083
199711,30604,3173552
199704,41719,3022492
199703,53692,3258466
199708,7331,3009141
199706,184019,2256758
199702,94511,3836039
199706,40334,2523173
199706,169308,3384026
199712,127492,2479807
199703,391,3486753
199712,126624,3682533
199703,144275,2279698
199702,169354,3766184
199709,195775,3741540
199709,129439,3207051
199710,33410,2955502
199706,103969,3561192
199704,79707,2724020
199712,69714,2661945
199707,6657,3752760
199707,179634,4455438
199701,128522,2651389
199705,159150,1980587
199703,106687,2804734
199711,144453,2816703
199703,152903,3203764
199711,138680,4269201
199710,190920,4025861
199707,11495,3308064
199708,111553,3097809
199706,159774,4624767
199709,140637,2929141
199709,15202,2492473
199703,94215,2321683
199712,78170,2755608
199702,11443,2928299
199709,32202,1878235
199709,27460,2838743
199702,153616,3305827
199712,57597,2860445
199705,32608,3364670
199705,145508,2508902
199705,51611,3117406
199705,153745,4451881
199703,60182,2732094
199712,152049,2510371
199710,37489,3708848
199704,73018,1935442
199701,75416,3072233
199707,140418,2362624
199707,68800,4245120
199706,162506,3955757
199705,58736,4236825
199705,137446,3309554
199702,186119,2982647
199708,110934,3185795
199703,119947,4917350
199712,145930,3325490
199708,52710,3127557
199702,93422,2774223
199708,66270,2907707
199707,5986,4955095
199707,53543,3798218
199701,101385,2989035
199702,183578,3436126
199701,71554,2840574
199707,9814,3366600
199710,43375,3037524
199706,4185,2668491
199702,30519,3133840
199702,132545,4131577
199709,74760,2654182
199709,37082,2062617
199707,18851,4509577
199707,26926,4902826
199704,76465,3459504
199702,26561,2766861
199707,152495,3802182
199702,54667,4378482
199705,26397,3303181
199709,172107,2928884
199701,56173,2168006
199706,90283,2549106
199706,182563,4176431
199712,29639,3764712
199711,74783,3712431
199711,68994,4569840
199704,114727,2901705
199710,136995,3143488
199710,28649,3081130
199710,102552,2563452
199709,33460,2647574
199701,49418,2494155
199701,198776,4707547
199701,5237,2600857
199709,62474,3309626
199710,84220,2686614
199709,60293,2052889
199701,30857,3529215
199702,55205,2181176
199710,152502,3248905
199703,40458,2701805
199705,115077,1808467
199702,67107,2604692
199711,178560,2701985
199705,42226,2579429
199710,126168,2600880
199708,76560,2507665
199707,150322,2607408
199702,155967,4466695
199709,153534,3849760
199706,51242,2280281
199704,113695,3265306
199703,120119,2506042
199704,22863,3614580
199704,157082,3014005
199706,173843,4408732
199706,40642,3974009
199706,24877,3001915
199705,110349,3194449
199707,56724,3670692
199710,23915,3354171
199705,194892,3433345
199711,135893,3510579
199711,140077,1728107
199708,100413,2186545
199712,88133,2085301
199707,58106,2394225
199712,115897,4545026
199712,62463,2708374
199704,187347,3514133
199709,133450,2937231
199710,169671,2663225
199709,174068,1952922
199709,171011,2623874
199712,175919,4588293
199708,44064,2095756
199706,67860,2827699
199709,198440,3046111
199706,106487,3073581
199702,42378,3105510
199702,173936,3666112
199710,86057,2503320
199710,25096,2476143
199704,54406,2243299
199710,17803,3007958
199712,23447,3478176
199703,69086,2215668
199701,99482,2586664
199709,179614,4161199
199703,33254,2507472
199704,46296,3074667
199701,189443,3169085
199712,85166,2199866
199709,19905,4533051
199709,100167,2230442
199709,182481,2822081
199711,160115,2540587
199712,72497,3650213
199703,109770,3806928
199711,120165,2480539
199707,74758,4210582
199706,196845,4543905
199712,195131,2021888
199702,83998,3765781
199703,58077,2086701
199704,19686,3693064
199703,71297,2100288
199710,166826,4855083
199712,70585,2719153
199710,15977,4651027
199712,112681,4435747
199705,132247,2087719
199706,146414,3157406
199701,32920,4539654
199712,170545,4187479
199705,63730,3895579
199705,149490,2577106
199711,152032,1912228
199707,17300,3101680
199707,148362,3731812
199702,199104,2461542
199702,65283,1909868
199701,183695,3795724
199709,13061,1922794
199712,139324,2257657
199711,26731,3431501
199710,137500,2892037
199708,107326,3383966
199707,112875,4944331
199707,53567,2481553
199701,40508,3059232
199705,39057,1792890
199708,115479,2555543
199708,28399,2345498
199704,78322,2396489
199712,178536,3445407
199712,48991,4267978
199707,71421,2272429
199705,120964,4519753
199712,45578,3921669
199706,141847,4485995
199706,47074,1929822
199712,36029,2291922
199705,162678,3108836
199705,167068,2091915
199704,146113,2612633
199701,164852,4462426
199707,133582,4274824
199712,141280,2284493
199712,8497,3035858
199708,65629,3410892
199708,118081,1942074
199708,103824,4167429
199708,146196,3253295
199708,95533,3026489
199708,14436,2888569
199706,141099,2667810
199706,36347,2171411
199712,55753,3480723
199712,36081,2036194
199707,78825,4065810
199701,6614,3716370
199707,164638,3408665
199701,127905,4134473
199707,197756,3792772
199703,61826,3604245
199701,37058,1930397
199708,16260,3027693
199711,43102,1806977
199711,146445,3132024
199712,69236,2651506
199711,147770,3635540
199703,109705,3943810
199706,192114,3135886
199709,103538,3870781
199709,114918,4499814
199701,89517,3257074
199702,12470,2600426
199702,25881,4829790
199708,28908,4775940
199702,40227,2822337
199701,65193,2663837
199710,123936,3919860
199705,114312,2387358
199712,105484,3686463
199707,48286,2468560
199703,93632,3153722
199709,150773,3791617
199709,14884,3664318
199701,170762,3022221
199711,167604,2798258
199705,99429,3153951
199701,117304,2283206
199702,166151,2409957
199702,165240,2401641
199706,22420,2470052
199711,21558,3715150
199712,164194,2031976
199711,194036,2542567
199711,152260,2343696
199701,26283,2751112
199701,27239,2057229
199706,121535,3113060
199702,2366,2771366
199710,64410,2449198
199710,119357,3381691
199705,56171,2930642
199710,44057,2164270
199703,152906,4760127
199708,13215,2482062
199707,35673,4299974
199701,77031,2201537
199710,21220,2124951
199707,157015,2366998
199712,60929,3401856
199709,40831,4284284
199708,47114,1785848
199705,126956,3319458
199703,72077,1853706
199703,30326,2093029
199708,150127,2274195
199704,78823,2879308
199708,56933,3197761
199704,137893,3151212
199712,183670,3296899
199703,81261,3287019
199703,151578,3250992
199712,34987,4897205
199712,13041,1993943
199704,16812,3319315
199703,148268,2625938
199712,24672,4267898
199706,199277,2669963
199707,45644,3619610
199704,75568,2583919
199708,161898,4993799
199711,37785,3524807
199707,175145,2293863
199709,118036,2403188
199707,51638,3252382
199704,77561,2835566
199709,137481,4017898
199704,111948,3704286
199704,84953,4988283
199705,158408,3666000
199703,77574,3607400
199711,140870,4127479
199709,104591,3752827
199707,60537,2393052
199707,44366,2751756
199704,60688,3956832
199707,55715,2706550
199706,153274,2294849
199708,92817,3901950
199704,24666,2634132
199711,122654,4164798
199711,175865,2969515
199701,128484,3412154
199703,66710,4107939
199703,103389,3421077
199712,47799,3982681
199709,50069,1968823
199709,99968,3144800
199709,80093,1751282
199706,174694,4023769
199706,167655,3341941
199704,40858,3702033
199704,97686,2633275
199711,178142,2496406
199709,148796,3468205
199702,27037,2410075
199710,85715,3166722
199711,24461,3025844
199711,87866,3170100
199706,52530,3372755
199703,28481,2593443
199708,72572,3614293
199703,49766,4104097
199705,77554,3167245
199705,41611,3834946
199705,124680,2853634
199705,26117,2534757
199711,72748,4645998
199711,48764,3254244
199701,147580,3315380
199701,124174,2016520
199704,4084,1956398
199707,69692,3780344
199707,154931,4517990
199706,22658,3234009
199706,11981,3066627
199706,107357,2881507
199707,35528,3442199
199705,177722,3419468
199705,128210,2352599
199702,122849,3668806
199705,77347,2312297
199701,166156,1911442
199703,139580,2623719
199705,85635,3652900
199711,124872,4685268
199712,13605,2870154
199712,162317,2973792
199705,57966,4602112
199710,163170,2604455
199701,29724,4127685
199703,91440,2344698
199704,4161,2556384
199707,14155,2434454
199705,40130,2118857
199706,156195,2117013
199707,135696,3428746
199707,111380,2907984
199712,89975,4574450
199712,10477,2996935
199702,121597,4151683
199706,37630,4232601
199703,89824,4480135
199709,46554,2321350
199703,49628,4003999
199702,162530,3121358
199702,77247,2815752
199709,160984,5104270
199705,33655,3018435
199706,31441,2795660
199701,68122,2534529
199703,153184,3306982
199708,135116,2679784
199704,182174,2773623
199705,170377,2288291
199711,25358,3336710
199704,20485,3453264
199709,57062,1915832
199701,1686,3691356
199702,40326,2563031
199710,73368,2655892
199710,106117,1813822
199704,55955,4869100
199704,32188,2305330
199706,106811,4466359
199708,134961,3678554
199704,100670,2826773
199706,75097,2293200
199706,6433,3399473
199703,50161,2170095
199702,179548,3508976
199705,106607,2759256
199707,24888,4396234
199708,134320,3309958
199707,141485,2439315
199710,165047,2455384
199705,135546,4227456
199702,123833,4055316
199702,3421,2503153
199701,90422,3053652
199710,100108,1974634
199708,3320,2491902
199705,113681,4151966
199711,181707,4069292
199704,163658,4002836
199703,45343,2370545
199705,1250,2187375
199704,17280,2672328
199707,60752,3584785
199701,62550,2586460
199709,148429,3533988
199709,171788,3935294
199701,67292,2176053
199708,99849,4037866
199708,56418,3161143
199703,92807,3628396
199704,15549,3514896
199702,90833,3038500
199711,121493,2617038
199702,156665,4261108
199702,150590,2705332
199710,22786,3608943
199706,54248,1859865
199707,39209,2836054
199711,167040,2630327
199710,19141,2604763
199710,12579,3543970
199711,90194,2321012
199708,178068,1870369
199706,165963,4329800
199708,93283,2136492
199705,109435,2406420
199708,155490,3199164
199708,124628,2982979
199703,91163,2631484
199706,16718,2795354
199711,194936,3820179
199704,37315,2822706
199711,194319,3637859
199705,1607,3687018
199709,189693,4189321
199702,73168,2300578
199702,178706,4385007
199704,93202,2471673
199705,10024,2174398
199705,107802,4213214
199708,128856,3980803
199706,130181,2398136
199705,141246,3058482
199705,135032,1632555
199708,2301,2940865
199704,196776,4449701
199702,22639,4060238
199707,147492,3082058
199707,109996,3697039
199710,184243,2442121
199702,28369,2724456
199704,7440,2483331
199710,86368,2865825
199710,49055,2439841
199710,168398,2492863
199708,103091,2598463
199709,106694,4209207
199705,62152,2751950
199712,34919,4542079
199704,52078,1628540
199708,85722,3975572
199710,161259,3295344
199701,190914,3067512
199708,9020,2367142
199701,40686,3347707
199709,47383,2793798
199709,183138,2246879
199705,91249,1981903
199704,47866,3809106
199705,101087,1812741
199710,91037,1607838
199707,2956,3591491
199704,9229,2408473
199707,70529,3625839
199707,126692,4379222
199701,79124,2329789
199707,81653,4369419
199705,175827,3116819
199710,186196,2450265
199710,66192,2446097
199712,161057,2183551
199712,139509,3484125
199711,184911,4989775
199703,150023,2124579
199704,133971,4962300
199706,184205,2965160
199704,194390,2565025
199707,158439,2785219
199703,73562,3355198
199710,25623,3219580
199702,132520,2515082
199706,31750,2966607
199709,113007,1716660
199710,172302,3430252
199709,21408,2345061
199709,58126,2705963
199709,4283,2350814
199711,87355,3315604
199703,74105,2130143
199703,107802,3257640
199711,21287,2667882
199705,98111,2695137
199710,62074,2411970
199710,47644,2933392
199712,57960,3839755
199701,163056,2497719
199704,3194,1876194
199712,137896,3167711
199707,33799,3706437
199709,199221,2884680
199705,7106,2167020
199711,74712,4210028
199706,144091,2070404
199704,140063,2978262
199707,119221,2053804
199702,166290,3057077
199703,143825,3049914
199711,64677,3624807
199703,126340,2541392
199711,58638,2942589
199710,175872,4581390
199710,59747,3891367
199703,137290,2395758
199702,187254,3621375
199702,180101,2687002
199712,139741,2966712
199712,10986,4507224
199705,141560,2681011
199704,129033,1957321
199708,178167,3160216
199707,21336,2587585
199707,161221,2654195
199711,65501,2925667
199703,112697,3610865
199711,126259,2956075
199712,136573,3293180
199703,184515,4189116
199711,55365,2329115
199706,79737,4151053
199705,181912,3668794
199702,82708,3337441
199702,164253,3062606
199711,199929,3173230
199709,130091,2475366
199702,67089,2737359
199707,188523,4064253
199706,155586,4103950
199707,105306,3434294
199707,38319,2104736
199702,79949,3767219
199702,100998,4001977
199702,67691,3624237
199712,146861,3365465
199704,131202,2054511
199701,146034,2723835
199710,98385,3147189
199706,193332,2822153
199712,8284,2712437
199704,78068,1732275
199712,82622,2455068
199701,31145,2475122
199705,88966,5014472
199703,139785,3397740
199712,90583,3886742
199703,128834,4517362
199701,108837,3617826
199708,172950,5461965
199708,159926,3467416
199712,158827,3683006
199710,127440,2896726
199709,79981,3725862
199701,130730,4005660
199711,94158,1990915
199701,41804,3571906
199701,196581,3588343
199701,125314,2117449
199707,29050,2405525
199712,22881,3571682
199707,122472,2959050
199708,167966,3587905
199711,139100,2410335
199712,86570,4006611
199712,179950,4342063
199702,93801,4386491
199701,58875,2970869
199709,3572,3491198
199711,63964,4812188
199711,199048,2863011
199706,154030,2341504
199708,129296,2442509
199703,14631,2936697
199703,13581,2421219
199705,123725,3287593
199705,98920,3099055
199712,127901,3645621
199706,143973,3267491
199708,111507,3671733
199712,15380,2331684
199704,122362,2984680
199712,123274,3305443
199711,193221,2472047
199706,34764,3949617
199702,77620,3198435
199702,117836,4627159
199705,187428,2792919
199701,159635,3429931
199704,196686,4716971
199704,84120,2861879
199704,96942,4763975
199704,121180,3029375
199702,9897,3756524
199705,42938,4450280
199705,53446,3257896
199708,34759,3048750
199708,57881,3284239
199712,112253,2505195
199705,160628,3767311
199711,128262,2090221
199706,102904,4481215
199710,156393,2982844
199709,153823,4763369
199705,75682,3428082
199711,98702,3367386
199707,60631,3151427
199707,91774,3817594
199703,164851,3310588
199703,34207,2441026
199712,145796,4155078
199710,179761,4307378
199710,33591,3366294
199706,181211,3244739
199709,120072,1670867
199701,72584,2521659
199703,160703,2998290
199701,151093,2265298
199708,81421,2372894
199703,131064,1861602
199703,145262,2458956
199707,310,3039088
199708,127505,3310200
199709,30824,2874395
199705,188774,3008373
199706,98676,2562245
199709,141247,2664080
199704,49385,2433909
199705,153628,3131176
199705,17907,3189925
199704,13002,2421090
199701,107020,2490523
199711,51973,3799890
199705,169667,4081151
199701,89239,3316221
199701,122896,3281301
199705,185579,2909668
199712,83579,2496986
199706,67500,3228500
199702,68942,3086168
199708,51218,2258913
199701,155943,4505610
199712,32433,3539194
199712,169981,4241426
199705,32843,2958549
199711,118660,4196650
199711,39889,3291984
199705,20943,3187337
199707,181364,2608874
199707,146956,4053970
199711,87502,2710890
199704,28926,3105136
199704,151054,2414534
199708,7117,2000086
199704,8542,3167979
199702,101368,2703116
199703,23878,4263224
199705,144182,2643644
199709,19784,3036135
199708,183889,4438980
199708,39369,2888858
199704,53824,4576108
199711,99577,3211473
199711,145791,4441358
199704,94293,3128114
199701,52591,3144292
199703,76307,2125144
199711,62757,3095550
199711,42316,2989744
199711,79631,2907187
199708,193598,4046283
199705,164516,2987163
199707,34935,3231239
199704,30383,2482288
199711,138045,2183408
199711,115838,2930905
199704,144097,2053962
199701,151529,2852838
199703,149546,3484659
199701,95951,3777083
199704,181261,2213386
199707,168193,3371160
199705,53084,2099049
199711,44312,2743781
199711,172819,3055273
199707,117236,2737054
199703,113759,4387556
199707,3985,3864853
199709,133725,2959925
199709,101463,2698999
199708,75157,2291471
199711,142543,2625654
199706,121051,2759456
199708,51028,2132305
199711,96791,4469475
199706,29943,4049296
199710,55664,2725887
199710,135935,3482633
199711,166553,2856886
199708,30707,3209892
199706,3476,2979655
199701,8627,3040527
199701,43265,2344024
199706,17983,4516728
199711,12563,3665291
199710,127998,4169487
199705,44176,2688408
199712,180779,3427556
199702,8524,2501179
199703,17755,2673054
199705,71590,2670318
199711,163466,3517758
199709,146832,3319892
199709,3959,3599219
199701,33614,3417122
199708,116125,3050213
199705,92151,2400615
199703,28016,2076822
199702,177567,3828535
199711,115846,3597074
199709,6406,2196957
199704,21699,2863759
199711,20581,2297417
199711,28309,3140267
199703,2534,2700676
199703,167669,3634829
199707,196488,3422476
199712,10094,1536257
199703,154711,3939299
199703,10927,3177763
199705,172081,1783814
199709,36866,4197058
199701,13723,3437112
199706,128693,4509106
199706,3016,1920730
199706,14758,4516425
199708,64183,2473320
199710,4280,2478698
199711,81769,3986480
199711,123415,2718594
199708,176511,2671779
199704,63576,3948997
199701,133889,4828351
199708,88049,2588451
199703,2066,1761869
199707,145832,2936926
199703,16193,2220598
199708,135560,4148456
199707,44292,2158562
199707,20555,2921589
199711,747,3562413
199712,182729,2987526
199702,176655,3272818
199711,175696,4074887
199709,161097,2950813
199708,153653,3512285
199703,129409,2617888
199707,104668,3019151
199708,152514,2450021
199709,162174,2024846
199705,123600,4010292
199707,76627,2589846
199707,69348,3485681
199711,7511,2668217
199710,10113,1749518
199706,110141,2320698
199710,36901,3804453
199706,158151,2154705
199701,164637,4026056
199712,135665,2938740
199704,88775,3703917
199705,89891,3724162
199707,97967,4291472
199706,183452,3646693
199705,176773,3366581
199705,33439,3030325
199703,136715,3421089
199707,182671,3742331
199711,54676,3872841
199701,146625,3530461
199703,5183,2302588
199701,41251,2060208
199704,4029,1561875
199707,107983,4587217
199703,11933,2916834
199705,190313,2323881
199708,12415,2211465
199711,116743,3243200
199704,84042,2336293
199712,35193,1860385
199701,191486,3732317
199704,66157,2531580
199711,15723,4055832
199703,57836,2988520
199710,156751,3778197
199712,194046,2257279
199705,104507,2441072
199703,127921,4872300
199707,29658,3943722
199703,31046,2010748
199701,91089,2511186
199701,126137,2907825
199701,180924,4196297
199706,50384,2550000
199711,64405,3275604
199709,139743,4476460
199709,140812,3579628
199709,171239,2414753
199705,10951,4111185
199704,172209,2475278
199701,117729,3558068
199712,64554,3671853
199712,156083,2591407
199701,191295,2395509
199703,31716,4198365
199711,177667,2889156
199702,65872,4100287
199702,167922,4676312
199706,73154,2231757
199703,49831,3686318
199704,177955,4757103
199704,44289,2042311
199702,126146,2785004
199705,82759,4608670
199710,134963,4795104
199710,150615,3754284
199703,149345,2649246
199701,88487,3688700
199710,84652,3682462
199706,134070,2210348
199710,87835,3827943
199704,23509,2264782
199702,35208,2160648
199707,29182,1940120
199704,1517,2968941
199706,144412,2376861
199712,171591,3351781
199708,15615,2999995
199708,27807,4120150
199705,80114,2188220
199701,170617,3437661
199707,183567,2581475
199712,185140,3043247
199710,65249,2597259
199703,167743,3943791
199703,185551,3078350
199703,48445,2779912
199710,60537,3486249
199712,48602,2963196
199712,49200,2958040
199710,147656,3833212
199709,16685,3043192
199710,118190,2392216
199707,154488,2725562
199703,193387,2694291
199711,13738,3950938
199708,166834,3503229
199711,99272,2892139
199706,31065,1739120
199707,94198,2975706
199707,2151,2628662
199707,97412,2359352
199710,142527,4110572
199705,83892,4761008
199712,135435,3784886
199712,42181,2217157
199705,190167,2640036
199712,65045,1959477
199710,121207,3001720
199712,15022,1939631
199702,37326,2273976
199708,163981,4094049
199708,195892,4580098
199701,58203,2140091
199706,143445,3423412
199705,63965,4999864
199701,102542,2984051
199703,39152,2280503
199701,143467,3927196
199701,29511,3889377
199703,13309,3146200
199708,7774,3790709
199706,91526,2995584
199709,52564,3785333
199704,27830,4174846
199705,59386,2930237
199706,152291,2842401
199705,40573,3341962
199704,142449,3038063
199712,147102,2647526
199711,110607,3125203
199702,144941,3932161
199702,39425,3370117
199703,170175,3261100
199707,160230,2879793
199707,78751,4670325
199708,179169,2995584
199706,76773,3541534
199701,126275,2373516
199708,102305,2976722
199703,16347,2640380
199702,49806,4389500
199708,183152,2322082
199708,183339,2432184
199704,52006,2179450
199701,125493,3213124
199706,42763,3527511
199711,153559,3560510
199704,171259,3112785
199711,49451,3326068
199712,165275,3449854
199710,199836,3136044
199709,90416,3269903
199712,137383,2482824
199710,172668,4010480
199712,12046,1911289
199705,28368,3111264
199704,153989,4404664
199712,106665,3264751
199712,136388,2649346
199703,70808,4802760
199710,24963,3775920
199710,187827,4878961
199706,11726,2589235
199710,38879,4181101
199705,165320,2260842
199704,165420,3602143
199701,180894,4937225
199710,175654,3978195
199710,89879,3947053
199703,168590,3239226
199702,133275,2090615
199701,170966,4192063
199707,163871,4450201
199712,31699,2905889
199701,75607,3418416
199710,102421,3404820
199705,104331,2617246
199705,49580,4047268
199707,146493,3319140
199704,111870,4234207
199711,125214,3111656
199701,141837,4278095
199704,26448,3229934
199709,151455,2973732
199706,173305,2662875
199704,50615,3846703
199703,96156,1939068
199703,178132,2529171
199712,71606,2981664
199710,62344,3362519
199707,140376,2549466
199711,110715,3889750
199711,117653,3207648
199709,128304,2877768
199709,194944,4550914
199704,97148,2023462
199712,81360,3331938
199712,97854,3911107
199707,182399,2645762
199703,26648,2664290
199711,102846,4710844
199705,4438,2706338
199710,113153,1994116
199710,146981,4623794
199704,59713,4088103
199712,108747,4038202
199710,20619,3434869
199702,180082,2070826
199705,141896,4699383
199710,37829,4070753
199711,6479,3494155
199703,33583,2423494
199707,21593,3672880
199702,150715,2881638
199704,106878,3087417
199712,130569,4075678
199701,55576,3302064
199701,57156,2375462
199707,171351,2837588
199709,64995,4656936
199710,130275,2356012
199701,144816,3907701
199702,44679,3068736
199706,193724,2904716
199711,33327,3080222
199703,21990,4573480
199702,93620,3985641
199712,12151,2296404
199709,179709,3010382
199708,133890,4524989
199706,101387,3332112
199710,56089,2207208
199710,87615,3455227
199710,198344,2726022
199710,135131,1889130
199701,18107,1716017
199704,11956,4942595
199708,31133,2247442
199707,78731,4431620
199704,2765,3187089
199710,62255,1883085
199710,56448,3036399
199707,194303,2710762
199707,16811,4132921
199708,112255,2965365
199706,35184,2014524
199710,81135,1783575
199710,119840,3066876
199710,150862,4179599
199710,39982,4287937
199706,113877,4175040
199711,146605,3451844
199707,101177,2520105
199705,27401,3371479
199701,49626,4169090
199712,91432,2704517
199712,80003,2260900
199703,117166,2983929
199703,6538,3502985
199704,87782,3058179
199711,181001,2488600
199704,137580,3534412
199708,179947,4102526
199701,111836,3400007
199701,56825,3606403
199701,146406,3625190
199709,47808,4108572
199709,89743,2807038
199702,110475,2762974
199708,195333,3535116
199708,19611,2849995
199708,57570,3892248
199704,1109,2183836
199708,91586,3338159
199705,33357,2083915
199704,25930,3715571
199711,120303,2249610
199703,32662,4133358
199703,79875,3598447
199711,127441,3568309
199703,171694,3496066
199702,128404,2423620
199701,176505,3782948
199712,7476,2281342
199710,136722,3681000
199705,52262,2032671
199701,90397,2504238
199709,156535,3666885
199712,180315,3181306
199703,67639,3104009
199709,33057,1746448
199711,69377,2404616
199705,163460,2742228
199709,39638,3483407
199702,120105,2764370
199708,120056,2237107
199706,174661,4545693
199706,116606,3426931
199708,3947,3200275
199711,6537,2468436
199705,155160,2887220
199707,102946,3858901
199706,179268,2786133
199705,169514,3610402
199706,197418,3624860
199706,95771,2853333
199706,12734,2697343
199710,77966,4336974
199710,171851,3980299
199704,26643,3098469
199710,130265,2529642
199707,80053,2401841
199708,116766,4011210
199712,192327,3548300
199705,93778,3348645
199712,30419,2760892
199708,187518,3323405
199708,50145,2444352
199708,189185,3180353
199702,37803,4073472
199709,155895,4217824
199706,80062,1688137
199707,66540,3326440
199705,5608,3746160
199711,132418,3237315
199711,91012,2347043
199709,37795,2963070
199708,128139,2413624
199708,16812,3219044
199711,119424,2889726
199708,166384,2367020
199709,105802,4606274
199703,20768,2870892
199703,38729,4085914
199710,5643,2765871
199711,42021,2214946
199703,194036,2159487
199703,145592,4333063
199701,35489,2512782
199710,56389,2502406
199707,180392,3935698
199705,108777,3357247
199705,135658,4139280
199705,100858,3803207
199702,40651,2992302
199701,115614,4047951
199710,148723,4167085
199704,83353,3307466
199710,10333,3006371
199705,122386,3661788
199710,132593,3862401
199706,105826,4396368
199706,134927,4708608
199706,112288,2958137
199704,108354,2832325
199712,12226,1843916
199707,32899,3306561
199712,142944,4768656
199704,142166,2384907
199706,56922,3382056
199709,79388,2231564
199709,158178,2474812
199704,127457,3488457
199709,10820,2992587
199709,49342,3006239
199712,195844,3707034
199711,69448,3353663
199702,156794,3745998
199702,117236,1960051
199704,104803,3991622
199701,184432,3057122
199702,154944,4497615
199705,184709,4570347
199704,176997,3982060
199703,151438,3678892
199703,96412,2250639
199709,47932,3357554
199708,142023,2449546
199709,100411,2413511
199711,15540,3519495
199701,109794,3499352
199701,24262,2479283
199707,56526,3308984
199704,57981,3684062
199702,111313,3218073
199708,111143,2856496
199707,27601,2782052
199712,193211,3169230
199708,121331,3245592
199703,62451,3185916
199709,102811,3446239
199702,142861,4702534
199708,121228,3123050
199711,63045,1633024
199701,124756,3760944
199704,164050,1968526
199705,120933,3411561
199711,178417,3289902
199701,17330,3031011
199708,147263,2311298
199701,56615,3653993
199709,122118,2622253
199702,90728,3000885
199706,51245,2088635
199703,64514,3406487
199705,170966,4638157
199710,89620,2961700
199711,3572,2921628
199711,197102,2558879
199704,149887,4811209
199701,16196,2455715
199704,47779,3384469
199707,197309,3269647
199705,191134,2278741
199712,42929,3874874
199703,120469,3014667
199707,153688,3601794
