"lo_orderdate","lo_partkey","lo_revenue"
19970628,80345,3149007
19970305,152084,1776829
19970719,94870,3224360
19970125,3191,1811978
19971230,47991,4031160
19970724,100596,3266623
19970313,60210,2896269
19971104,30123,2580144
19970702,35495,3347346
19970329,124891,5017715
19970329,35412,3328102
19971127,179106,2645143
19970626,147991,3874081
19971202,114169,2023203
19971221,98472,3280618
19970613,5685,2895037
19970216,44692,3977156
19970608,119918,3139414
19970609,165607,3177940
19970519,68957,3813381
19970519,14027,2190694
19970403,94198,1995726
19970210,85420,2892354
19970501,12315,2794584
19971212,191848,3264750
19970705,131227,2010635
19970412,15161,1958611
19970126,183323,3417357
19970126,129781,2893626
19970428,37868,3153031
19970714,173936,3658072
19970923,3016,1588049
19970630,191147,2050359
19970402,28982,4120072
19971204,79864,4425264
19971204,5253,2585214
19970122,190862,3515148
19970126,129667,2855478
19971204,58198,2691610
19971204,127163,2599309
19970813,168943,5178733
19970712,151619,4420434
19970904,93140,2165430
19970702,178589,2608095
19970626,62806,2796472
19971130,183615,4328058
19971130,6111,2315959
19970521,120181,2762714
19970213,69009,2273850
19970213,34035,1939998
19970930,31855,2991186
19970930,53935,3162068
19971124,5531,2246732
19970128,30716,3896115
19970629,84365,2512508
19970213,52705,3938695
19970717,104860,3222478
19970808,150026,2065958
19970125,82698,4063908
19970806,86056,1718340
19970927,38167,2181585
19971116,75537,3235301
19970325,105963,4479384
19970725,160654,3864821
19970721,133455,2572041
19970403,77258,2581672
19970221,96411,3686006
19970828,160385,2718759
19971213,186023,2550746
19970316,34503,2594687
19971127,14795,2831412
19971103,67583,3172486
19971123,142229,2616170
19970226,43273,2919048
19970216,76072,2068890
19970827,125912,4028914
19970326,89729,3440877
19970707,76356,3221622
19970115,78116,2113820
19971104,182508,3777437
19970616,145615,3985464
19970716,168851,3574760
19970607,42802,4239864
19970514,64790,4311519
19970106,102133,2240746
19971206,160948,4331274
19970827,164626,3644976
19970721,161302,3644100
19970721,191094,3135748
19970917,46653,3237691
19970513,79711,3347605
19970531,153133,2509851
19970509,24383,2796485
19970429,97353,2203771
19970429,162713,4084133
19970315,171956,3447515
19970515,24053,2020539
19971213,55556,3518888
19970807,188279,3248633
19971205,68122,2589035
19970106,164587,3633476
19970511,121237,2518976
19970322,151812,4383681
19970825,146349,2386031
19970114,167902,3047435
19970503,22506,2687008
19970102,132086,2571584
19971219,24337,2436889
19970813,7473,3540905
19970903,65844,3438696
19970204,21443,2693404
19970318,99523,3602282
19970201,6364,2286648
19970418,47988,4704431
19970422,172263,3071098
19970422,81822,3246876
19970821,40644,3831659
19970616,23429,2986143
19970422,27296,2637413
19970201,192920,5434884
19971014,163428,3504837
19970915,150003,1743768
19971117,159200,2991859
19970728,120937,4886993
19970204,193784,4412783
19970721,25377,2844376
19971117,140380,2505550
19970501,67739,3440767
19970216,134394,3252444
19970601,44784,3537083
19970505,102589,2864844
19970928,27241,1913577
19970704,131824,4175595
19970809,195602,3225440
19970506,142777,3348376
19971010,28662,3306982
19970517,135082,2627372
19970725,54184,2162542
19970307,164212,2671107
19970307,105064,2458838
19970409,36597,4016472
19971213,105271,2297286
19971211,7184,1928115
19970430,127363,2814088
19970704,136122,2692629
19971209,190279,2674184
19970902,34677,3771307
19970115,12429,3138922
19970613,6364,2051631
19970215,18679,3099479
19970427,20313,2836613
19971003,112574,2893903
19970915,23920,3252674
19970406,166232,2173237
19970509,80901,3912470
19971127,54125,2050328
19970508,25547,2948025
19970802,183687,3187224
19970622,85324,2333208
19970311,84677,3630748
19970311,18434,2207165
19971229,59423,3414577
19970224,103594,3674457
19970611,31752,3465157
19970119,16575,2663944
19970306,192370,2886718
19970314,68018,2267823
19970314,184811,4276947
19970108,50996,3364398
19971010,183167,2494069
19971219,170127,2873088
19971101,166795,3219034
19970416,3174,2279291
19970214,181746,3684723
19970822,195515,3333755
19970406,48045,1787472
19970629,125439,3587853
19970225,109703,3702857
19971229,103221,2815706
19970505,116560,3121588
19971118,154721,3036481
19971103,33258,2973360
19970819,169181,2700388
19970809,146629,2677640
19970809,16483,2603032
19971111,90774,3571894
19971111,197166,2789057
19970818,94313,3006813
19970110,195292,2738510
19971227,8128,1697164
19971227,4510,2659278
19970826,11804,3397284
19971015,18539,2827608
19970530,186946,4757079
19971218,92853,4020261
19970223,131129,2668276
19970430,11888,3275781
19970204,179903,3390759
19971015,71694,2661772
19971120,196566,3225366
19971202,197311,2488483
19970805,73144,2986115
19970819,11981,3524728
19970921,44472,2960422
19970508,32970,3796425
19970726,183932,4451173
19971002,183679,3761537
19970531,79883,4979478
19970531,188559,3425256
19970224,131814,3261546
19971205,114718,3773842
19970906,131228,3093903
19970930,25074,2643539
19970327,20495,3092845
19970414,33085,1649289
19970906,53309,3183520
19971229,166979,3731849
19970511,59905,3815585
19970126,117268,3213150
19970524,106689,4056066
19970225,47045,1884876
19970511,124555,2701030
19970511,191468,2962974
19970511,192417,3405228
19970623,2683,3577294
19970617,34872,3577602
19970519,9150,2462523
19970730,29600,3147916
19970827,60182,2775497
19970930,86170,1914617
19970427,92264,2983617
19970610,48893,4501579
19970228,178331,3424671
19970129,113471,2961517
19970501,118924,3654632
19970408,133007,2246400
19970408,78159,1924057
19971118,190794,4161616
19971020,92284,2639347
19970811,66476,2887824
19970811,13000,1789480
19970806,164996,4550665
19970806,76745,2913184
19971010,167195,2665745
19971010,42667,2844269
19970219,3195,2399545
19970623,191949,4988057
19970619,158848,4462005
19970401,169744,4668566
19970331,45063,2346763
19970705,54857,3339239
19970901,151115,2326389
19970216,82135,2709040
19970622,36808,3140640
19970414,80465,3541377
19971221,68987,4600464
19970413,68551,3343010
19970414,78272,2363010
19970414,106128,1831603
19971102,48656,3321625
19970202,183323,3340010
19970428,177617,4026393
19970330,175121,3109912
19970402,31209,2770686
19970608,43850,2805581
19970419,175974,4620632
19970830,34301,2412540
19970829,21994,4782311
19970821,65501,2563442
19970808,120150,2522843
19970503,139178,3122041
19970302,173773,4343603
19970302,105172,2648632
19970409,99114,2749381
19970918,121255,2303631
19970918,106615,2674034
19970120,175838,3697519
19970324,24580,2557786
19971003,17046,1810515
19970524,130919,4350249
19970514,164752,2903166
19970320,52271,2782939
19970116,157339,2764733
19971115,88812,4096842
19971115,59861,4104218
19970624,73315,2906427
19970227,103448,2442773
19970329,66722,3728693
19970914,86233,3061486
19971119,48870,3310343
19971105,128594,2565314
19971114,65628,3518712
19970912,107625,3673395
19970613,77855,4527139
19970902,66548,3622779
19971124,165528,2782285
19970815,154371,3041739
19970713,5369,3180802
19970225,189462,2916744
19970528,109256,2000360
19970201,128436,3267143
19970609,154782,4362352
19970407,79493,2378071
19970328,66807,4079740
19970811,120162,2718968
19971018,157010,2483999
19970509,55664,3538957
19971007,65529,3228163
19970210,10856,4023117
19971231,134835,4618480
19971002,105699,3170723
19970130,161553,3753828
19970121,61920,3289596
19970419,90085,2021150
19970225,41362,3034222
19971016,109177,2206276
19970112,174415,3117335
19970626,70876,3606937
19970626,196244,2830586
19970609,17902,4447835
19970609,107193,2940465
19970925,146589,3562293
19970403,4349,2066757
19970221,45397,2499530
19970623,16104,2493124
19971220,18316,2753745
19970408,40649,3179280
19970215,159347,3234582
19970824,85972,3865032
19970209,137007,2255040
19970412,49058,2492448
19970412,155532,3457640
19970401,120918,4234579
19971024,92046,2169503
19970717,161695,3162042
19970529,72958,5020470
19970118,95375,2868184
19970726,66160,2184750
19970726,3514,2768397
19970603,139014,2316622
19970505,123335,3557466
19971110,75139,1985379
19971110,59206,2190576
19970726,175570,2876456
19971231,115620,2796910
19970907,29807,4361104
19970416,96656,3996107
19970416,9520,3323634
19970429,69267,2447794
19971027,23919,3085031
19970418,166197,2968496
19970303,173472,2760209
19970709,106769,3231883
19970128,58436,3207189
19970523,193784,3211003
19970930,36494,3347346
19971129,136835,3133443
19971129,9472,2624793
19970626,197750,3492247
19971121,36370,2914511
19971121,37570,2835739
19970813,85066,2417438
19970220,195747,3316932
19970328,14919,3205674
19970926,171734,3362269
19970415,198681,3381392
19970524,151662,2884089
19971018,15582,3031101
19970227,122163,2927345
19970227,177369,3401838
19970316,126305,3061990
19971128,14989,4832301
19970303,194530,2963142
19970717,140646,3673501
19970717,33511,2891909
19970104,29826,2907637
19970612,115393,2850581
19970304,111281,2704742
19970418,116015,2371323
19970527,62579,2594462
19970527,160495,2799882
19971003,77306,2463936
19971003,36713,3071760
19970217,161245,3294337
19970518,106081,2554638
19970904,113064,2035643
19970804,79640,3916289
19970521,170292,3400275
19970416,110992,3280897
19970217,174439,3620124
19971201,188144,2710708
19970420,156831,3209311
19970701,54054,1876989
19970523,95937,4724080
19971212,23438,2175565
19971212,86693,4157232
19970102,169642,4575213
19970102,157950,3433594
19970615,77561,3434065
19971018,185839,4475229
19970318,174088,2119633
19970710,17597,2791389
19971214,16968,3918831
19971214,173852,3273945
19970623,138923,5191240
19971112,41745,2609386
19971104,20195,2638539
19971104,22989,3097407
19970426,126375,3670188
19971009,33888,3181002
19970903,4934,3214449
19970708,8316,2618799
19970207,106094,2263985
19971006,125966,3047698
19971006,50801,3195283
19970225,532,3261870
19970402,67469,3447504
19971026,11515,2965714
19970812,74828,3731837
19970920,22095,2170470
19970206,138445,3104839
19970615,73210,2639741
19970215,49579,2846197
19970625,154405,3393105
19970219,157911,4479270
19970325,140136,1839467
19971127,95042,1848005
19970929,190384,3702168
19970407,5636,2411109
19970407,3857,3549873
19970805,176970,5215679
19970805,36044,1693509
19971102,53038,2344776
19970106,40862,3767977
19970701,159202,3371187
19970502,27746,2892222
19970626,94715,3893009
19971016,86449,3136436
19970110,122550,2956394
19970605,194586,2843541
19970922,142663,3766097
19970914,139521,3632890
19970816,187300,3029863
19970715,173791,3837737
19971112,21618,2434123
19971125,190313,3367944
19971001,40455,2324819
19970201,33021,2243855
19970327,56480,3734848
19971219,153390,3500220
19970213,96247,3088208
19970223,77280,3157030
19971014,74954,4947756
19970606,166401,3163714
19970206,198108,2836747
19970930,53122,2815739
19970513,182014,1844584
19970912,172973,3351298
19970827,17263,2578868
19970806,121805,3991558
19971002,26331,2269480
19970610,50305,3044102
19970813,92816,3661031
19970105,3603,3465180
19971013,29453,3583310
19970219,16886,4624387
19970416,82694,3204154
19970709,188586,2927165
19971008,72764,3299844
19970721,64571,3608589
19970307,162994,3217132
19971018,25927,3035082
19970208,181457,2563057
19970621,99062,2294011
19970621,126297,2388538
19970821,189391,3126583
19970219,163800,3977349
19970819,58785,3721226
19970718,42980,3357523
19970912,80892,2865521
19970112,138158,2486795
19971116,86550,2744278
19971104,162610,3512481
19971115,104871,4558364
19970529,95610,3582115
19970511,135879,3347192
19970511,154715,3256266
19970605,139349,3065454
19970120,26635,3560516
19970901,148785,4654133
19970912,127166,2661939
19970608,163343,2923780
19970402,82689,3109324
19971225,176205,2190852
19971203,68438,3063204
19970404,101639,3086025
19971018,27912,4327468
19970209,119240,2990695
19970106,69906,3564210
19971023,195779,5011260
19970916,185977,3645267
19970916,111952,3238553
19970423,110602,3217137
19970924,37464,2929051
19970422,130897,4723330
19970422,60295,3263754
19971031,112610,3271181
19970405,191879,4682787
19970501,165610,3815363
19971123,161923,5252098
19970418,74533,3693448
19970418,154152,2105937
19970925,89793,3726031
19971015,172468,4034464
19971015,97063,2014114
19970202,95311,2704061
19970412,91222,3013638
19970905,140273,3120329
19970316,7429,2381500
19970911,47665,3193066
19970113,58108,1964822
19971027,129328,3224992
19970929,168107,2393678
19971104,74427,2854692
19971226,174679,3588008
19971208,32409,2774015
19971124,192867,4868292
19971204,69449,2995745
19971225,17845,3215420
19970224,55489,2821069
19970114,62100,2602145
19970507,154625,3127452
19970410,192982,3174719
19970506,103792,3965104
19970817,36613,3037235
19970308,15255,3033288
19970331,102014,1849138
19970212,64795,4575454
19970313,51401,3614965
19970909,88095,1749190
19970918,156929,5040264
19970530,121409,2863660
19970530,195386,3168671
19970221,32318,1912974
19970414,63279,2171487
19970508,77675,2826065
19970417,44634,3157260
19971211,92792,3116243
19971207,179489,2980112
19971026,51135,2280873
19970529,159102,2612475
19970917,99726,3261610
19971126,105215,2132927
19970926,35857,4213197
19970729,24220,2290728
19970427,17812,4670487
19970801,19320,2793427
19970613,10789,4079472
19970504,192634,2952537
19970212,48647,3599763
19970103,112589,3997543
19970109,160870,3908080
19970128,44951,3386166
19970725,20687,3183206
19970518,57279,2299462
19970923,143750,3788400
19971021,108774,4813479
19971022,177241,3452470
19970104,57347,3486500
19971125,91680,2756600
19970126,47246,2244484
19971225,17631,4026438
19971002,40461,3352292
19970213,139984,3683643
19970902,127291,3417007
19970520,115043,1925632
19970712,148285,2743890
19971101,174093,2567598
19970531,69386,2590131
19970626,118230,3245398
19971024,72065,1657221
19971111,75579,3539755
19970503,96344,2702125
19971218,34832,3250967
19970627,51412,2317797
19970710,109053,2638132
19970710,51872,3151647
19970322,75133,2473346
19970525,21904,4699866
19970525,162919,4162011
19970219,49532,3774938
19970127,127208,2845900
19970120,186297,2365425
19970624,180209,2463661
19971218,128669,3473412
19970326,188820,3905445
19970410,140551,3186283
19971217,170879,4053779
19971017,143052,1971090
19971114,188208,3066809
19970508,182438,2599935
19970525,192459,2947755
19971021,70993,4713576
19970219,155867,3115033
19971008,67597,3794130
19971126,32448,3111511
19970226,104559,3821316
19971202,43712,2814707
19970104,25890,3965903
19970218,174596,4149745
19970321,8964,3067908
19971202,25156,2335284
19971102,173854,3406510
19970205,6116,1921566
19971017,122068,1905424
19970203,130676,3145392
19970416,47813,4578106
19970416,122873,4550088
19971024,15282,3103349
19970808,86227,2074606
19970910,55474,3716622
19970327,163951,3892883
19970728,116733,3058528
19970201,73511,3242169
19970616,80983,3464460
19970108,132238,2865638
19971218,29287,2324311
19970819,55362,2371248
19970131,189441,2644600
19970907,150757,3398570
19971104,148594,2764478
19970503,58609,2829518
19970831,187868,3324962
19970416,113101,2316213
19971022,69201,1830192
19970525,198544,2749611
19970709,7176,2058023
19971208,153912,4435092
19970927,41091,2064180
19971202,171235,2643809
19971227,3199,2010394
19970221,116263,2632717
19971116,107585,3478194
19970817,28940,3364092
19971112,174758,4622195
19970220,26607,3748118
19970319,125222,2723928
19970827,104014,1696004
19970206,146523,3197112
19970805,132336,2462994
19970115,108645,3968736
19970122,93872,4618028
19971003,56264,2635761
19971225,43429,3122255
19970427,30944,3562386
19970718,55059,1697519
19970922,36337,2870085
19970625,73596,3713649
19970531,5603,3285730
19971002,21500,2319888
19970408,29357,2395183
19970530,21306,2120774
19970124,41850,3956404
19970614,105080,2526066
19970703,150877,4008041
19970722,120310,3065034
19970905,160346,2151700
19970622,103093,2870659
19971031,126854,4282695
19971119,173780,2993854
19970106,130705,2874319
19970119,14245,1982300
19970215,162657,4299125
19970808,29063,1895826
19970103,79737,2966509
19970613,135056,2435223
19970915,150388,2356066
19971008,196640,3792821
19971222,59821,3761091
19970214,144610,3312529
19970827,43991,4963249
19970217,131823,4657453
19970911,137675,3221532
19970224,168907,5014834
19971015,5279,2813825
19970326,178366,3860774
19971010,181910,4099350
19970504,194539,3293196
19970501,150047,2580238
19971011,95091,2001663
19970610,71798,3744875
19971028,130291,2947797
19970513,80555,2948256
19971205,18771,3457269
19970114,127105,2447600
19970503,198505,2725950
19971110,142532,3008926
19971110,187674,4259718
19971108,3528,3149344
19970825,170377,2692108
19970512,150346,3147350
19970222,23536,2685535
19970504,136424,3005544
19971031,54811,3856529
19971009,28987,3531151
19970712,3241,2258729
19971121,18459,2479410
19970301,90816,4114106
19970423,110074,2343759
19970818,149792,3727782
19970406,115898,3938785
19970817,143129,2093406
19970817,164404,3277468
19970115,17065,2123213
19970617,38619,2647937
19971120,156507,3780543
19970509,169895,4067322
19970317,67178,1810513
19970214,81276,2776052
19971018,196779,3969129
19970129,188252,2546475
19970131,11586,2494968
19970215,130731,4214058
19970714,33379,3051260
19971208,167350,3673771
19970308,137208,3193938
19970929,99417,2311581
19970809,114078,2210349
19970122,33430,2356007
19970325,192442,3529212
19970605,54555,3660658
19970605,44319,2652951
19970325,34461,3390967
19970507,72210,1869074
19970602,59223,3012296
19970626,151271,2485867
19970321,19592,3576421
19970321,86368,2803525
19971026,11826,3357468
19970829,97356,2277688
19970805,8828,2893542
19970811,21236,2132774
19971222,26527,3343096
19970721,60883,4698206
19970309,14532,2864129
19970728,3127,2274504
19970710,19757,2764960
19970517,88520,2775676
19970303,28509,3475875
19970205,35059,1699825
19970531,90841,3747944
19970930,153904,4092011
19970713,17194,2613518
19971014,166450,2737192
19971014,122508,3367100
19970614,49843,3876120
19971216,39675,3996308
19970624,147408,3443476
19970104,131630,3190329
19971230,130368,2730997
19970920,95269,2973539
19970416,87098,2126776
19970618,134777,3514833
19970325,189608,3709256
19970325,90346,3307441
19970226,137563,3721302
19971106,136062,2391574
19970221,175501,3729999
19971010,183732,3235630
19970913,28559,2490158
19970913,56414,3563066
19970605,57321,2991268
19970312,149595,3509555
19970516,46713,2793291
19970516,97427,2652270
19970607,47467,2970366
19970913,55661,3867050
19970620,170899,4530747
19970620,93369,2882753
19970130,163040,2208286
19970417,143389,3063860
19970927,43307,1976724
19971002,23258,2315250
19970209,188452,3080900
19970213,63970,3272277
19970213,3744,3391048
19971230,129370,3638362
19970702,23964,3738160
19970702,162080,2230482
19970702,77298,2398820
19970730,95495,2629224
19971211,142759,4144025
19971120,86955,4981101
19971201,174218,2734316
19971229,65482,3295911
19970106,131773,2914703
19970521,18252,2583912
19970306,1219,2576483
19970512,64627,3667092
19970228,198324,2617068
19971005,82563,3709344
19971005,25731,2534796
19970728,94973,4199647
19970313,115358,2749446
19971015,35206,2738880
19971012,152214,2854037
19970405,151976,3344122
19970217,153293,2326389
19970925,158507,2795983
19971218,165220,3296589
19970506,170201,2712740
19970817,159960,4599448
19970713,70951,3103949
19970124,146114,2617208
19970124,121790,4393590
19970109,11576,2628536
19970907,31203,2558755
19970124,91438,2687328
19970813,59162,1917183
19970117,122164,3022335
19970525,125320,3378098
19970422,145948,3337855
19970808,186672,3598238
19970511,132717,2944761
19971127,89790,3888841
19971127,62155,2466667
19970504,104938,4748520
19970225,99477,3007569
19970330,18832,4632696
19970821,51914,3257878
19970102,62959,4547333
19970604,81728,2923621
19971207,189293,3041038
19970322,95173,2525583
19970626,191484,2517617
19970331,176326,2477899
19971226,155477,3754551
19971121,152436,3657072
19970327,77345,2286325
19970107,171644,4215327
19970209,36516,3195522
19970830,11888,3930937
19971231,17408,2361862
19970810,72744,3033479
19970525,1795,3122093
19971229,48511,3257626
19970801,140518,4081737
19970520,5298,2620765
19970520,32802,3740228
19970619,185763,4529462
19970306,193484,2583912
19970801,117674,3933132
19970801,157325,2626408
19970802,145760,4117132
19971208,32101,2405056
19971101,154341,2285566
19970929,157287,2375342
19970331,33291,2181684
19970619,78094,2444365
19970812,127560,2805218
19970322,104210,2032587
19971009,120980,4970434
19970615,38280,1946811
19970308,116222,2117356
19971108,119306,3280117
19970221,145950,3053803
19971031,17988,4208403
19970808,30491,2877095
19970808,175860,3060594
19970316,194681,4602562
19970220,733,2705456
19970226,154052,2818215
19971116,47877,3432580
19970910,47520,3274037
19970501,119916,4694581
19970904,64096,1766109
19970619,2862,4431563
19970115,84691,3921114
19970304,28823,3747142
19971214,15148,1716971
19970615,58997,3778972
19971026,152178,1944898
19971026,51702,2953508
19971026,158852,3651634
19970822,48463,3596400
19971209,186932,4112560
19970218,195463,3545496
19970501,78815,4080917
19970527,61347,3391217
19970214,180634,3127485
19970602,70742,3156579
19970602,159693,2997099
19970902,13352,2852098
19970313,25543,2271831
19971211,117933,3948682
19971022,72353,2743474
19971022,33806,3827560
19970828,196979,3967178
19970815,136920,3874701
19971104,83428,3246266
19970412,38061,2454690
19970412,86301,2471616
19970429,148158,2894760
19970804,183032,2542268
19970906,139210,3085548
19970428,149535,3802872
19970731,177527,3247548
19971010,7817,3566907
19970313,2930,4261562
19970830,52450,2776851
19970828,59801,3178244
19970628,87277,2041796
19970824,167377,2607087
19971112,41424,2609317
19970710,58035,1946338
19970225,58319,2702787
19970419,39125,1700463
19970317,165540,2867494
19970619,53487,2463220
19970629,120100,1875047
19970629,118080,2556330
19970702,25613,3500337
19971119,183755,3420075
19971119,85790,2898089
19970624,74114,2110933
19971211,72477,2452503
19970313,72460,3437904
19970313,192480,2971987
19971211,80066,2071198
19971206,151836,4304252
19970616,69001,2619000
19970616,86840,3156779
19971010,164921,5308364
19970113,1430,2995717
19970904,163606,3763278
19970927,49810,3362996
19970821,169313,2736973
19970714,150460,2413715
19970702,101032,1859454
19970312,27076,1986078
19971227,145942,4132927
19970914,90763,4559776
19971016,97995,4538038
19970807,110937,3895860
19970511,178490,2738583
19970502,30730,2653846
19970719,44086,1895347
19970222,191392,3779677
19970510,25385,2205369
19970313,113151,1959264
19970313,122587,3627993
19970716,138922,3211986
19970713,68637,2729571
19970630,76814,4400020
19971110,75154,2865782
19971110,112906,3281319
19970306,170599,2704735
19970220,77977,4316573
19970723,153638,4266290
19971018,18619,2483240
19970113,112344,2983948
19970315,168558,2516272
19971014,46024,2281487
19971119,84689,4518936
19971119,154389,2208371
19970118,16359,2089023
19970512,138273,2095409
19970512,167425,3432566
19971107,98530,3744898
19971118,99588,3581580
19971228,184966,4973578
19970414,81055,2142551
19971018,34340,2784432
19970515,59124,2016769
19970726,78807,4387710
19970706,19283,2827762
19971019,137020,1968171
19970406,102407,2693363
19970113,122429,3017502
19970704,98384,2797937
19970613,19501,3031347
19970815,22998,3004428
19970505,53280,2723082
19971106,48736,2941538
19971218,66683,3375245
19970316,137107,2872835
19970927,162568,3036102
19970827,127987,3481885
19970827,75322,3082432
19970827,100236,2254883
19970613,149828,3903987
19970613,141474,3087012
19971104,128336,3012440
19971104,47232,2146198
19970203,185487,2778572
19970203,76737,2709407
19971112,85661,2845428
19970418,107081,2772427
19971017,133038,2570472
19970628,115118,1752921
19971114,42773,3531054
19970824,7960,4034793
19970927,34834,4377854
19970927,43187,2461532
19970407,180199,3165995
19970602,168911,5131926
19971210,82897,2876231
19970119,118317,2673290
19970119,97766,3894382
19970323,197198,2331342
19970527,40148,2226334
19970918,147826,4530896
19970301,145090,2312178
19970901,19290,2297651
19970423,34992,3815440
19970111,78816,4135242
19970111,98076,2346842
19970528,70362,2206388
19970503,161670,3863355
19970809,64855,3439516
19970101,175847,3361124
19971123,123119,2655405
19971110,38218,2745998
19970920,86724,3859384
19971220,67288,3185900
19970907,76493,3041844
19970623,149227,2017703
19970412,86777,2968424
19970602,6640,3062347
19970602,184016,2200020
19971231,86622,3440838
19970401,30603,2826424
19970217,81110,2482275
19970217,27560,2842727
19971210,29601,3238749
19970306,87661,4121650
19970215,130672,3202722
19971109,128015,1689676
19970723,106892,3968680
19970617,40244,2449008
19970304,152060,2327541
19970329,136627,4087514
19970421,137747,2955529
19970523,16621,3536526
19970614,56415,3369554
19970520,80512,3841720
19970112,10525,2269557
19971229,111920,4872302
19971024,47142,2429871
19971108,179112,2687144
19970227,136237,2869860
19970514,189593,3129617
19971202,78463,3580586
19971202,163759,3005714
19970523,59996,4506600
19970723,161036,2902741
19970502,189424,3063162
19971118,98323,2525042
19970929,183991,4342954
19971003,107960,3843425
19970222,115265,3195528
19971028,9409,2842470
19970712,193674,3862358
19970622,15595,2950182
19971112,125,2386479
19970920,117558,3478814
19970912,130725,2716098
19970508,86580,3496606
19970917,44082,1709449
19970531,72436,3521075
19971022,33986,3709401
19970305,163168,2315811
19970117,13961,4657400
19970724,2865,4550471
19971018,45229,2231018
19970124,137359,3183678
19970124,188764,3372023
19970124,144443,2797874
19971007,86331,2753219
19970311,180648,3339732
19970530,139968,4202660
19970624,65942,4893866
19970216,85196,2608067
19970911,152786,3011921
19970701,49222,2178469
19971213,191610,3062898
19970127,71880,3888948
19970212,126818,4250442
19970825,35016,2250089
19971001,199327,2628707
19970329,83614,3601012
19970301,91312,2654842
19970601,4161,1821423
19970517,114384,2991134
19970517,11025,1550049
19970525,34498,2476775
19970928,14780,3742074
19971030,65119,2601864
19970601,2110,2327853
19970601,171387,3583239
19970601,89299,2227453
19970428,39299,3095725
19970915,72961,3167826
19970707,91462,3383654
19970321,20441,3104083
19970826,72822,3618357
19971029,16040,2294496
19970429,166219,2290244
19970903,34471,3302854
19970728,147923,3705329
19971116,159242,3180230
19970114,21786,2758064
19970221,61704,3637888
19970613,161962,3460971
19970510,136527,3086388
19971020,44153,2523445
19970819,83174,2494858
19970126,118116,1735188
19970917,112481,2513526
19970917,131410,2450397
19970812,120170,3001608
19970916,92490,2788563
19971128,15830,3854792
19970130,140458,3131760
19971021,81002,1592460
19971123,194753,3994835
19970202,19279,2875848
19970130,82499,3377797
19970707,3475,2514329
19970824,152165,2300432
19970829,6566,3790369
19971226,198379,2285491
19970812,155396,2509453
19970823,131212,2314857
19970906,144526,3943575
19970906,33295,2763652
19971015,140713,3367123
19970218,91142,2152966
19970520,80647,3556393
19971224,125597,3731957
19970714,165163,2947584
19970414,28293,2088405
19970502,126651,3469380
19970117,121210,2038883
19971227,163268,2104722
19970305,9129,2242339
19970305,116157,2275911
19971025,123114,2092282
19971021,94885,4699700
19971228,33868,4194730
19970126,165002,2005960
19970330,180700,2815286
19970929,11131,2181178
19970907,73729,4551370
19971206,199995,4332439
19970305,74223,3081644
19970220,81039,2154303
19970922,22978,4927314
19970502,156922,4798881
19970319,52085,2177868
19971110,155416,3749152
19970828,73842,4296277
19970615,63618,3886015
19970719,81130,2970050
19970726,19314,2460453
19970116,184677,2875045
19970613,92294,2315322
19970117,196141,2876350
19970529,90702,3046860
19970317,168730,4676698
19970317,34634,3195299
19970816,60662,3699664
19970502,81089,1906882
19970109,76200,3175740
19970412,87260,2409706
19971009,109360,2547009
19970407,20455,3068628
19970428,166103,2430558
19970423,163584,3677398
19970824,134137,2158392
19971119,133358,3172278
19970930,101583,3381493
19971117,160946,4154365
19970412,128775,3255804
19970712,107870,4459941
19970712,157517,2960078
19971203,19916,4222593
19970426,188899,4858403
19970619,199263,3303480
19971117,139842,3688406
19970821,186004,2511360
19970514,113953,4602663
19970823,35671,4135568
19970505,3693,3407336
19970518,58272,2220637
19970411,169172,2904337
19970624,56570,2692869
19970319,15936,5000211
19970206,114891,4608442
19971022,24562,2913657
19970806,124594,3127115
19970113,86621,3401723
19970706,145710,3994240
19970526,48529,2666923
19970809,89114,2426842
19970527,104900,4655575
19970208,160602,3782415
19970113,137832,3096438
19970822,35910,4075769
19970926,95314,2828109
19971104,23757,2906016
19970504,176788,3897390
19970927,63849,4046258
19970627,13284,2502315
19970116,162941,3540961
19970114,122078,1943823
19970103,148511,3274971
19970731,169799,3515193
19970416,74911,3173986
19970405,89140,1890180
19970703,75879,4358944
19970731,189586,4433584
19970708,5929,2869814
19970815,78968,3243635
19970309,113026,1895172
19970616,122652,3340926
19970219,121793,4340977
19971204,26073,2247907
19970220,161135,2285804
19971003,152814,4340333
19970223,28545,3739844
19970618,51259,3071614
19970612,64442,2894453
19970330,136255,2379773
19970323,132934,4484600
19970317,91896,2920565
19970829,111197,2783669
19970727,100537,3843825
19970905,173371,2339879
19970905,169250,3430050
19970103,33728,4441777
19971029,78796,2956800
19970825,104372,3530389
19970517,196461,3725444
19970101,151990,4900776
19970828,158106,2985916
19970324,139643,2725876
19970615,75511,3748978
19970208,36957,3791687
19970415,137347,2616402
19970126,108631,4017093
19970316,20895,3243179
19971120,12013,1531816
19970527,91487,3512868
19970215,55004,1872927
19970411,94003,2566278
19971126,65983,3547143
19971028,58056,2028100
19970324,189170,2368498
19970403,75956,3234084
19971221,172041,2025732
19970622,104519,3437038
19970712,9411,3398735
19970117,28594,2685848
19970827,151092,2674830
19971112,160103,2849595
19971121,121912,3446227
19970916,172385,2544585
19970916,62800,4537447
19970319,71003,1683072
19971108,46097,1877562
19971013,144864,4913405
19970111,120532,2949807
19970111,172168,2356304
19970425,100015,2192421
19970517,62204,2149306
19971214,123447,3352603
19970907,8474,2162183
19970816,126250,2572920
19970816,83313,2389099
19970817,48920,4625577
19970120,106256,3029400
19970812,90350,2895156
19970530,47371,2639376
19970910,36375,2895504
19970910,141128,2283291
19970915,192720,3692510
19971003,113281,2024253
19971127,104344,2696680
19970611,11754,2690186
19970101,105177,2106626
19970309,64371,3071351
19971011,77164,2276614
19970325,87548,3461107
19971006,183291,2886009
19971006,193198,2428728
19970621,132418,2984943
19970621,140638,2653914
19970322,191626,3555473
19970910,77493,3639462
19970108,16045,2098911
19970207,12309,2271618
19970813,181655,3299635
19971013,81098,2697725
19970520,120436,2302615
19971119,186795,4198273
19970609,158462,3430157
19971028,180642,3600317
19971026,33676,2993986
19970806,31123,1897416
19970129,75261,2848343
19970405,166276,3060375
19970201,199416,2959595
19970617,65586,3258318
19970211,14090,2147748
19970922,198285,3286673
19970801,151971,4709474
19970801,172032,1992774
19970302,183184,2681352
19970227,84658,2838499
19970227,138182,2989441
19970512,142707,2944745
19971220,97067,2122799
19970902,83624,4166951
19970609,57072,1896576
19971224,91858,3233537
19970121,159977,5389822
19970413,16667,3746939
19970401,163023,2470695
19970805,62521,2670336
19970112,23215,2693004
19970312,41037,2535053
19970312,97475,3713569
19970404,38464,2903092
19970426,37872,4470378
19970104,27392,2699471
19970221,27098,2684710
19970314,89589,3082966
19970531,8547,2474418
19970325,74150,2114526
19971102,194198,2523647
19970516,13593,2330694
19971003,172024,2420012
19970915,13382,3011758
19970321,174012,2280621
19970613,93638,3410106
19970122,184372,3014685
19971013,146836,3914403
19970606,116105,2710819
19970218,15646,3776045
19970410,144908,4546351
19971027,46572,2529937
19971204,132294,2989457
19970622,120684,4326477
19970904,173076,2868078
19971220,166837,3508758
19970224,134672,3882674
19970718,100073,2171893
19970706,11018,2252849
19970531,123032,1899054
19970814,34889,3292103
19970527,39700,4205830
19970107,164864,4773928
19970713,194943,5337364
19971223,16788,3077127
19971223,102255,2217789
19970810,56762,2921892
19971216,4056,2296439
19970421,122720,2885944
19971227,147180,2618802
19970120,142805,3194846
19970120,106882,4397312
19970128,17232,2808718
19970722,52983,3449916
19971201,41142,2335249
19970421,68629,2907668
19970209,181083,2764690
19970209,169543,3597576
19970312,55135,2884483
19970223,171890,4845868
19970928,123684,3681758
19971010,61146,2720242
19971229,2503,2744941
19971203,116014,2697596
19970223,120906,4046490
19970118,143758,3783675
19970118,152551,3793999
19971002,176473,2502394
19971002,180753,4224960
19970116,77851,3701592
19970925,149591,3966946
19971102,131034,2057637
19970822,40682,4176778
19970524,164224,2325237
19970924,141497,2630817
19971220,94303,2654275
19971029,186704,4689843
19971027,164264,2151781
19971027,57594,3140418
19970728,46434,2205927
19970430,12842,3955409
19970430,66057,2378591
19970616,199619,3402847
19970224,168924,5219457
19970107,15389,3130512
19970705,108221,2079840
19970907,23521,2552466
19970320,138160,2731804
19970619,136589,3994050
19970122,161597,2867702
19970209,110207,2990660
19970310,166553,4022962
19970912,21870,3368715
19970912,152809,4334270
19970720,135427,3582929
19970118,48938,4513536
19970118,68586,3839812
19971104,8707,3722572
19970406,137491,3163974
19970805,193652,2819224
19970909,190615,3240659
19970108,82938,3321287
19970120,174766,4279767
19970130,21681,2984190
19971111,57227,3133446
19971130,157448,3150885
19971130,131390,2876893
19970707,87819,2887282
19970516,56941,4365262
19970101,169726,2941389
19970709,94229,2966308
19970927,197197,3144881
19971003,38134,2495918
19970715,51622,3625620
19971206,16461,2201181
19971021,63335,2827762
19970307,37559,3029017
19971118,145593,3337807
19970221,44078,2103420
19970221,4786,3682518
19970916,170813,4799947
19970916,53151,2861956
19970524,102145,2312634
19971121,12237,2689198
19971121,120863,4751094
19970911,160366,2682983
19970530,102262,2753558
19970204,135287,3320245
19970516,173594,3451911
19970210,167260,2317395
19970126,162889,3372848
19971227,111179,2142306
19970607,134179,2850949
19970717,157839,4552392
19970927,164874,3489966
19970519,89268,2923129
19970519,199802,4878117
19970430,195828,4617168
19970604,178451,3377025
19971201,70281,2252304
19970309,117490,2721019
19970905,24515,2226921
19970614,90508,3083913
19970222,196245,2188903
19970512,120389,3382512
19970330,31379,2669223
19970330,55747,3361208
19971029,39376,3091119
19970127,139646,4075877
19970904,77521,2454575
19970505,48560,2579637
19970728,175516,3580897
19971112,137710,2988584
19970321,134210,3359367
19970805,174994,4278671
19970629,80426,2151822
19970301,17731,3750860
19970902,72350,3078430
19970219,159001,1929200
19970801,39624,3416509
19970801,153642,2991108
19971111,168329,2280426
19970719,53215,2086423
19970122,118530,3168292
19970920,84052,2051379
19970630,68623,3587511
19971016,84,2533021
19971011,158181,2260264
19971011,133691,4190996
19970209,28916,4115994
19971109,20523,3247920
19971201,106654,2794873
19971201,119246,2379916
19971129,64799,3555800
19970723,45827,3127254
19970617,78020,2370297
19971026,16529,3707758
19970521,69257,2394866
19971117,181050,1922785
19970410,113928,4771297
19970319,137869,3859484
19970701,73644,3057339
19971012,189861,3511548
19970730,31735,3526800
19971102,187490,3246474
19970722,81459,3445556
19970330,181426,2912335
19970819,26828,3474543
19971209,187835,4599409
19970702,109709,3636769
19970702,193597,4263667
19971115,182479,3246296
19971006,18736,3463349
19970514,192801,3562237
19970719,11587,3671521
19970719,12999,3372750
19970606,179809,4344240
19971111,80531,3125844
19970527,87432,3101454
19971228,79759,2867198
19970121,137246,2738434
19970910,28699,2666156
19970924,191068,1773361
19970225,19652,3507922
19970919,180398,3252458
19970529,86213,2878104
19970103,10276,2028521
19970504,89797,4073881
19970210,89534,3743313
19970305,196659,2715990
19970728,30962,3975216
19971028,184444,3228065
19970128,111102,2754922
19970805,6007,1734700
19970330,175000,1799550
19970330,21328,3339432
19971104,14156,2461345
19971024,18710,3332340
19970125,120204,2908699
19970320,71292,2018737
19970731,137245,2531141
19970131,81430,2515168
19970119,11155,2744270
19970804,134101,2695862
19970328,122256,3256981
19970328,152529,3795648
19970330,46132,1843602
19970514,192592,4292335
19970827,190366,3107872
19970507,90538,3854952
19970703,53634,4200868
19970522,194173,3162856
19970927,146750,3471321
19971129,45991,4276873
19971129,74031,1571866
19971217,191156,2419471
19970820,101767,3602964
19970129,96626,3894288
19970129,124111,2336056
19970304,10816,4101173
19970211,152847,3495705
19970211,97620,3571704
19970708,91060,1702717
19970611,152361,3587107
19970508,6333,2535669
19970523,165627,4048747
19970627,4155,2516540
19971030,174602,2836807
19970730,74305,2814460
19971201,25691,3327148
19971201,59641,3828730
19970405,168741,4039339
19971226,48373,3353637
19970406,68677,4107592
19970707,26653,3162459
19971006,40406,3130380
19970710,191651,2885828
19970518,184185,1941845
19971222,8220,1972128
19970312,163622,3605541
19970225,3447,3342339
19970326,86086,1994068
19970428,12063,1667352
19970811,15053,1481116
19970413,166548,3527769
19970823,109672,4222673
19970507,137191,2193547
19970819,48287,2156798
19971008,195492,2857482
19971111,162531,2963965
19971111,54934,3570077
19970304,69849,2906506
19970930,74764,4068698
19971212,191080,2869146
19970724,100992,4932650
19971124,32389,2663902
19970630,119713,3583244
19971202,111498,2839350
19970530,188708,4491750
19970417,49260,2670046
19970824,185912,4595193
19971005,42618,3277281
19970107,28242,2457504
19971114,68802,3984300
19971031,50628,3125667
19970815,98300,2140896
19970815,86981,4486994
19970605,55458,3491221
19970301,163444,4070088
19970809,75,2193907
19971016,82697,3362739
19970120,73386,3064042
19970206,1087,2086824
19970206,123887,4538340
19970206,62083,2635691
19970211,92207,2018253
19970606,166775,3683540
19970424,173291,3573075
19970228,191856,3245118
19971014,72027,2000038
19970911,4408,2186458
19970210,196102,3052758
19971201,42715,3660223
19970904,123394,2551302
19970430,81281,3339992
19970420,33225,1876316
19970420,196267,2248015
19970115,80674,3112434
19970206,115881,3243664
19970512,198339,3624946
19970208,94495,3145802
19970131,140225,2254622
19970602,74846,2971610
19970926,148381,2791579
19970907,154525,3553920
19970430,121241,2544675
19970405,148190,3109095
19970604,247,2202700
19970213,114930,4778693
19970813,145430,2950860
19970123,59953,4575776
19971225,24942,3440770
19971203,165648,2930324
19971115,23712,3045692
19970216,151349,3125558
19970410,91369,2252756
19970629,84242,2096870
19971204,3745,3915757
19971204,173845,3315755
19971026,172830,3116835
19971105,1528,3782509
19971105,74740,4413740
19971003,77489,3064943
19970222,155589,3749642
19970706,153882,4680957
19970226,66710,3578099
19971003,15289,1863021
19970830,169463,2942323
19970531,8685,3770646
19970212,109091,2475202
19970330,166492,3548681
19970815,166949,4390717
19970702,108576,3726908
19971016,159333,3167550
19970821,100468,3766599
19970922,192995,5374486
19970922,29241,1895788
19970317,33681,4359636
19971120,68441,3371380
19971127,191115,3015275
19970117,53090,2327133
19970215,106097,2308767
19970201,17492,2734410
19970802,93853,3398204
19970227,25913,4468551
19970227,38770,3178312
19970902,29109,1932942
19970603,41590,3201023
19971023,9309,2071110
19970410,113929,5036048
19970728,182411,2473086
19971001,186522,4021300
19971001,67488,2995377
19970424,21785,3717366
19970620,86299,3341754
19971211,32161,2705571
19971022,61464,2374816
19970513,142675,3091806
19970513,143978,3566755
19970402,32570,2298932
19971217,119508,3556020
19970506,195897,4262791
19970524,17234,1917949
19971124,20533,3649813
19970720,3277,2963657
19970317,41869,3911457
19971130,1517,2808649
19970727,58842,3668311
19970313,100948,4864554
19971231,92370,2246548
19971117,183315,2656789
19971113,72108,2409703
19970830,104079,2183469
19971103,168999,4756377
19971109,45753,2858996
19970508,129303,3064290
19970918,124145,2630565
19970326,30735,3498033
19970406,38390,2933085
19971204,108979,4067386
19970619,163567,2850218
19970415,189251,2673798
19970427,53292,2247748
19971210,49149,2745350
19970701,126569,3899548
19970610,148368,2719411
19970426,173352,2374633
19970530,97342,2231340
19971214,178240,2039317
19971114,92059,2486784
19970709,140176,2857999
19971228,121695,3124375
19971112,155138,3102138
19970910,154781,3700932
19970713,147283,2298723
19970912,60473,2723593
19970912,128565,3442089
19970615,82390,2807909
19970925,15202,1823270
19970315,61231,2714707
19971110,102136,2663224
19971215,41241,2582012
19970612,55049,2164710
19970727,8297,2832431
19970822,196304,2444923
19971018,86385,2579565
19970601,198373,3774064
19970131,79316,2564713
19971223,151059,2775125
19970816,28463,2379396
19970915,164362,2824192
19970404,34995,3051314
19970404,43273,1970357
19970726,62019,1584331
19970122,89016,1537665
19970319,141989,3627330
19970529,107908,4274372
19970707,142269,2884772
19970310,130104,1793012
19970302,133660,4064784
19971203,64513,2610760
19970203,86485,3825848
19970609,13882,2930876
19970518,118055,2897235
19971117,134432,3372789
19971117,113427,2385335
19970822,141863,4853583
19970114,122118,2257417
19971205,112988,3241587
19971230,178458,3899510
19970105,158410,2898641
19970926,85685,4375510
19970628,56014,2097161
19971220,143430,2603550
19970410,87684,3652620
19971202,83441,3276212
19970727,118785,2913104
19970226,181940,3882124
19970302,126392,3131805
19970302,195099,3011494
19970409,146382,2989599
19970522,52174,2674653
19970325,54249,3008100
19970414,194186,2591084
19970711,42467,2348160
19970823,187731,4234003
19970531,7301,3001417
19970608,105583,3621962
19970606,134294,3055067
19970406,22810,2769030
19970217,24762,3069903
19970601,93845,4964868
19970601,67190,3008694
19970127,85303,2666781
19970725,68329,2440258
19970922,179294,2249449
19970922,181838,3455694
19970129,29227,2543684
19970418,119857,4230419
19970526,15260,2369324
19970309,48729,3784936
19970628,113134,1899647
19970620,48179,2733387
19971203,187165,2506824
19970803,24452,2601490
19970803,17904,3288529
19970314,1828,4238059
19970902,170016,1661595
19970627,133974,4385406
19970416,99357,3350184
19970208,12137,1730015
19970911,148524,3736307
19970911,40590,2445882
19970913,32831,3975672
19970716,38152,2050572
19970603,171269,2774338
19970603,87383,2931242
19970603,124239,2520143
19971222,53989,3957850
19971222,180185,2277324
19970718,81419,2166434
19970104,13726,2731773
19970517,195663,4044918
19970830,122205,1940203
19971206,154317,2742620
19970126,3378,3113729
19971029,156575,3589454
19971029,146040,1717029
19971029,92200,2353402
19970422,193048,2384773
19970821,33857,2983556
19970821,156864,4417978
19970526,91836,3619103
19970117,82586,2399927
19970711,135340,2197793
19970717,61142,2206280
19970417,101272,2249868
19970417,133511,2780118
19970313,118507,2637589
19971006,35951,4245637
19971111,70450,3508511
19971127,3444,2560136
19970810,166047,2355192
19970129,130666,2965761
19970115,137656,4139280
19970904,78117,1768602
19970326,120708,3087458
19971123,199948,4521851
19970824,123416,3244430
19970817,116172,2053157
19970414,121374,3145163
19970222,39068,2637490
19970703,144712,3162078
19970521,91836,3993808
19970307,114658,3532636
19970112,169777,4387925
19970713,19430,3279114
19971017,81138,2471039
19970802,90848,2978920
19971024,102436,3142969
19970803,20462,2654323
19970926,187110,3050236
19970126,168427,3301887
19970624,30321,2883041
19970426,172070,2101408
19970315,69935,3329817
19970906,78411,2587081
19970823,132995,4765776
19970914,65640,3622323
19970914,11313,2791426
19971223,167121,2138616
19970428,32091,2041064
19970325,15555,2488170
19970111,61877,3144467
19970417,75798,3575960
19971105,35360,2383462
19970126,3945,4345009
19970115,197748,3191284
19970222,70047,2245624
19970821,169190,2085218
19970304,56804,4303395
19971012,82024,2458712
19971012,147665,2882406
19970403,35234,2308060
19971106,114397,2540502
19970802,20752,2950731
19970312,137121,2663676
19970823,192626,4021570
19970213,23330,2066741
19971111,35433,2816228
19970124,5308,2162100
19971118,68681,3528665
19970826,161767,4659680
19970424,147124,2410164
19971101,97660,3736365
19970831,13476,3323612
19971112,123979,4759056
19971202,144913,4503193
19970627,132135,2230385
19970204,137330,2362746
19970204,101729,4345837
19970928,192593,3270044
19970120,55755,3737988
19970306,39901,3711254
19970316,160150,2934613
19970305,166069,2288280
19971004,25826,3507143
19971006,33619,3162666
19970315,105789,4409774
19970329,182642,3923556
19970707,41556,2703077
19970819,145254,2858350
19970723,109242,2909133
19970514,7803,3087994
19970314,155696,2888536
19970717,23354,2732251
19970803,155472,3372653
19970914,51523,3981204
19970527,195820,3345021
19970527,190173,3157925
19970610,126759,3614358
19970210,151055,2136888
19970129,189834,3435960
19970202,117867,3121328
19970202,62346,2237261
19970418,172502,3400920
19970923,11343,2089730
19970730,182197,3192858
19971203,19636,3363272
19970527,25724,4124300
19970504,152572,2932348
19971113,44350,2287116
19970122,119096,2709668
19970930,28311,2213407
19970501,20598,3006808
19970501,176847,3978501
19971109,143737,4259506
19970121,151938,4441523
19970127,567,2420006
19970720,156463,3215177
19970826,130814,3680395
19970612,68971,4033197
19970830,179856,3561964
19970604,46603,3102299
19970504,152546,2445766
19970806,180336,2475744
19970818,74380,2559778
19970816,45857,2758360
19971108,137717,3590136
19971212,112115,2542760
19970321,193928,3348299
19971115,166473,3006584
19970625,105205,2250972
19970303,62958,3649805
19971009,83155,2663271
19970417,198822,4609968
19971112,73161,2756008
19971112,120017,1829285
19970701,31439,3700161
19971218,68078,2029375
19971218,108392,2772772
19970329,104723,4319300
19971213,28155,2391595
19971107,71914,3439899
19970417,175303,2383080
19970209,79465,2860030
19970808,150907,5022013
19970825,95435,3458779
19971225,17157,2658521
19970715,83121,1987416
19971010,143074,1899019
19970329,909,4837862
19970226,9324,1991811
19970714,180593,3387346
19971004,36501,3139500
19970127,189862,4586871
19970127,54829,4109921
19970803,147519,2768023
19970123,91801,4044556
19970123,99028,1663772
19970531,6373,2507565
19970714,13333,2694565
19970714,63034,2492575
19970530,23784,3227704
19971013,23688,4264505
19971227,158296,2444493
19970807,82043,1707716
19971026,73059,2080612
19970403,19369,2156714
19971014,58629,3395919
19970107,15373,2624409
19970208,90475,3446785
19970104,136963,3959920
19970418,10043,1970886
19971016,179901,4118291
19970928,29239,2518703
19970609,164315,3012413
19971205,74216,1881722
19971031,106014,2671406
19971031,97836,3410923
19970705,43137,1827579
19970705,83077,1736394
19970531,98314,2728292
19971124,122300,2591708
19970122,120054,1933290
19970701,112488,2790892
19970131,99988,3327878
19971015,94555,3170379
19971103,110164,2733444
19970218,96714,3079278
19971121,31464,3483068
19970521,48558,3564497
19970407,179100,2594020
19971125,80575,2660024
19970709,23019,1646633
19971129,62803,3019518
19970816,15753,4338750
19970408,73712,3523133
19970504,112112,2974395
19970504,48893,4282394
19970726,21306,3068250
19971123,111086,2606662
19970215,125760,4107248
19970113,134739,4256952
19970113,156798,4707457
19970219,7770,4110536
19970407,160436,3375946
19970819,129280,2584518
19970809,177812,4085769
19970309,11551,3334614
19971007,114583,3954010
19970901,96661,3118058
19971123,109713,4325724
19970312,13363,3190900
19970312,11437,2408295
19970312,142292,3226313
19971104,65510,3504336
19970729,44067,2300161
19970315,145080,1836130
19970529,89578,3801357
19971127,118860,4689634
19970517,122862,3856423
19970915,145827,4449820
19970826,2643,4048031
19970508,72118,1988360
19970508,79063,1896549
19970929,100325,2828232
19970130,189042,2148976
19970410,155721,4797144
19970917,199961,4198175
19970118,148486,3452580
19971102,165863,3628185
19970325,188823,3785403
19970309,138353,2317989
19970121,78781,2850843
19970121,70300,3170668
19970121,46137,2115352
19970324,79765,4475309
19971212,55121,2169457
19970423,71121,1992026
19971226,77828,4680685
19970807,152591,3865723
19970807,7506,2685650
19971029,52201,2652360
19970528,165109,2557189
19970409,131029,1908036
19970622,60754,3564965
19970721,138806,3542016
19971227,188907,3602599
19971030,22264,2277619
19971211,116157,2090553
19971211,46991,4360477
19970402,186515,4003775
19971113,75387,3337831
19971123,72086,2214561
19970716,71202,2806294
19970726,117238,2713807
19971025,22118,1797310
19971025,17406,2861190
19970509,89044,2280952
19970325,197394,2803813
19971013,72433,3069459
19970306,143501,3232638
19970621,86454,2463169
19970425,105842,3995030
19970421,179336,2445690
19970201,68302,2172213
19971229,167991,3559993
19970812,25935,3182190
19970206,167436,3157203
19970104,196671,3181806
19970617,103213,2172151
19971108,32521,2372144
19970212,35009,2242944
19971116,176156,2509889
19970627,49409,2966745
19970627,34387,3496371
19970627,131210,2259002
19971214,52525,2659536
19970506,127820,4249986
19970606,110582,3153308
19971104,2374,2476157
19970302,188029,2955634
19970503,50450,2793897
19971201,172885,4698912
19970311,42472,2993018
19970126,199541,2649472
19970606,171022,2035203
19970801,54479,2780931
19970801,44348,3166233
19970825,158738,3413787
19971018,181959,4130882
19970506,126503,2906050
19970506,119330,2380218
19970902,99720,2785946
19970830,66745,2648061
19971018,113917,3865681
19970915,90708,3227530
19971128,187433,2736774
19970619,44736,3991733
19970907,44749,3150356
19970923,151904,3637974
19970125,6929,3469888
19970318,7399,3072629
19970922,142258,2144112
19970130,101396,3269892
19971204,65678,3780441
19970529,196581,4212403
19970210,4589,3366529
19970313,44415,2968951
19970318,185143,2046081
19970106,71926,4050161
19971222,143969,4579484
19970225,44225,2887973
19970330,67781,2675633
19971015,177906,3874556
19970315,82425,3293362
19970603,114070,2710175
19970227,128783,3163367
19971005,99503,3633045
19971230,124467,2657781
19971206,113498,3514214
19970131,34035,2139618
19971031,52004,1778160
19970114,95156,1968466
19970331,35289,2468148
19970218,43812,4199897
19970424,180596,4191475
19970531,140930,4533139
19971008,196834,4796181
19971128,4972,4273860
19971128,54396,3195022
19971117,131206,2531311
19970904,32295,2739311
19971225,159502,3597696
19970327,98541,3006721
19970907,31524,3384084
19971125,90662,3728400
19970928,33522,2750932
19970129,178382,2774722
19970517,179218,2161151
19970909,89071,1913426
19970625,96687,3039042
19970122,97132,2409563
19970125,70563,3680544
19971016,197050,2477628
19970629,78949,3479931
19970526,156227,3102825
19970819,47696,4109225
19970502,127645,2616008
19970613,69225,1956132
19971216,64785,2915133
19971106,88960,3402884
19970418,22764,3763161
19971202,87420,2320835
19971129,35234,2469413
19970321,67356,3109872
19970804,83940,3797857
19970301,150763,3990272
19970725,45690,3271380
19970331,887,3218184
19970305,128236,2149191
19971203,155640,4532445
19971120,47404,2205484
19970215,161552,3388455
19970309,59390,2917381
19970531,46436,2889278
19970514,197949,3500267
19970514,112899,4772077
19970912,136033,1828041
19970629,101175,2709895
19970606,31950,3891872
19971230,170170,2564671
19970131,22903,4294516
19970512,72993,3623319
19970425,85192,2942975
19970815,89189,2798177
19971003,82682,4090118
19971003,17987,4667201
19971003,23190,1903554
19970923,6103,2466240
19971127,29033,1520969
19970318,173293,2336355
19970907,151541,2517805
19971101,161137,2365108
19970802,166940,3732908
19970624,63507,2676310
19970911,94414,2563306
19971004,103192,2151342
19970102,18564,3595208
19970329,25334,3274258
19970329,179456,3531535
19971029,104641,3475591
19970130,116476,3581928
19970214,138542,2552572
19970901,25467,2381106
19971226,25059,1682725
19970330,21250,2023920
19971225,139498,4151223
19970308,70716,3673654
19970308,112815,4295353
19970507,144970,4400694
19970810,170184,2829430
19970220,77928,3440185
19970511,162864,3121513
19970511,54108,2029673
19970628,159321,3047746
19971223,179092,2213360
19971223,133437,2793817
19970506,115403,2560212
19970519,95150,2748360
19970715,2074,2061459
19970715,32898,3374330
19970220,88224,2734768
19970220,168750,3628406
19971001,147290,2464625
19970305,194473,2623944
19970722,112102,2737343
19970628,103890,4592683
19970217,109665,3858416
19970329,103365,2266004
19970821,91306,3187466
19971130,16553,3379965
19970503,40824,4359105
19971208,64886,4379182
19970216,152072,2045807
19970220,58667,3026978
19970818,190071,2350005
19970802,11224,2642792
19970508,199900,3759812
19970704,120874,3410766
19970222,17202,2238400
19971106,33102,2627083
19971109,30604,3173552
19970415,41719,3022492
19970329,53692,3258466
19970821,7331,3009141
19970606,184019,2256758
19970211,94511,3836039
19970622,40334,2523173
19970622,169308,3384026
19971221,127492,2479807
19970301,391,3486753
19971230,126624,3682533
19970324,144275,2279698
19970218,169354,3766184
19970923,195775,3741540
19970911,129439,3207051
19971006,33410,2955502
19970621,103969,3561192
19970412,79707,2724020
19971220,69714,2661945
19970716,6657,3752760
19970716,179634,4455438
19970103,128522,2651389
19970528,159150,1980587
19970315,106687,2804734
19971108,144453,2816703
19970329,152903,3203764
19971101,138680,4269201
19971021,190920,4025861
19970724,11495,3308064
19970820,111553,3097809
19970604,159774,4624767
19970911,140637,2929141
19970913,15202,2492473
19970304,94215,2321683
19971228,78170,2755608
19970220,11443,2928299
19970912,32202,1878235
19970922,27460,2838743
19970215,153616,3305827
19971208,57597,2860445
19970506,32608,3364670
19970509,145508,2508902
19970509,51611,3117406
19970512,153745,4451881
19970305,60182,2732094
19971216,152049,2510371
19971012,37489,3708848
19970420,73018,1935442
19970123,75416,3072233
19970703,140418,2362624
19970726,68800,4245120
19970623,162506,3955757
19970502,58736,4236825
19970515,137446,3309554
19970207,186119,2982647
19970828,110934,3185795
19970318,119947,4917350
19971225,145930,3325490
19970828,52710,3127557
19970203,93422,2774223
19970815,66270,2907707
19970722,5986,4955095
19970726,53543,3798218
19970119,101385,2989035
19970211,183578,3436126
19970121,71554,2840574
19970708,9814,3366600
19971002,43375,3037524
19970611,4185,2668491
19970206,30519,3133840
19970206,132545,4131577
19970922,74760,2654182
19970921,37082,2062617
19970731,18851,4509577
19970707,26926,4902826
19970413,76465,3459504
19970214,26561,2766861
19970705,152495,3802182
19970216,54667,4378482
19970511,26397,3303181
19970919,172107,2928884
19970128,56173,2168006
19970614,90283,2549106
19970614,182563,4176431
19971219,29639,3764712
19971128,74783,3712431
19971128,68994,4569840
19970419,114727,2901705
19971014,136995,3143488
19971006,28649,3081130
19971006,102552,2563452
19970924,33460,2647574
19970123,49418,2494155
19970123,198776,4707547
19970105,5237,2600857
19970908,62474,3309626
19971007,84220,2686614
19970916,60293,2052889
19970120,30857,3529215
19970217,55205,2181176
19971006,152502,3248905
19970305,40458,2701805
19970512,115077,1808467
19970203,67107,2604692
19971110,178560,2701985
19970508,42226,2579429
19971015,126168,2600880
19970805,76560,2507665
19970701,150322,2607408
19970212,155967,4466695
19970924,153534,3849760
19970622,51242,2280281
19970423,113695,3265306
19970328,120119,2506042
19970416,22863,3614580
19970416,157082,3014005
19970608,173843,4408732
19970608,40642,3974009
19970605,24877,3001915
19970531,110349,3194449
19970704,56724,3670692
19971024,23915,3354171
19970519,194892,3433345
19971118,135893,3510579
19971118,140077,1728107
19970806,100413,2186545
19971213,88133,2085301
19970719,58106,2394225
19971220,115897,4545026
19971204,62463,2708374
19970430,187347,3514133
19970920,133450,2937231
19971022,169671,2663225
19970902,174068,1952922
19970902,171011,2623874
19971230,175919,4588293
19970815,44064,2095756
19970615,67860,2827699
19970925,198440,3046111
19970612,106487,3073581
19970225,42378,3105510
19970206,173936,3666112
19971029,86057,2503320
19971011,25096,2476143
19970425,54406,2243299
19971015,17803,3007958
19971224,23447,3478176
19970318,69086,2215668
19970116,99482,2586664
19970929,179614,4161199
19970304,33254,2507472
19970427,46296,3074667
19970125,189443,3169085
19971208,85166,2199866
19970912,19905,4533051
19970923,100167,2230442
19970913,182481,2822081
19971120,160115,2540587
19971228,72497,3650213
19970329,109770,3806928
19971118,120165,2480539
19970704,74758,4210582
19970628,196845,4543905
19971203,195131,2021888
19970217,83998,3765781
19970311,58077,2086701
19970404,19686,3693064
19970327,71297,2100288
19971010,166826,4855083
19971214,70585,2719153
19971023,15977,4651027
19971206,112681,4435747
19970506,132247,2087719
19970622,146414,3157406
19970107,32920,4539654
19971207,170545,4187479
19970506,63730,3895579
19970506,149490,2577106
19971123,152032,1912228
19970731,17300,3101680
19970731,148362,3731812
19970209,199104,2461542
19970219,65283,1909868
19970110,183695,3795724
19970922,13061,1922794
19971228,139324,2257657
19971101,26731,3431501
19971011,137500,2892037
19970818,107326,3383966
19970728,112875,4944331
19970728,53567,2481553
19970110,40508,3059232
19970513,39057,1792890
19970825,115479,2555543
19970825,28399,2345498
19970422,78322,2396489
19971202,178536,3445407
19971202,48991,4267978
19970725,71421,2272429
19970507,120964,4519753
19971204,45578,3921669
19970603,141847,4485995
19970603,47074,1929822
19971225,36029,2291922
19970508,162678,3108836
19970530,167068,2091915
19970413,146113,2612633
19970111,164852,4462426
19970702,133582,4274824
19971223,141280,2284493
19971223,8497,3035858
19970825,65629,3410892
19970804,118081,1942074
19970822,103824,4167429
19970804,146196,3253295
19970817,95533,3026489
19970817,14436,2888569
19970608,141099,2667810
19970608,36347,2171411
19971230,55753,3480723
19971230,36081,2036194
19970712,78825,4065810
19970120,6614,3716370
19970723,164638,3408665
19970105,127905,4134473
19970724,197756,3792772
19970304,61826,3604245
19970122,37058,1930397
19970828,16260,3027693
19971113,43102,1806977
19971122,146445,3132024
19971205,69236,2651506
19971114,147770,3635540
19970326,109705,3943810
19970611,192114,3135886
19970929,103538,3870781
19970906,114918,4499814
19970121,89517,3257074
19970221,12470,2600426
19970203,25881,4829790
19970813,28908,4775940
19970223,40227,2822337
19970104,65193,2663837
19971020,123936,3919860
19970504,114312,2387358
19971224,105484,3686463
19970711,48286,2468560
19970326,93632,3153722
19970920,150773,3791617
19970917,14884,3664318
19970115,170762,3022221
19971107,167604,2798258
19970523,99429,3153951
19970106,117304,2283206
19970212,166151,2409957
19970222,165240,2401641
19970607,22420,2470052
19971120,21558,3715150
19971219,164194,2031976
19971123,194036,2542567
19971123,152260,2343696
19970115,26283,2751112
19970115,27239,2057229
19970601,121535,3113060
19970225,2366,2771366
19971031,64410,2449198
19971024,119357,3381691
19970514,56171,2930642
19971030,44057,2164270
19970306,152906,4760127
19970810,13215,2482062
19970719,35673,4299974
19970104,77031,2201537
19971018,21220,2124951
19970724,157015,2366998
19971221,60929,3401856
19970929,40831,4284284
19970831,47114,1785848
19970527,126956,3319458
19970327,72077,1853706
19970327,30326,2093029
19970829,150127,2274195
19970406,78823,2879308
19970802,56933,3197761
19970427,137893,3151212
19971201,183670,3296899
19970326,81261,3287019
19970326,151578,3250992
19971222,34987,4897205
19971222,13041,1993943
19970402,16812,3319315
19970301,148268,2625938
19971226,24672,4267898
19970614,199277,2669963
19970701,45644,3619610
19970404,75568,2583919
19970819,161898,4993799
19971123,37785,3524807
19970728,175145,2293863
19970927,118036,2403188
19970719,51638,3252382
19970425,77561,2835566
19970925,137481,4017898
19970412,111948,3704286
19970412,84953,4988283
19970531,158408,3666000
19970311,77574,3607400
19971110,140870,4127479
19970912,104591,3752827
19970723,60537,2393052
19970723,44366,2751756
19970410,60688,3956832
19970722,55715,2706550
19970612,153274,2294849
19970814,92817,3901950
19970420,24666,2634132
19971108,122654,4164798
19971130,175865,2969515
19970106,128484,3412154
19970328,66710,4107939
19970320,103389,3421077
19971210,47799,3982681
19970924,50069,1968823
19970911,99968,3144800
19970911,80093,1751282
19970622,174694,4023769
19970622,167655,3341941
19970403,40858,3702033
19970403,97686,2633275
19971107,178142,2496406
19970903,148796,3468205
19970210,27037,2410075
19971007,85715,3166722
19971116,24461,3025844
19971127,87866,3170100
19970618,52530,3372755
19970331,28481,2593443
19970821,72572,3614293
19970316,49766,4104097
19970501,77554,3167245
19970501,41611,3834946
19970501,124680,2853634
19970530,26117,2534757
19971114,72748,4645998
19971114,48764,3254244
19970106,147580,3315380
19970116,124174,2016520
19970416,4084,1956398
19970718,69692,3780344
19970715,154931,4517990
19970610,22658,3234009
19970610,11981,3066627
19970618,107357,2881507
19970710,35528,3442199
19970506,177722,3419468
19970506,128210,2352599
19970215,122849,3668806
19970511,77347,2312297
19970106,166156,1911442
19970307,139580,2623719
19970501,85635,3652900
19971104,124872,4685268
19971204,13605,2870154
19971204,162317,2973792
19970530,57966,4602112
19971020,163170,2604455
19970106,29724,4127685
19970330,91440,2344698
19970423,4161,2556384
19970717,14155,2434454
19970527,40130,2118857
19970612,156195,2117013
19970726,135696,3428746
19970707,111380,2907984
19971201,89975,4574450
19971201,10477,2996935
19970222,121597,4151683
19970625,37630,4232601
19970319,89824,4480135
19970913,46554,2321350
19970318,49628,4003999
19970213,162530,3121358
19970213,77247,2815752
19970923,160984,5104270
19970515,33655,3018435
19970619,31441,2795660
19970108,68122,2534529
19970320,153184,3306982
19970816,135116,2679784
19970403,182174,2773623
19970514,170377,2288291
19971111,25358,3336710
19970423,20485,3453264
19970902,57062,1915832
19970103,1686,3691356
19970222,40326,2563031
19971005,73368,2655892
19971005,106117,1813822
19970417,55955,4869100
19970417,32188,2305330
19970615,106811,4466359
19970801,134961,3678554
19970417,100670,2826773
19970619,75097,2293200
19970619,6433,3399473
19970323,50161,2170095
19970206,179548,3508976
19970508,106607,2759256
19970705,24888,4396234
19970802,134320,3309958
19970710,141485,2439315
19971019,165047,2455384
19970521,135546,4227456
19970226,123833,4055316
19970226,3421,2503153
19970110,90422,3053652
19971011,100108,1974634
19970819,3320,2491902
19970519,113681,4151966
19971113,181707,4069292
19970403,163658,4002836
19970312,45343,2370545
19970528,1250,2187375
19970413,17280,2672328
19970711,60752,3584785
19970101,62550,2586460
19970906,148429,3533988
19970914,171788,3935294
19970116,67292,2176053
19970827,99849,4037866
19970818,56418,3161143
19970305,92807,3628396
19970422,15549,3514896
19970201,90833,3038500
19971118,121493,2617038
19970213,156665,4261108
19970225,150590,2705332
19971008,22786,3608943
19970607,54248,1859865
19970720,39209,2836054
19971101,167040,2630327
19971012,19141,2604763
19971012,12579,3543970
19971129,90194,2321012
19970822,178068,1870369
19970625,165963,4329800
19970818,93283,2136492
19970519,109435,2406420
19970815,155490,3199164
19970815,124628,2982979
19970313,91163,2631484
19970620,16718,2795354
19971130,194936,3820179
19970423,37315,2822706
19971114,194319,3637859
19970514,1607,3687018
19970924,189693,4189321
19970209,73168,2300578
19970209,178706,4385007
19970405,93202,2471673
19970516,10024,2174398
19970516,107802,4213214
19970814,128856,3980803
19970623,130181,2398136
19970505,141246,3058482
19970521,135032,1632555
19970824,2301,2940865
19970429,196776,4449701
19970215,22639,4060238
19970721,147492,3082058
19970724,109996,3697039
19971003,184243,2442121
19970221,28369,2724456
19970421,7440,2483331
19971003,86368,2865825
19971003,49055,2439841
19971011,168398,2492863
19970813,103091,2598463
19970920,106694,4209207
19970513,62152,2751950
19971227,34919,4542079
19970406,52078,1628540
19970812,85722,3975572
19971001,161259,3295344
19970123,190914,3067512
19970812,9020,2367142
19970107,40686,3347707
19970908,47383,2793798
19970930,183138,2246879
19970530,91249,1981903
19970424,47866,3809106
19970508,101087,1812741
19971002,91037,1607838
19970713,2956,3591491
19970412,9229,2408473
19970724,70529,3625839
19970724,126692,4379222
19970101,79124,2329789
19970728,81653,4369419
19970525,175827,3116819
19971029,186196,2450265
19971029,66192,2446097
19971227,161057,2183551
19971227,139509,3484125
19971115,184911,4989775
19970308,150023,2124579
19970401,133971,4962300
19970620,184205,2965160
19970403,194390,2565025
19970715,158439,2785219
19970319,73562,3355198
19971027,25623,3219580
19970223,132520,2515082
19970615,31750,2966607
19970909,113007,1716660
19971007,172302,3430252
19970921,21408,2345061
19970918,58126,2705963
19970918,4283,2350814
19971103,87355,3315604
19970326,74105,2130143
19970327,107802,3257640
19971130,21287,2667882
19970511,98111,2695137
19971001,62074,2411970
19971001,47644,2933392
19971205,57960,3839755
19970122,163056,2497719
19970407,3194,1876194
19971229,137896,3167711
19970721,33799,3706437
19970923,199221,2884680
19970523,7106,2167020
19971103,74712,4210028
19970615,144091,2070404
19970403,140063,2978262
19970724,119221,2053804
19970215,166290,3057077
19970330,143825,3049914
19971114,64677,3624807
19970316,126340,2541392
19971122,58638,2942589
19971021,175872,4581390
19971012,59747,3891367
19970323,137290,2395758
19970210,187254,3621375
19970210,180101,2687002
19971223,139741,2966712
19971223,10986,4507224
19970503,141560,2681011
19970429,129033,1957321
19970801,178167,3160216
19970713,21336,2587585
19970727,161221,2654195
19971122,65501,2925667
19970326,112697,3610865
19971104,126259,2956075
19971226,136573,3293180
19970326,184515,4189116
19971103,55365,2329115
19970603,79737,4151053
19970512,181912,3668794
19970204,82708,3337441
19970204,164253,3062606
19971125,199929,3173230
19970901,130091,2475366
19970226,67089,2737359
19970727,188523,4064253
19970613,155586,4103950
19970725,105306,3434294
19970703,38319,2104736
19970213,79949,3767219
19970214,100998,4001977
19970220,67691,3624237
19971209,146861,3365465
19970416,131202,2054511
19970121,146034,2723835
19971028,98385,3147189
19970630,193332,2822153
19971205,8284,2712437
19970427,78068,1732275
19971221,82622,2455068
19970127,31145,2475122
19970527,88966,5014472
19970307,139785,3397740
19971216,90583,3886742
19970304,128834,4517362
19970117,108837,3617826
19970817,172950,5461965
19970817,159926,3467416
19971204,158827,3683006
19971011,127440,2896726
19970925,79981,3725862
19970122,130730,4005660
19971101,94158,1990915
19970127,41804,3571906
19970127,196581,3588343
19970112,125314,2117449
19970724,29050,2405525
19971228,22881,3571682
19970708,122472,2959050
19970827,167966,3587905
19971124,139100,2410335
19971222,86570,4006611
19971222,179950,4342063
19970208,93801,4386491
19970108,58875,2970869
19970909,3572,3491198
19971125,63964,4812188
19971124,199048,2863011
19970619,154030,2341504
19970809,129296,2442509
19970302,14631,2936697
19970308,13581,2421219
19970511,123725,3287593
19970518,98920,3099055
19971210,127901,3645621
19970622,143973,3267491
19970816,111507,3671733
19971204,15380,2331684
19970408,122362,2984680
19971225,123274,3305443
19971107,193221,2472047
19970616,34764,3949617
19970228,77620,3198435
19970207,117836,4627159
19970526,187428,2792919
19970103,159635,3429931
19970422,196686,4716971
19970426,84120,2861879
19970410,96942,4763975
19970417,121180,3029375
19970204,9897,3756524
19970508,42938,4450280
19970508,53446,3257896
19970803,34759,3048750
19970803,57881,3284239
19971220,112253,2505195
19970501,160628,3767311
19971106,128262,2090221
19970629,102904,4481215
19971003,156393,2982844
19970902,153823,4763369
19970529,75682,3428082
19971111,98702,3367386
19970716,60631,3151427
19970716,91774,3817594
19970302,164851,3310588
19970302,34207,2441026
19971202,145796,4155078
19971004,179761,4307378
19971003,33591,3366294
19970615,181211,3244739
19970929,120072,1670867
19970113,72584,2521659
19970328,160703,2998290
19970115,151093,2265298
19970831,81421,2372894
19970318,131064,1861602
19970304,145262,2458956
19970718,310,3039088
19970808,127505,3310200
19970922,30824,2874395
19970507,188774,3008373
19970627,98676,2562245
19970903,141247,2664080
19970417,49385,2433909
19970506,153628,3131176
19970506,17907,3189925
19970412,13002,2421090
19970102,107020,2490523
19971107,51973,3799890
19970530,169667,4081151
19970113,89239,3316221
19970113,122896,3281301
19970521,185579,2909668
19971207,83579,2496986
19970614,67500,3228500
19970213,68942,3086168
19970810,51218,2258913
19970105,155943,4505610
19971214,32433,3539194
19971221,169981,4241426
19970506,32843,2958549
19971127,118660,4196650
19971127,39889,3291984
19970511,20943,3187337
19970729,181364,2608874
19970729,146956,4053970
19971117,87502,2710890
19970417,28926,3105136
19970417,151054,2414534
19970807,7117,2000086
19970422,8542,3167979
19970213,101368,2703116
19970311,23878,4263224
19970523,144182,2643644
19970920,19784,3036135
19970817,183889,4438980
19970817,39369,2888858
19970427,53824,4576108
19971113,99577,3211473
19971120,145791,4441358
19970404,94293,3128114
19970124,52591,3144292
19970328,76307,2125144
19971121,62757,3095550
19971116,42316,2989744
19971106,79631,2907187
19970816,193598,4046283
19970522,164516,2987163
19970724,34935,3231239
19970425,30383,2482288
19971114,138045,2183408
19971114,115838,2930905
19970425,144097,2053962
19970108,151529,2852838
19970319,149546,3484659
19970118,95951,3777083
19970414,181261,2213386
19970711,168193,3371160
19970521,53084,2099049
19971115,44312,2743781
19971116,172819,3055273
19970707,117236,2737054
19970312,113759,4387556
19970726,3985,3864853
19970910,133725,2959925
19970910,101463,2698999
19970821,75157,2291471
19971119,142543,2625654
19970613,121051,2759456
19970805,51028,2132305
19971118,96791,4469475
19970611,29943,4049296
19971024,55664,2725887
19971024,135935,3482633
19971124,166553,2856886
19970801,30707,3209892
19970627,3476,2979655
19970109,8627,3040527
19970109,43265,2344024
19970617,17983,4516728
19971117,12563,3665291
19971010,127998,4169487
19970523,44176,2688408
19971214,180779,3427556
19970208,8524,2501179
19970320,17755,2673054
19970527,71590,2670318
19971115,163466,3517758
19970920,146832,3319892
19970920,3959,3599219
19970115,33614,3417122
19970807,116125,3050213
19970514,92151,2400615
19970329,28016,2076822
19970213,177567,3828535
19971113,115846,3597074
19970904,6406,2196957
19970422,21699,2863759
19971130,20581,2297417
19971108,28309,3140267
19970304,2534,2700676
19970304,167669,3634829
19970711,196488,3422476
19971219,10094,1536257
19970321,154711,3939299
19970321,10927,3177763
19970502,172081,1783814
19970902,36866,4197058
19970128,13723,3437112
19970604,128693,4509106
19970630,3016,1920730
19970609,14758,4516425
19970827,64183,2473320
19971008,4280,2478698
19971126,81769,3986480
19971126,123415,2718594
19970826,176511,2671779
19970421,63576,3948997
19970106,133889,4828351
19970810,88049,2588451
19970323,2066,1761869
19970707,145832,2936926
19970315,16193,2220598
19970823,135560,4148456
19970725,44292,2158562
19970725,20555,2921589
19971111,747,3562413
19971226,182729,2987526
19970210,176655,3272818
19971120,175696,4074887
19970922,161097,2950813
19970817,153653,3512285
19970321,129409,2617888
19970713,104668,3019151
19970816,152514,2450021
19970902,162174,2024846
19970508,123600,4010292
19970722,76627,2589846
19970722,69348,3485681
19971124,7511,2668217
19971014,10113,1749518
19970629,110141,2320698
19971031,36901,3804453
19970610,158151,2154705
19970115,164637,4026056
19971230,135665,2938740
19970428,88775,3703917
19970528,89891,3724162
19970721,97967,4291472
19970616,183452,3646693
19970501,176773,3366581
19970501,33439,3030325
19970317,136715,3421089
19970720,182671,3742331
19971125,54676,3872841
19970108,146625,3530461
19970314,5183,2302588
19970101,41251,2060208
19970421,4029,1561875
19970727,107983,4587217
19970301,11933,2916834
19970509,190313,2323881
19970821,12415,2211465
19971130,116743,3243200
19970420,84042,2336293
19971217,35193,1860385
19970105,191486,3732317
19970424,66157,2531580
19971113,15723,4055832
19970322,57836,2988520
19971002,156751,3778197
19971202,194046,2257279
19970529,104507,2441072
19970320,127921,4872300
19970703,29658,3943722
19970311,31046,2010748
19970102,91089,2511186
19970102,126137,2907825
19970102,180924,4196297
19970628,50384,2550000
19971115,64405,3275604
19970929,139743,4476460
19970929,140812,3579628
19970909,171239,2414753
19970523,10951,4111185
19970401,172209,2475278
19970113,117729,3558068
19971228,64554,3671853
19971228,156083,2591407
19970103,191295,2395509
19970309,31716,4198365
19971130,177667,2889156
19970218,65872,4100287
19970218,167922,4676312
19970602,73154,2231757
19970315,49831,3686318
19970428,177955,4757103
19970428,44289,2042311
19970217,126146,2785004
19970521,82759,4608670
19971008,134963,4795104
19971008,150615,3754284
19970328,149345,2649246
19970101,88487,3688700
19971013,84652,3682462
19970629,134070,2210348
19971029,87835,3827943
19970428,23509,2264782
19970221,35208,2160648
19970714,29182,1940120
19970426,1517,2968941
19970622,144412,2376861
19971229,171591,3351781
19970814,15615,2999995
19970814,27807,4120150
19970508,80114,2188220
19970116,170617,3437661
19970713,183567,2581475
19971210,185140,3043247
19971016,65249,2597259
19970318,167743,3943791
19970324,185551,3078350
19970324,48445,2779912
19971022,60537,3486249
19971213,48602,2963196
19971213,49200,2958040
19971019,147656,3833212
19970923,16685,3043192
19971016,118190,2392216
19970729,154488,2725562
19970329,193387,2694291
19971114,13738,3950938
19970822,166834,3503229
19971120,99272,2892139
19970620,31065,1739120
19970704,94198,2975706
19970705,2151,2628662
19970705,97412,2359352
19971029,142527,4110572
19970504,83892,4761008
19971225,135435,3784886
19971225,42181,2217157
19970505,190167,2640036
19971213,65045,1959477
19971025,121207,3001720
19971201,15022,1939631
19970218,37326,2273976
19970816,163981,4094049
19970816,195892,4580098
19970124,58203,2140091
19970609,143445,3423412
19970506,63965,4999864
19970128,102542,2984051
19970318,39152,2280503
19970120,143467,3927196
19970112,29511,3889377
19970319,13309,3146200
19970811,7774,3790709
19970625,91526,2995584
19970915,52564,3785333
19970401,27830,4174846
19970508,59386,2930237
19970622,152291,2842401
19970526,40573,3341962
19970417,142449,3038063
19971203,147102,2647526
19971126,110607,3125203
19970226,144941,3932161
19970212,39425,3370117
19970328,170175,3261100
19970706,160230,2879793
19970718,78751,4670325
19970802,179169,2995584
19970616,76773,3541534
19970112,126275,2373516
19970816,102305,2976722
19970313,16347,2640380
19970223,49806,4389500
19970819,183152,2322082
19970819,183339,2432184
19970413,52006,2179450
19970125,125493,3213124
19970611,42763,3527511
19971119,153559,3560510
19970401,171259,3112785
19971117,49451,3326068
19971228,165275,3449854
19971022,199836,3136044
19970903,90416,3269903
19971215,137383,2482824
19971024,172668,4010480
19971217,12046,1911289
19970524,28368,3111264
19970402,153989,4404664
19971229,106665,3264751
19971229,136388,2649346
19970323,70808,4802760
19971009,24963,3775920
19971015,187827,4878961
19970606,11726,2589235
19971020,38879,4181101
19970528,165320,2260842
19970417,165420,3602143
19970117,180894,4937225
19971001,175654,3978195
19971003,89879,3947053
19970303,168590,3239226
19970222,133275,2090615
19970108,170966,4192063
19970711,163871,4450201
19971208,31699,2905889
19970113,75607,3418416
19971026,102421,3404820
19970530,104331,2617246
19970530,49580,4047268
19970728,146493,3319140
19970427,111870,4234207
19971113,125214,3111656
19970127,141837,4278095
19970424,26448,3229934
19970909,151455,2973732
19970622,173305,2662875
19970415,50615,3846703
19970313,96156,1939068
19970313,178132,2529171
19971229,71606,2981664
19971030,62344,3362519
19970709,140376,2549466
19971117,110715,3889750
19971117,117653,3207648
19970913,128304,2877768
19970913,194944,4550914
19970404,97148,2023462
19971214,81360,3331938
19971227,97854,3911107
19970718,182399,2645762
19970307,26648,2664290
19971121,102846,4710844
19970525,4438,2706338
19971025,113153,1994116
19971025,146981,4623794
19970412,59713,4088103
19971208,108747,4038202
19971024,20619,3434869
19970205,180082,2070826
19970508,141896,4699383
19971025,37829,4070753
19971104,6479,3494155
19970313,33583,2423494
19970701,21593,3672880
19970219,150715,2881638
19970428,106878,3087417
19971226,130569,4075678
19970105,55576,3302064
19970105,57156,2375462
19970715,171351,2837588
19970920,64995,4656936
19971002,130275,2356012
19970121,144816,3907701
19970207,44679,3068736
19970625,193724,2904716
19971128,33327,3080222
19970328,21990,4573480
19970203,93620,3985641
19971223,12151,2296404
19970917,179709,3010382
19970826,133890,4524989
19970623,101387,3332112
19971022,56089,2207208
19971022,87615,3455227
19971022,198344,2726022
19971027,135131,1889130
19970109,18107,1716017
19970423,11956,4942595
19970825,31133,2247442
19970714,78731,4431620
19970425,2765,3187089
19971027,62255,1883085
19971027,56448,3036399
19970722,194303,2710762
19970722,16811,4132921
19970803,112255,2965365
19970606,35184,2014524
19971021,81135,1783575
19971021,119840,3066876
19971029,150862,4179599
19971021,39982,4287937
19970602,113877,4175040
19971120,146605,3451844
19970728,101177,2520105
19970512,27401,3371479
19970118,49626,4169090
19971207,91432,2704517
19971207,80003,2260900
19970329,117166,2983929
19970329,6538,3502985
19970414,87782,3058179
19971121,181001,2488600
19970410,137580,3534412
19970813,179947,4102526
19970108,111836,3400007
19970112,56825,3606403
19970112,146406,3625190
19970929,47808,4108572
19970929,89743,2807038
19970203,110475,2762974
19970813,195333,3535116
19970813,19611,2849995
19970815,57570,3892248
19970416,1109,2183836
19970807,91586,3338159
19970517,33357,2083915
19970427,25930,3715571
19971110,120303,2249610
19970306,32662,4133358
19970306,79875,3598447
19971101,127441,3568309
19970320,171694,3496066
19970208,128404,2423620
19970104,176505,3782948
19971215,7476,2281342
19971013,136722,3681000
19970517,52262,2032671
19970108,90397,2504238
19970902,156535,3666885
19971216,180315,3181306
19970301,67639,3104009
19970912,33057,1746448
19971101,69377,2404616
19970529,163460,2742228
19970926,39638,3483407
19970205,120105,2764370
19970828,120056,2237107
19970605,174661,4545693
19970605,116606,3426931
19970823,3947,3200275
19971110,6537,2468436
19970505,155160,2887220
19970701,102946,3858901
19970622,179268,2786133
19970531,169514,3610402
19970607,197418,3624860
19970607,95771,2853333
19970607,12734,2697343
19971020,77966,4336974
19971020,171851,3980299
19970425,26643,3098469
19971027,130265,2529642
19970727,80053,2401841
19970827,116766,4011210
19971222,192327,3548300
19970515,93778,3348645
19971207,30419,2760892
19970803,187518,3323405
19970805,50145,2444352
19970805,189185,3180353
19970208,37803,4073472
19970925,155895,4217824
19970610,80062,1688137
19970730,66540,3326440
19970531,5608,3746160
19971115,132418,3237315
19971116,91012,2347043
19970903,37795,2963070
19970829,128139,2413624
19970829,16812,3219044
19971110,119424,2889726
19970825,166384,2367020
19970924,105802,4606274
19970305,20768,2870892
19970305,38729,4085914
19971001,5643,2765871
19971128,42021,2214946
19970312,194036,2159487
19970327,145592,4333063
19970129,35489,2512782
19971019,56389,2502406
19970709,180392,3935698
19970514,108777,3357247
19970529,135658,4139280
19970503,100858,3803207
19970216,40651,2992302
19970112,115614,4047951
19971017,148723,4167085
19970415,83353,3307466
19971005,10333,3006371
19970506,122386,3661788
19971028,132593,3862401
19970605,105826,4396368
19970613,134927,4708608
19970613,112288,2958137
19970414,108354,2832325
19971225,12226,1843916
19970717,32899,3306561
19971204,142944,4768656
19970426,142166,2384907
19970617,56922,3382056
19970911,79388,2231564
19970911,158178,2474812
19970415,127457,3488457
19970914,10820,2992587
19970914,49342,3006239
19971204,195844,3707034
19971122,69448,3353663
19970222,156794,3745998
19970218,117236,1960051
19970405,104803,3991622
19970103,184432,3057122
19970202,154944,4497615
19970508,184709,4570347
19970403,176997,3982060
19970326,151438,3678892
19970326,96412,2250639
19970920,47932,3357554
19970830,142023,2449546
19970922,100411,2413511
19971115,15540,3519495
19970131,109794,3499352
19970111,24262,2479283
19970711,56526,3308984
19970404,57981,3684062
19970219,111313,3218073
19970807,111143,2856496
19970727,27601,2782052
19971225,193211,3169230
19970824,121331,3245592
19970310,62451,3185916
19970909,102811,3446239
19970210,142861,4702534
19970806,121228,3123050
19971102,63045,1633024
19970117,124756,3760944
19970427,164050,1968526
19970522,120933,3411561
19971122,178417,3289902
19970109,17330,3031011
19970818,147263,2311298
19970117,56615,3653993
19970928,122118,2622253
19970219,90728,3000885
19970609,51245,2088635
19970304,64514,3406487
19970504,170966,4638157
19971022,89620,2961700
19971103,3572,2921628
19971103,197102,2558879
19970419,149887,4811209
19970126,16196,2455715
19970405,47779,3384469
19970711,197309,3269647
19970511,191134,2278741
19971214,42929,3874874
19970317,120469,3014667
19970716,153688,3601794
