 节点name: Group[0]-1
360,3998,0,115106
 节点name: Group[0]-1
360,4005,0,115311
 节点name: Group[0]-1
360,4023,0,115784
 节点name: Group[0]-1
360,4022,0,115814
 节点name: Group[0]-1
360,3986,0,114767
 节点name: Group[0]-1
360,4033,0,116134
 节点name: Group[0]-1
360,3948,0,113677
 节点name: Group[0]-1
360,3974,0,114411
 节点name: Group[0]-1
360,4051,0,116630
 节点name: Group[0]-1
360,4047,0,116520
 节点name: Group[0]-1
360,4121,0,118672
 节点name: Group[0]-1
360,3876,0,111616
 节点name: Group[0]-1
360,3970,0,114325
 节点name: Group[0]-1
360,3966,0,114159
 节点name: Group[0]-1
360,3969,0,114254
 节点name: Group[0]-1
360,4074,0,117289
 节点name: Group[0]-1
360,4016,0,115619
 节点name: Group[0]-1
360,3962,0,114065
 节点name: Group[0]-1
360,4007,0,115349
 节点name: Group[0]-1
360,4098,0,117979
 节点name: Group[0]-1
360,4016,0,115613
 节点name: Group[0]-1
360,4045,0,116429
 节点name: Group[0]-1
360,4064,0,116974
 节点name: Group[0]-1
360,4008,0,115339
 节点name: Group[0]-1
360,4035,0,116186
 节点name: Group[0]-1
360,4000,0,115143
 节点name: Group[0]-1
360,3951,0,113747
 节点name: Group[0]-1
360,4049,0,116612
 节点name: Group[0]-1
360,4047,0,116537
 节点name: Group[0]-1
360,3976,0,114492
 节点name: Group[0]-1
360,3876,0,111653
 节点name: Group[0]-1
360,4006,0,115328
 节点name: Group[0]-1
360,4069,0,117187
 节点name: Group[0]-1
360,3961,0,114082
 节点name: Group[0]-1
360,3996,0,115027
 节点name: Group[0]-1
360,3954,0,113863
 节点name: Group[0]-1
360,4035,0,116205
 节点name: Group[0]-1
360,4010,0,115482
 节点name: Group[0]-1
360,4022,0,115787
 节点name: Group[0]-1
360,3986,0,114785
 节点name: Group[0]-1
360,3982,0,114645
 节点name: Group[0]-1
360,4045,0,116484
 节点name: Group[0]-1
360,3968,0,114292
 节点name: Group[0]-1
360,3863,0,111247
 节点name: Group[0]-1
360,4050,0,116626
 节点name: Group[0]-1
360,4050,0,116600
 节点name: Group[0]-1
360,3979,0,114552
 节点name: Group[0]-1
360,3953,0,113748
 节点name: Group[0]-1
360,4031,0,116041
 节点name: Group[0]-1
360,4013,0,115590
 节点name: Group[0]-1
360,3939,0,113406
 节点name: Group[0]-1
360,4008,0,115408
 节点name: Group[0]-1
360,4063,0,116983
 节点name: Group[0]-1
360,4058,0,116853
 节点name: Group[0]-1
360,3957,0,113885
 节点name: Group[0]-1
360,4015,0,115540
 节点name: Group[0]-1
360,4041,0,116331
 节点name: Group[0]-1
360,4037,0,116228
 节点name: Group[0]-1
360,4019,0,115712
 节点name: Group[0]-1
360,4012,0,115523
 节点name: Group[0]-1
360,3999,0,115124
 节点name: Group[0]-1
360,3965,0,114166
 节点name: Group[0]-1
360,3948,0,113678
 节点name: Group[0]-1
360,3934,0,113247
 节点name: Group[0]-1
360,4016,0,115663
 节点name: Group[0]-1
360,4021,0,115732
 节点name: Group[0]-1
360,3966,0,114211
 节点name: Group[0]-1
360,4038,0,116242
 节点name: Group[0]-1
360,3983,0,114671
 节点name: Group[0]-1
360,3843,0,110655
 节点name: Group[0]-1
360,3990,0,114858
 节点name: Group[0]-1
360,3977,0,114504
 节点name: Group[0]-1
360,3977,0,114517
 节点name: Group[0]-1
360,3995,0,114992
 节点name: Group[0]-1
360,3968,0,114273
 节点name: Group[0]-1
360,4082,0,117553
 节点name: Group[0]-1
360,4062,0,116941
 节点name: Group[0]-1
360,3997,0,115054
 节点name: Group[0]-1
360,3980,0,114600
 节点name: Group[0]-1
360,4040,0,116351
 节点name: Group[0]-1
360,4037,0,116246
 节点name: Group[0]-1
360,3990,0,114870
 节点name: Group[0]-1
360,4134,0,119040
 节点name: Group[0]-1
360,3898,0,112288
 节点name: Group[0]-1
360,3975,0,114481
 节点name: Group[0]-1
360,4015,0,115564
 节点name: Group[0]-1
360,4078,0,117437
 节点name: Group[0]-1
360,3986,0,114757
 节点name: Group[0]-1
360,3995,0,115019
 节点name: Group[0]-1
360,4110,0,118347
 节点name: Group[0]-1
360,4099,0,118029
 节点name: Group[0]-1
360,4059,0,116903
 节点name: Group[0]-1
360,4040,0,116344
 节点name: Group[0]-1
360,4063,0,116937
 节点name: Group[0]-1
360,4087,0,117657
 节点name: Group[0]-1
360,4041,0,116337
 节点name: Group[0]-1
360,4037,0,116241
 节点name: Group[0]-1
360,3976,0,114439
 节点name: Group[0]-1
360,3917,0,112809
 节点name: Group[0]-1
360,4073,0,117265
 节点name: Group[0]-1
360,3923,0,112975
 节点name: Group[0]-1
360,4083,0,117530
 节点name: Group[0]-1
360,4056,0,116820
 节点name: Group[0]-1
360,4014,0,115589
 节点name: Group[0]-1
360,4067,0,117092
 节点name: Group[0]-1
360,3979,0,114575
 节点name: Group[0]-1
360,3992,0,114943
 节点name: Group[0]-1
360,4046,0,116507
 节点name: Group[0]-1
360,3859,0,111057
 节点name: Group[0]-1
360,4022,0,115773
 节点name: Group[0]-1
360,3919,0,112831
 节点name: Group[0]-1
360,3970,0,114309
 节点name: Group[0]-1
360,4049,0,116584
 节点name: Group[0]-1
360,4072,0,117190
 节点name: Group[0]-1
360,3939,0,113417
 节点name: Group[0]-1
360,4047,0,116476
 节点name: Group[0]-1
360,4038,0,116226
 节点name: Group[0]-1
360,4023,0,115762
 节点name: Group[0]-1
360,4075,0,117338
 节点name: Group[0]-1
360,3999,0,115175
 节点name: Group[0]-1
360,4019,0,115714
 节点name: Group[0]-1
360,3857,0,111066
 节点name: Group[0]-1
360,3971,0,114302
 节点name: Group[0]-1
360,3927,0,113062
 节点name: Group[0]-1
360,4013,0,115611
 节点name: Group[0]-1
360,3948,0,113624
 节点name: Group[0]-1
360,4085,0,117624
 节点name: Group[0]-1
360,3980,0,114554
 节点name: Group[0]-1
360,4030,0,116042
 节点name: Group[0]-1
360,4171,0,120074
 节点name: Group[0]-1
360,3978,0,114544
 节点name: Group[0]-1
360,4094,0,117837
 节点name: Group[0]-1
360,4112,0,118389
 节点name: Group[0]-1
360,3947,0,113633
 节点name: Group[0]-1
360,3950,0,113732
 节点name: Group[0]-1
360,3944,0,113580
 节点name: Group[0]-1
360,4017,0,115654
 节点name: Group[0]-1
360,4087,0,117654
 节点name: Group[0]-1
360,4010,0,115478
 节点name: Group[0]-1
360,3953,0,113826
 节点name: Group[0]-1
360,3973,0,114339
 节点name: Group[0]-1
360,3986,0,114772
 节点name: Group[0]-1
360,3941,0,113486
 节点name: Group[0]-1
360,3953,0,113862
 节点name: Group[0]-1
360,4092,0,117882
 节点name: Group[0]-1
360,3913,0,112693
 节点name: Group[0]-1
360,3949,0,113710
 节点name: Group[0]-1
360,3907,0,112493
 节点name: Group[0]-1
360,3996,0,115068
 节点name: Group[0]-1
360,4020,0,115788
 节点name: Group[0]-1
360,3961,0,114009
 节点name: Group[0]-1
360,4005,0,115274
 节点name: Group[0]-1
360,3992,0,114953
 节点name: Group[0]-1
360,3889,0,111926
 节点name: Group[0]-1
360,4080,0,117516
 节点name: Group[0]-1
360,4020,0,115744
 节点name: Group[0]-1
360,4008,0,115406
 节点name: Group[0]-1
360,4115,0,118491
 节点name: Group[0]-1
360,4172,0,120079
 节点name: Group[0]-1
360,4112,0,118399
 节点name: Group[0]-1
360,3940,0,113396
 节点name: Group[0]-1
360,4067,0,117115
 节点name: Group[0]-1
360,3890,0,112014
 节点name: Group[0]-1
360,4092,0,117847
 节点name: Group[0]-1
360,4059,0,116882
 节点name: Group[0]-1
360,4011,0,115474
 节点name: Group[0]-1
360,4032,0,116093
 节点name: Group[0]-1
360,4039,0,116289
 节点name: Group[0]-1
360,3935,0,113241
 节点name: Group[0]-1
360,4063,0,116937
 节点name: Group[0]-1
360,3935,0,113274
 节点name: Group[0]-1
360,4058,0,116848
 节点name: Group[0]-1
360,3933,0,113259
 节点name: Group[0]-1
360,3996,0,115118
 节点name: Group[0]-1
360,3881,0,111709
 节点name: Group[0]-1
360,4127,0,118805
 节点name: Group[0]-1
360,4028,0,115996
 节点name: Group[0]-1
360,4020,0,115758
 节点name: Group[0]-1
360,4063,0,116980
 节点name: Group[0]-1
360,3954,0,113858
 节点name: Group[0]-1
360,4025,0,115875
 节点name: Group[0]-1
360,3960,0,113983
 节点name: Group[0]-1
360,3998,0,115130
 节点name: Group[0]-1
360,4013,0,115566
 节点name: Group[0]-1
360,4027,0,115945
 节点name: Group[0]-1
360,4026,0,115910
 节点name: Group[0]-1
360,3881,0,111723
 节点name: Group[0]-1
360,4001,0,115170
 节点name: Group[0]-1
360,3954,0,113810
 节点name: Group[0]-1
360,3970,0,114317
 节点name: Group[0]-1
360,3947,0,113653
 节点name: Group[0]-1
360,3951,0,113776
 节点name: Group[0]-1
360,4067,0,117102
 节点name: Group[0]-1
360,4001,0,115205
 节点name: Group[0]-1
360,3954,0,113848
 节点name: Group[0]-1
360,3985,0,114739
 节点name: Group[0]-1
360,3969,0,114310
 节点name: Group[0]-1
360,3983,0,114664
 节点name: Group[0]-1
360,4110,0,118298
 节点name: Group[0]-1
360,3872,0,111454
 节点name: Group[0]-1
360,4022,0,115829
 节点name: Group[0]-1
360,4013,0,115499
 节点name: Group[0]-1
360,4019,0,115719
 节点name: Group[0]-1
360,3980,0,114608
 节点name: Group[0]-1
360,3941,0,113445
 节点name: Group[0]-1
360,4112,0,118376
 节点name: Group[0]-1
360,4064,0,116984
 节点name: Group[0]-1
360,3958,0,113965
 节点name: Group[0]-1
360,4112,0,118433
 节点name: Group[0]-1
360,3992,0,114920
 节点name: Group[0]-1
360,4022,0,115801
 节点name: Group[0]-1
360,4058,0,116875
 节点name: Group[0]-1
360,4055,0,116704
 节点name: Group[0]-1
360,3991,0,114900
 节点name: Group[0]-1
360,3975,0,114436
 节点name: Group[0]-1
360,4050,0,116594
 节点name: Group[0]-1
360,4082,0,117559
 节点name: Group[0]-1
360,4071,0,117202
 节点name: Group[0]-1
360,3899,0,112256
 节点name: Group[0]-1
360,4029,0,116000
 节点name: Group[0]-1
360,4060,0,116891
 节点name: Group[0]-1
360,4011,0,115503
 节点name: Group[0]-1
360,4127,0,118808
 节点name: Group[0]-1
360,4098,0,117981
 节点name: Group[0]-1
360,4058,0,116844
 节点name: Group[0]-1
360,4008,0,115398
 节点name: Group[0]-1
360,4005,0,115314
 节点name: Group[0]-1
360,3908,0,112517
 节点name: Group[0]-1
360,3963,0,114091
 节点name: Group[0]-1
360,3956,0,113912
 节点name: Group[0]-1
360,3969,0,114317
 节点name: Group[0]-1
360,4039,0,116295
 节点name: Group[0]-1
360,3911,0,112633
 节点name: Group[0]-1
360,4069,0,117146
 节点name: Group[0]-1
360,4090,0,117733
 节点name: Group[0]-1
360,3995,0,115050
 节点name: Group[0]-1
360,4010,0,115397
 节点name: Group[0]-1
360,3930,0,113138
 节点name: Group[0]-1
360,4022,0,115779
 节点name: Group[0]-1
360,4008,0,115399
 节点name: Group[0]-1
360,3916,0,112748
 节点name: Group[0]-1
360,4042,0,116385
 节点name: Group[0]-1
360,4087,0,117701
 节点name: Group[0]-1
360,4031,0,116043
 节点name: Group[0]-1
360,3902,0,112355
 节点name: Group[0]-1
360,3956,0,113918
 节点name: Group[0]-1
360,3974,0,114414
 节点name: Group[0]-1
360,4008,0,115399
 节点name: Group[0]-1
360,3998,0,115106
 节点name: Group[0]-1
360,3983,0,114688
 节点name: Group[0]-1
360,4109,0,118296
 节点name: Group[0]-1
360,3972,0,114336
 节点name: Group[0]-1
360,3985,0,114766
 节点name: Group[0]-1
360,4064,0,117031
 节点name: Group[0]-1
360,4057,0,116793
 节点name: Group[0]-1
360,3921,0,112911
 节点name: Group[0]-1
360,4115,0,118456
 节点name: Group[0]-1
360,3958,0,113958
 节点name: Group[0]-1
360,4047,0,116540
 节点name: Group[0]-1
360,3940,0,113444
 节点name: Group[0]-1
360,3974,0,114401
 节点name: Group[0]-1
360,3960,0,114002
 节点name: Group[0]-1
360,4045,0,116514
 节点name: Group[0]-1
360,3969,0,114270
 节点name: Group[0]-1
360,3936,0,113300
 节点name: Group[0]-1
360,4007,0,115346
 节点name: Group[0]-1
360,4023,0,115820
 节点name: Group[0]-1
360,4000,0,115154
 节点name: Group[0]-1
360,4065,0,117019
 节点name: Group[0]-1
360,4133,0,119045
 节点name: Group[0]-1
360,3947,0,113653
 节点name: Group[0]-1
360,4045,0,116456
 节点name: Group[0]-1
360,3975,0,114429
 节点name: Group[0]-1
360,3999,0,115121
 节点name: Group[0]-1
360,4108,0,118292
 节点name: Group[0]-1
360,3926,0,113075
 节点name: Group[0]-1
360,3968,0,114269
 节点name: Group[0]-1
360,4004,0,115355
 节点name: Group[0]-1
360,4053,0,116685
 节点name: Group[0]-1
360,4042,0,116390
 节点name: Group[0]-1
360,4030,0,116028
 节点name: Group[0]-1
360,3994,0,114977
 节点name: Group[0]-1
360,4009,0,115434
 节点name: Group[0]-1
360,4027,0,115937
 节点name: Group[0]-1
360,3935,0,113314
 节点name: Group[0]-1
360,3997,0,115073
 节点name: Group[0]-1
360,3978,0,114548
 节点name: Group[0]-1
360,4091,0,117808
 节点name: Group[0]-1
360,3976,0,114456
 节点name: Group[0]-1
360,3980,0,114586
 节点name: Group[0]-1
360,3987,0,114797
 节点name: Group[0]-1
360,4061,0,116892
 节点name: Group[0]-1
360,3915,0,112742
 节点name: Group[0]-1
360,3973,0,114355
 节点name: Group[0]-1
360,4005,0,115300
 节点name: Group[0]-1
360,3944,0,113552
 节点name: Group[0]-1
360,4001,0,115240
 节点name: Group[0]-1
360,4016,0,115655
 节点name: Group[0]-1
360,3954,0,113867
 节点name: Group[0]-1
360,3945,0,113538
 节点name: Group[0]-1
360,4045,0,116486
 节点name: Group[0]-1
360,3985,0,114713
 节点name: Group[0]-1
360,4026,0,115915
 节点name: Group[0]-1
360,4019,0,115719
 节点name: Group[0]-1
360,4145,0,119348
 节点name: Group[0]-1
360,3959,0,114014
 节点name: Group[0]-1
360,3954,0,113828
 节点name: Group[0]-1
360,3996,0,115039
 节点name: Group[0]-1
360,4063,0,116965
 节点name: Group[0]-1
360,4064,0,116977
 节点name: Group[0]-1
360,3949,0,113716
 节点name: Group[0]-1
360,4059,0,116896
 节点name: Group[0]-1
360,3963,0,114119
 节点name: Group[0]-1
360,3995,0,114977
 节点name: Group[0]-1
360,3889,0,111977
 节点name: Group[0]-1
360,4036,0,116220
 节点name: Group[0]-1
360,4101,0,118063
 节点name: Group[0]-1
360,3981,0,114608
 节点name: Group[0]-1
360,4025,0,115903
 节点name: Group[0]-1
360,3959,0,114009
 节点name: Group[0]-1
360,4061,0,116940
 节点name: Group[0]-1
360,4008,0,115387
 节点name: Group[0]-1
360,4021,0,115753
 节点name: Group[0]-1
360,3938,0,113389
 节点name: Group[0]-1
360,4079,0,117522
 节点name: Group[0]-1
360,4018,0,115726
 节点name: Group[0]-1
360,4060,0,116881
 节点name: Group[0]-1
360,4104,0,118156
 节点name: Group[0]-1
360,4061,0,116913
 节点name: Group[0]-1
360,4016,0,115613
 节点name: Group[0]-1
360,3959,0,113973
 节点name: Group[0]-1
360,4047,0,116536
 节点name: Group[0]-1
360,3956,0,113883
 节点name: Group[0]-1
360,3934,0,113243
 节点name: Group[0]-1
360,4051,0,116654
 节点name: Group[0]-1
360,4044,0,116411
 节点name: Group[0]-1
360,4007,0,115406
 节点name: Group[0]-1
360,4084,0,117620
 节点name: Group[0]-1
360,3894,0,112143
 节点name: Group[0]-1
360,3942,0,113477
 节点name: Group[0]-1
360,3969,0,114284
 节点name: Group[0]-1
360,4058,0,116825
 节点name: Group[0]-1
360,4052,0,116689
 节点name: Group[0]-1
360,4038,0,116286
 节点name: Group[0]-1
360,3952,0,113820
 节点name: Group[0]-1
360,4024,0,115873
 节点name: Group[0]-1
360,3984,0,114692
 节点name: Group[0]-1
360,4103,0,118111
 节点name: Group[0]-1
360,4101,0,118065
 节点name: Group[0]-1
360,4032,0,116116
 节点name: Group[0]-1
360,3969,0,114279
 节点name: Group[0]-1
360,3943,0,113577
 节点name: Group[0]-1
360,4083,0,117534
 节点name: Group[0]-1
360,3971,0,114348
 节点name: Group[0]-1
360,3899,0,112283
 节点name: Group[0]-1
360,4100,0,118031
 节点name: Group[0]-1
360,4009,0,115418
 节点name: Group[0]-1
360,4029,0,115966
 节点name: Group[0]-1
360,4023,0,115811
 节点name: Group[0]-1
360,4092,0,117806
