 节点name: Group[0]-1
360,38,0,2070
 节点name: Group[0]-1
360,45,0,2424
 节点name: Group[0]-1
360,51,0,2745
 节点name: Group[0]-1
360,35,0,1909
 节点name: Group[0]-1
360,65,0,3467
 节点name: Group[0]-1
360,47,0,2523
 节点name: Group[0]-1
360,48,0,2583
 节点name: Group[0]-1
360,50,0,2701
 节点name: Group[0]-1
360,40,0,2169
 节点name: Group[0]-1
360,52,0,2797
 节点name: Group[0]-1
360,49,0,2643
 节点name: Group[0]-1
360,48,0,2603
 节点name: Group[0]-1
360,50,0,2688
 节点name: Group[0]-1
360,45,0,2425
 节点name: Group[0]-1
360,49,0,2639
 节点name: Group[0]-1
360,58,0,3094
 节点name: Group[0]-1
360,52,0,2799
 节点name: Group[0]-1
360,53,0,2825
 节点name: Group[0]-1
360,46,0,2483
 节点name: Group[0]-1
360,49,0,2643
 节点name: Group[0]-1
360,44,0,2388
 节点name: Group[0]-1
360,46,0,2474
 节点name: Group[0]-1
360,55,0,2945
 节点name: Group[0]-1
360,54,0,2897
 节点name: Group[0]-1
360,60,0,3209
 节点name: Group[0]-1
360,45,0,2419
 节点name: Group[0]-1
360,46,0,2495
 节点name: Group[0]-1
360,37,0,2041
 节点name: Group[0]-1
360,49,0,2638
 节点name: Group[0]-1
360,46,0,2490
 节点name: Group[0]-1
360,49,0,2633
 节点name: Group[0]-1
360,32,0,1761
 节点name: Group[0]-1
360,48,0,2583
 节点name: Group[0]-1
360,48,0,2587
 节点name: Group[0]-1
360,63,0,3348
 节点name: Group[0]-1
360,54,0,2903
 节点name: Group[0]-1
360,48,0,2604
 节点name: Group[0]-1
360,49,0,2625
 节点name: Group[0]-1
360,54,0,2893
 节点name: Group[0]-1
360,58,0,3100
 节点name: Group[0]-1
360,42,0,2279
 节点name: Group[0]-1
360,59,0,3132
 节点name: Group[0]-1
360,52,0,2781
 节点name: Group[0]-1
360,44,0,2395
 节点name: Group[0]-1
360,45,0,2445
 节点name: Group[0]-1
360,54,0,2874
 节点name: Group[0]-1
360,56,0,2987
 节点name: Group[0]-1
360,57,0,3051
 节点name: Group[0]-1
360,43,0,2331
 节点name: Group[0]-1
360,58,0,3085
 节点name: Group[0]-1
360,46,0,2485
 节点name: Group[0]-1
360,53,0,2852
 节点name: Group[0]-1
360,55,0,2933
 节点name: Group[0]-1
360,60,0,3221
 节点name: Group[0]-1
360,40,0,2155
 节点name: Group[0]-1
360,40,0,2175
 节点name: Group[0]-1
360,56,0,2988
 节点name: Group[0]-1
360,48,0,2585
 节点name: Group[0]-1
360,38,0,2062
 节点name: Group[0]-1
360,40,0,2169
 节点name: Group[0]-1
360,44,0,2368
 节点name: Group[0]-1
360,52,0,2781
 节点name: Group[0]-1
360,57,0,3053
 节点name: Group[0]-1
360,54,0,2864
 节点name: Group[0]-1
360,53,0,2837
 节点name: Group[0]-1
360,50,0,2691
 节点name: Group[0]-1
360,58,0,3095
 节点name: Group[0]-1
360,35,0,1924
 节点name: Group[0]-1
360,53,0,2831
 节点name: Group[0]-1
360,58,0,3108
 节点name: Group[0]-1
360,51,0,2727
 节点name: Group[0]-1
360,35,0,1894
 节点name: Group[0]-1
360,60,0,3201
 节点name: Group[0]-1
360,60,0,3195
 节点name: Group[0]-1
360,42,0,2293
 节点name: Group[0]-1
360,57,0,3039
 节点name: Group[0]-1
360,56,0,2987
 节点name: Group[0]-1
360,45,0,2442
 节点name: Group[0]-1
360,49,0,2657
 节点name: Group[0]-1
360,60,0,3210
 节点name: Group[0]-1
360,38,0,2068
 节点name: Group[0]-1
360,52,0,2806
 节点name: Group[0]-1
360,45,0,2442
 节点name: Group[0]-1
360,57,0,3056
 节点name: Group[0]-1
360,52,0,2794
 节点name: Group[0]-1
360,59,0,3160
 节点name: Group[0]-1
360,40,0,2169
 节点name: Group[0]-1
360,52,0,2800
 节点name: Group[0]-1
360,40,0,2175
 节点name: Group[0]-1
360,47,0,2530
 节点name: Group[0]-1
360,51,0,2742
 节点name: Group[0]-1
360,43,0,2324
 节点name: Group[0]-1
360,52,0,2782
 节点name: Group[0]-1
360,51,0,2731
 节点name: Group[0]-1
360,46,0,2489
 节点name: Group[0]-1
360,49,0,2646
 节点name: Group[0]-1
360,35,0,1904
 节点name: Group[0]-1
360,57,0,3049
 节点name: Group[0]-1
360,43,0,2311
 节点name: Group[0]-1
360,47,0,2526
 节点name: Group[0]-1
360,51,0,2740
 节点name: Group[0]-1
360,43,0,2300
 节点name: Group[0]-1
360,41,0,2236
 节点name: Group[0]-1
360,47,0,2542
 节点name: Group[0]-1
360,53,0,2837
 节点name: Group[0]-1
360,49,0,2646
 节点name: Group[0]-1
360,59,0,3154
 节点name: Group[0]-1
360,43,0,2343
 节点name: Group[0]-1
360,42,0,2286
 节点name: Group[0]-1
360,55,0,2939
 节点name: Group[0]-1
360,37,0,2017
 节点name: Group[0]-1
360,62,0,3301
 节点name: Group[0]-1
360,58,0,3103
 节点name: Group[0]-1
360,67,0,3543
 节点name: Group[0]-1
360,47,0,2533
 节点name: Group[0]-1
360,49,0,2650
 节点name: Group[0]-1
360,59,0,3160
 节点name: Group[0]-1
360,50,0,2681
 节点name: Group[0]-1
360,43,0,2337
 节点name: Group[0]-1
360,58,0,3095
 节点name: Group[0]-1
360,49,0,2631
 节点name: Group[0]-1
360,51,0,2752
 节点name: Group[0]-1
360,45,0,2442
 节点name: Group[0]-1
360,58,0,3103
 节点name: Group[0]-1
360,44,0,2376
 节点name: Group[0]-1
360,53,0,2839
 节点name: Group[0]-1
360,50,0,2682
 节点name: Group[0]-1
360,44,0,2387
 节点name: Group[0]-1
360,46,0,2479
 节点name: Group[0]-1
360,46,0,2472
 节点name: Group[0]-1
360,65,0,3462
 节点name: Group[0]-1
360,52,0,2800
 节点name: Group[0]-1
360,58,0,3099
 节点name: Group[0]-1
360,52,0,2803
 节点name: Group[0]-1
360,50,0,2688
 节点name: Group[0]-1
360,50,0,2697
 节点name: Group[0]-1
360,43,0,2321
 节点name: Group[0]-1
360,45,0,2428
 节点name: Group[0]-1
360,54,0,2901
 节点name: Group[0]-1
360,48,0,2588
 节点name: Group[0]-1
360,52,0,2792
 节点name: Group[0]-1
360,57,0,3049
 节点name: Group[0]-1
360,46,0,2489
 节点name: Group[0]-1
360,60,0,3212
 节点name: Group[0]-1
360,48,0,2598
 节点name: Group[0]-1
360,37,0,2019
 节点name: Group[0]-1
360,60,0,3205
 节点name: Group[0]-1
360,44,0,2366
 节点name: Group[0]-1
360,45,0,2425
 节点name: Group[0]-1
360,52,0,2800
 节点name: Group[0]-1
360,27,0,1507
 节点name: Group[0]-1
360,53,0,2849
 节点name: Group[0]-1
360,40,0,2155
 节点name: Group[0]-1
360,50,0,2680
 节点name: Group[0]-1
360,37,0,2019
 节点name: Group[0]-1
360,47,0,2535
 节点name: Group[0]-1
360,69,0,3664
 节点name: Group[0]-1
360,38,0,2073
 节点name: Group[0]-1
360,50,0,2682
 节点name: Group[0]-1
360,50,0,2690
 节点name: Group[0]-1
360,53,0,2839
 节点name: Group[0]-1
360,38,0,2075
 节点name: Group[0]-1
360,62,0,3304
 节点name: Group[0]-1
360,45,0,2429
 节点name: Group[0]-1
360,50,0,2698
 节点name: Group[0]-1
360,40,0,2182
 节点name: Group[0]-1
360,61,0,3257
 节点name: Group[0]-1
360,42,0,2287
 节点name: Group[0]-1
360,59,0,3154
 节点name: Group[0]-1
360,53,0,2846
 节点name: Group[0]-1
360,51,0,2753
 节点name: Group[0]-1
360,36,0,1967
 节点name: Group[0]-1
360,31,0,1703
 节点name: Group[0]-1
360,34,0,1868
 节点name: Group[0]-1
360,44,0,2396
 节点name: Group[0]-1
360,52,0,2793
 节点name: Group[0]-1
360,58,0,3105
 节点name: Group[0]-1
360,57,0,3043
 节点name: Group[0]-1
360,51,0,2724
 节点name: Group[0]-1
360,60,0,3193
 节点name: Group[0]-1
360,44,0,2377
 节点name: Group[0]-1
360,47,0,2538
 节点name: Group[0]-1
360,33,0,1818
 节点name: Group[0]-1
360,53,0,2856
 节点name: Group[0]-1
360,49,0,2633
 节点name: Group[0]-1
360,51,0,2752
 节点name: Group[0]-1
360,38,0,2076
 节点name: Group[0]-1
360,67,0,3565
 节点name: Group[0]-1
360,49,0,2633
 节点name: Group[0]-1
360,44,0,2367
 节点name: Group[0]-1
360,54,0,2904
 节点name: Group[0]-1
360,68,0,3616
 节点name: Group[0]-1
360,47,0,2537
 节点name: Group[0]-1
360,46,0,2498
 节点name: Group[0]-1
360,50,0,2697
 节点name: Group[0]-1
360,41,0,2237
 节点name: Group[0]-1
360,50,0,2702
 节点name: Group[0]-1
360,50,0,2703
 节点name: Group[0]-1
360,52,0,2790
 节点name: Group[0]-1
360,56,0,3009
 节点name: Group[0]-1
360,50,0,2687
 节点name: Group[0]-1
360,44,0,2385
 节点name: Group[0]-1
360,54,0,2891
 节点name: Group[0]-1
360,48,0,2573
 节点name: Group[0]-1
360,41,0,2219
 节点name: Group[0]-1
360,53,0,2838
 节点name: Group[0]-1
360,45,0,2435
 节点name: Group[0]-1
360,55,0,2956
 节点name: Group[0]-1
360,43,0,2330
 节点name: Group[0]-1
360,56,0,2996
 节点name: Group[0]-1
360,50,0,2695
 节点name: Group[0]-1
360,51,0,2758
 节点name: Group[0]-1
360,68,0,3623
 节点name: Group[0]-1
360,57,0,3061
 节点name: Group[0]-1
360,42,0,2290
 节点name: Group[0]-1
360,47,0,2545
 节点name: Group[0]-1
360,51,0,2738
 节点name: Group[0]-1
360,36,0,1966
 节点name: Group[0]-1
360,40,0,2196
 节点name: Group[0]-1
360,50,0,2695
 节点name: Group[0]-1
360,46,0,2485
 节点name: Group[0]-1
360,44,0,2378
 节点name: Group[0]-1
360,44,0,2380
 节点name: Group[0]-1
360,50,0,2690
 节点name: Group[0]-1
360,51,0,2759
 节点name: Group[0]-1
360,50,0,2693
 节点name: Group[0]-1
360,55,0,2948
 节点name: Group[0]-1
360,50,0,2676
 节点name: Group[0]-1
360,61,0,3252
 节点name: Group[0]-1
360,48,0,2593
 节点name: Group[0]-1
360,45,0,2444
 节点name: Group[0]-1
360,45,0,2428
 节点name: Group[0]-1
360,57,0,3055
 节点name: Group[0]-1
360,49,0,2634
 节点name: Group[0]-1
360,46,0,2474
 节点name: Group[0]-1
360,55,0,2935
 节点name: Group[0]-1
360,43,0,2330
 节点name: Group[0]-1
360,53,0,2836
 节点name: Group[0]-1
360,41,0,2210
 节点name: Group[0]-1
360,47,0,2525
 节点name: Group[0]-1
360,45,0,2451
 节点name: Group[0]-1
360,53,0,2843
 节点name: Group[0]-1
360,47,0,2521
 节点name: Group[0]-1
360,53,0,2850
 节点name: Group[0]-1
360,40,0,2174
 节点name: Group[0]-1
360,58,0,3095
 节点name: Group[0]-1
360,49,0,2629
 节点name: Group[0]-1
360,50,0,2700
 节点name: Group[0]-1
360,49,0,2651
 节点name: Group[0]-1
360,39,0,2118
 节点name: Group[0]-1
360,57,0,3048
 节点name: Group[0]-1
360,54,0,2900
 节点name: Group[0]-1
360,44,0,2394
 节点name: Group[0]-1
360,55,0,2952
 节点name: Group[0]-1
360,47,0,2521
 节点name: Group[0]-1
360,43,0,2319
 节点name: Group[0]-1
360,48,0,2591
 节点name: Group[0]-1
360,45,0,2441
 节点name: Group[0]-1
360,36,0,1956
 节点name: Group[0]-1
360,63,0,3369
 节点name: Group[0]-1
360,61,0,3256
 节点name: Group[0]-1
360,45,0,2418
 节点name: Group[0]-1
360,46,0,2462
 节点name: Group[0]-1
360,46,0,2488
 节点name: Group[0]-1
360,44,0,2370
 节点name: Group[0]-1
360,45,0,2440
 节点name: Group[0]-1
360,63,0,3345
 节点name: Group[0]-1
360,50,0,2695
 节点name: Group[0]-1
360,59,0,3159
 节点name: Group[0]-1
360,48,0,2579
 节点name: Group[0]-1
360,38,0,2074
 节点name: Group[0]-1
360,39,0,2111
 节点name: Group[0]-1
360,51,0,2740
 节点name: Group[0]-1
360,50,0,2686
 节点name: Group[0]-1
360,49,0,2648
 节点name: Group[0]-1
360,36,0,1960
 节点name: Group[0]-1
360,50,0,2691
 节点name: Group[0]-1
360,48,0,2576
 节点name: Group[0]-1
360,53,0,2844
 节点name: Group[0]-1
360,47,0,2528
 节点name: Group[0]-1
360,48,0,2585
 节点name: Group[0]-1
360,39,0,2113
 节点name: Group[0]-1
360,48,0,2596
 节点name: Group[0]-1
360,44,0,2379
 节点name: Group[0]-1
360,42,0,2277
 节点name: Group[0]-1
360,54,0,2883
 节点name: Group[0]-1
360,52,0,2791
 节点name: Group[0]-1
360,56,0,2986
 节点name: Group[0]-1
360,50,0,2705
 节点name: Group[0]-1
360,35,0,1916
 节点name: Group[0]-1
360,52,0,2783
 节点name: Group[0]-1
360,46,0,2499
 节点name: Group[0]-1
360,47,0,2524
 节点name: Group[0]-1
360,45,0,2437
 节点name: Group[0]-1
360,49,0,2648
 节点name: Group[0]-1
360,51,0,2760
 节点name: Group[0]-1
360,39,0,2113
 节点name: Group[0]-1
360,53,0,2849
 节点name: Group[0]-1
360,53,0,2824
 节点name: Group[0]-1
360,56,0,3017
 节点name: Group[0]-1
360,41,0,2221
 节点name: Group[0]-1
360,40,0,2187
 节点name: Group[0]-1
360,59,0,3157
 节点name: Group[0]-1
360,38,0,2089
 节点name: Group[0]-1
360,43,0,2318
 节点name: Group[0]-1
360,49,0,2647
 节点name: Group[0]-1
360,46,0,2479
 节点name: Group[0]-1
360,53,0,2846
 节点name: Group[0]-1
360,44,0,2385
 节点name: Group[0]-1
360,41,0,2244
 节点name: Group[0]-1
360,48,0,2604
 节点name: Group[0]-1
360,64,0,3423
 节点name: Group[0]-1
360,41,0,2229
 节点name: Group[0]-1
360,42,0,2284
 节点name: Group[0]-1
360,47,0,2549
 节点name: Group[0]-1
360,55,0,2947
 节点name: Group[0]-1
360,40,0,2191
 节点name: Group[0]-1
360,52,0,2792
 节点name: Group[0]-1
360,56,0,2995
 节点name: Group[0]-1
360,52,0,2803
 节点name: Group[0]-1
360,52,0,2791
 节点name: Group[0]-1
360,37,0,2012
 节点name: Group[0]-1
360,48,0,2583
 节点name: Group[0]-1
360,61,0,3260
 节点name: Group[0]-1
360,70,0,3724
 节点name: Group[0]-1
360,43,0,2339
 节点name: Group[0]-1
360,51,0,2751
 节点name: Group[0]-1
360,51,0,2741
 节点name: Group[0]-1
360,48,0,2594
 节点name: Group[0]-1
360,47,0,2537
 节点name: Group[0]-1
360,44,0,2379
 节点name: Group[0]-1
360,33,0,1793
 节点name: Group[0]-1
360,55,0,2932
 节点name: Group[0]-1
360,44,0,2394
 节点name: Group[0]-1
360,45,0,2416
 节点name: Group[0]-1
360,46,0,2483
 节点name: Group[0]-1
360,41,0,2241
 节点name: Group[0]-1
360,61,0,3267
 节点name: Group[0]-1
360,44,0,2382
 节点name: Group[0]-1
360,40,0,2173
 节点name: Group[0]-1
360,50,0,2682
 节点name: Group[0]-1
360,49,0,2635
 节点name: Group[0]-1
360,51,0,2727
 节点name: Group[0]-1
360,42,0,2280
 节点name: Group[0]-1
360,60,0,3196
 节点name: Group[0]-1
360,58,0,3117
 节点name: Group[0]-1
360,49,0,2636
 节点name: Group[0]-1
360,54,0,2904
 节点name: Group[0]-1
360,44,0,2377
 节点name: Group[0]-1
360,54,0,2901
 节点name: Group[0]-1
360,37,0,1997
 节点name: Group[0]-1
360,48,0,2589
 节点name: Group[0]-1
360,45,0,2436
 节点name: Group[0]-1
360,57,0,3037
 节点name: Group[0]-1
360,57,0,3050
 节点name: Group[0]-1
360,51,0,2748
 节点name: Group[0]-1
360,54,0,2893
 节点name: Group[0]-1
360,53,0,2856
 节点name: Group[0]-1
360,51,0,2752
 节点name: Group[0]-1
360,47,0,2521
