 节点name: Group[0]-1
120,4112,0,118378
 节点name: Group[0]-1
120,4042,0,116358
 节点name: Group[0]-1
120,4043,0,116404
 节点name: Group[0]-1
120,3991,0,114907
 节点name: Group[0]-1
120,4170,0,120010
 节点name: Group[0]-1
120,3954,0,113860
 节点name: Group[0]-1
120,4099,0,117991
 节点name: Group[0]-1
120,4073,0,117285
 节点name: Group[0]-1
120,4126,0,118827
 节点name: Group[0]-1
120,4260,0,122599
 节点name: Group[0]-1
120,4094,0,117885
 节点name: Group[0]-1
120,4069,0,117153
 节点name: Group[0]-1
120,4065,0,117022
 节点name: Group[0]-1
120,3995,0,115022
 节点name: Group[0]-1
120,3979,0,114562
 节点name: Group[0]-1
120,4067,0,117085
 节点name: Group[0]-1
120,3934,0,113290
 节点name: Group[0]-1
120,4024,0,115871
 节点name: Group[0]-1
120,4183,0,120477
 节点name: Group[0]-1
120,4052,0,116624
 节点name: Group[0]-1
120,3971,0,114344
 节点name: Group[0]-1
120,4093,0,117825
 节点name: Group[0]-1
120,4169,0,119999
 节点name: Group[0]-1
120,4072,0,117250
 节点name: Group[0]-1
120,4164,0,119932
 节点name: Group[0]-1
120,4177,0,120283
 节点name: Group[0]-1
120,4092,0,117763
 节点name: Group[0]-1
120,4129,0,118882
 节点name: Group[0]-1
120,4083,0,117559
 节点name: Group[0]-1
120,4167,0,119981
 节点name: Group[0]-1
120,4096,0,117931
 节点name: Group[0]-1
120,4069,0,117190
 节点name: Group[0]-1
120,4116,0,118501
 节点name: Group[0]-1
120,4132,0,118963
 节点name: Group[0]-1
120,4124,0,118738
 节点name: Group[0]-1
120,4134,0,119010
 节点name: Group[0]-1
120,4118,0,118555
 节点name: Group[0]-1
120,4229,0,121698
 节点name: Group[0]-1
120,4037,0,116227
 节点name: Group[0]-1
120,3959,0,113967
 节点name: Group[0]-1
120,4122,0,118641
 节点name: Group[0]-1
120,4081,0,117507
 节点name: Group[0]-1
120,4119,0,118581
 节点name: Group[0]-1
120,4145,0,119386
 节点name: Group[0]-1
120,4220,0,121548
 节点name: Group[0]-1
120,3983,0,114652
 节点name: Group[0]-1
120,4177,0,120250
 节点name: Group[0]-1
120,4091,0,117720
 节点name: Group[0]-1
120,4129,0,118847
 节点name: Group[0]-1
120,4067,0,117098
 节点name: Group[0]-1
120,4050,0,116598
 节点name: Group[0]-1
120,4205,0,121015
 节点name: Group[0]-1
120,4138,0,119134
 节点name: Group[0]-1
120,4158,0,119661
 节点name: Group[0]-1
120,4092,0,117781
 节点name: Group[0]-1
120,4000,0,115165
 节点name: Group[0]-1
120,4012,0,115521
 节点name: Group[0]-1
120,4171,0,120084
 节点name: Group[0]-1
120,4073,0,117215
 节点name: Group[0]-1
120,4022,0,115833
 节点name: Group[0]-1
120,4173,0,120166
 节点name: Group[0]-1
120,4132,0,118964
 节点name: Group[0]-1
120,4062,0,116930
 节点name: Group[0]-1
120,3999,0,115156
 节点name: Group[0]-1
120,4121,0,118638
 节点name: Group[0]-1
120,4192,0,120678
 节点name: Group[0]-1
120,4008,0,115400
 节点name: Group[0]-1
120,4012,0,115531
 节点name: Group[0]-1
120,4066,0,117076
 节点name: Group[0]-1
120,4011,0,115455
 节点name: Group[0]-1
120,4008,0,115378
 节点name: Group[0]-1
120,4058,0,116863
 节点name: Group[0]-1
120,4140,0,119183
 节点name: Group[0]-1
120,4127,0,118810
 节点name: Group[0]-1
120,4073,0,117288
 节点name: Group[0]-1
120,4009,0,115407
 节点name: Group[0]-1
120,4100,0,118015
 节点name: Group[0]-1
120,4045,0,116467
 节点name: Group[0]-1
120,4059,0,116843
 节点name: Group[0]-1
120,4102,0,118104
 节点name: Group[0]-1
120,4131,0,118970
 节点name: Group[0]-1
120,4010,0,115450
 节点name: Group[0]-1
120,4094,0,117899
 节点name: Group[0]-1
120,4138,0,119127
 节点name: Group[0]-1
120,4117,0,118537
 节点name: Group[0]-1
120,4047,0,116509
 节点name: Group[0]-1
120,4053,0,116688
 节点name: Group[0]-1
120,4143,0,119251
 节点name: Group[0]-1
120,4127,0,118821
 节点name: Group[0]-1
120,4141,0,119260
 节点name: Group[0]-1
120,4174,0,120176
 节点name: Group[0]-1
120,4088,0,117698
 节点name: Group[0]-1
120,4141,0,119229
 节点name: Group[0]-1
120,4048,0,116574
 节点name: Group[0]-1
120,3976,0,114454
 节点name: Group[0]-1
120,4030,0,116045
 节点name: Group[0]-1
120,4090,0,117792
 节点name: Group[0]-1
120,4034,0,116163
 节点name: Group[0]-1
120,4194,0,120760
 节点name: Group[0]-1
120,4091,0,117800
 节点name: Group[0]-1
120,4105,0,118167
 节点name: Group[0]-1
120,4084,0,117580
 节点name: Group[0]-1
120,4115,0,118476
 节点name: Group[0]-1
120,4036,0,116192
 节点name: Group[0]-1
120,4116,0,118565
 节点name: Group[0]-1
120,4045,0,116476
 节点name: Group[0]-1
120,4012,0,115456
 节点name: Group[0]-1
120,4179,0,120289
 节点name: Group[0]-1
120,4109,0,118262
 节点name: Group[0]-1
120,4037,0,116211
 节点name: Group[0]-1
120,3964,0,114155
 节点name: Group[0]-1
120,4179,0,120320
 节点name: Group[0]-1
120,4025,0,115887
 节点name: Group[0]-1
120,4173,0,120109
 节点name: Group[0]-1
120,4178,0,120297
 节点name: Group[0]-1
120,4013,0,115526
 节点name: Group[0]-1
120,4137,0,119087
 节点name: Group[0]-1
120,4174,0,120153
 节点name: Group[0]-1
120,4007,0,115338
 节点name: Group[0]-1
120,4170,0,120025
