 节点name: Group[0]-1
360,349,0,16228
 节点name: Group[0]-1
360,319,0,14856
 节点name: Group[0]-1
360,376,0,17449
 节点name: Group[0]-1
360,303,0,14071
 节点name: Group[0]-1
360,337,0,15645
 节点name: Group[0]-1
360,360,0,16611
 节点name: Group[0]-1
360,342,0,15851
 节点name: Group[0]-1
360,321,0,14853
 节点name: Group[0]-1
360,364,0,16846
 节点name: Group[0]-1
360,339,0,15762
 节点name: Group[0]-1
360,312,0,14551
 节点name: Group[0]-1
360,319,0,14701
 节点name: Group[0]-1
360,334,0,15465
 节点name: Group[0]-1
360,317,0,14670
 节点name: Group[0]-1
360,330,0,14951
 节点name: Group[0]-1
360,296,0,13346
 节点name: Group[0]-1
360,323,0,14608
 节点name: Group[0]-1
360,350,0,15692
 节点name: Group[0]-1
360,307,0,13892
 节点name: Group[0]-1
360,352,0,15875
 节点name: Group[0]-1
360,355,0,16028
 节点name: Group[0]-1
360,338,0,15305
 节点name: Group[0]-1
360,313,0,14133
 节点name: Group[0]-1
360,329,0,14974
 节点name: Group[0]-1
360,296,0,13427
 节点name: Group[0]-1
360,375,0,16854
 节点name: Group[0]-1
360,327,0,14771
 节点name: Group[0]-1
360,329,0,14922
 节点name: Group[0]-1
360,345,0,15600
 节点name: Group[0]-1
360,344,0,15511
 节点name: Group[0]-1
360,344,0,15593
 节点name: Group[0]-1
360,349,0,15811
 节点name: Group[0]-1
360,338,0,15292
 节点name: Group[0]-1
360,350,0,15932
 节点name: Group[0]-1
360,356,0,16174
 节点name: Group[0]-1
360,344,0,15583
 节点name: Group[0]-1
360,331,0,15092
 节点name: Group[0]-1
360,337,0,15186
 节点name: Group[0]-1
360,311,0,14154
 节点name: Group[0]-1
360,343,0,15399
 节点name: Group[0]-1
360,340,0,15375
 节点name: Group[0]-1
360,349,0,15848
 节点name: Group[0]-1
360,301,0,13562
 节点name: Group[0]-1
360,360,0,16226
 节点name: Group[0]-1
360,364,0,16514
 节点name: Group[0]-1
360,311,0,14105
 节点name: Group[0]-1
360,304,0,13840
 节点name: Group[0]-1
360,336,0,15157
 节点name: Group[0]-1
360,357,0,16146
 节点name: Group[0]-1
360,310,0,14003
 节点name: Group[0]-1
360,364,0,16511
 节点name: Group[0]-1
360,321,0,14561
 节点name: Group[0]-1
360,350,0,15761
 节点name: Group[0]-1
360,362,0,16343
 节点name: Group[0]-1
360,288,0,13043
 节点name: Group[0]-1
360,327,0,14830
 节点name: Group[0]-1
360,344,0,15446
 节点name: Group[0]-1
360,337,0,15265
 节点name: Group[0]-1
360,316,0,14237
 节点name: Group[0]-1
360,334,0,15146
 节点name: Group[0]-1
360,316,0,14362
 节点name: Group[0]-1
360,318,0,14406
 节点name: Group[0]-1
360,314,0,14233
 节点name: Group[0]-1
360,284,0,12838
 节点name: Group[0]-1
360,293,0,13220
 节点name: Group[0]-1
360,330,0,14957
 节点name: Group[0]-1
360,349,0,15784
 节点name: Group[0]-1
360,326,0,14713
 节点name: Group[0]-1
360,335,0,15130
 节点name: Group[0]-1
360,342,0,15479
 节点name: Group[0]-1
360,331,0,15036
 节点name: Group[0]-1
360,323,0,14602
 节点name: Group[0]-1
360,332,0,15016
 节点name: Group[0]-1
360,368,0,16706
 节点name: Group[0]-1
360,340,0,15408
 节点name: Group[0]-1
360,328,0,14859
 节点name: Group[0]-1
360,320,0,14503
 节点name: Group[0]-1
360,328,0,14910
 节点name: Group[0]-1
360,358,0,16219
 节点name: Group[0]-1
360,313,0,14218
 节点name: Group[0]-1
360,344,0,15573
 节点name: Group[0]-1
360,310,0,13995
 节点name: Group[0]-1
360,323,0,14655
 节点name: Group[0]-1
360,344,0,15626
 节点name: Group[0]-1
360,323,0,14563
 节点name: Group[0]-1
360,339,0,15427
 节点name: Group[0]-1
360,370,0,16768
 节点name: Group[0]-1
360,356,0,16062
 节点name: Group[0]-1
360,286,0,12946
 节点name: Group[0]-1
360,336,0,15199
 节点name: Group[0]-1
360,338,0,15289
 节点name: Group[0]-1
360,325,0,14726
 节点name: Group[0]-1
360,344,0,15571
 节点name: Group[0]-1
360,341,0,15311
 节点name: Group[0]-1
360,343,0,15482
 节点name: Group[0]-1
360,338,0,15297
 节点name: Group[0]-1
360,335,0,15151
 节点name: Group[0]-1
360,334,0,15212
 节点name: Group[0]-1
360,318,0,14427
 节点name: Group[0]-1
360,346,0,15648
 节点name: Group[0]-1
360,357,0,16176
 节点name: Group[0]-1
360,307,0,13898
 节点name: Group[0]-1
360,308,0,13965
 节点name: Group[0]-1
360,302,0,13617
 节点name: Group[0]-1
360,322,0,14568
 节点name: Group[0]-1
360,326,0,14726
 节点name: Group[0]-1
360,328,0,14731
 节点name: Group[0]-1
360,324,0,14741
 节点name: Group[0]-1
360,336,0,15278
 节点name: Group[0]-1
360,309,0,13988
 节点name: Group[0]-1
360,334,0,15117
 节点name: Group[0]-1
360,347,0,15761
 节点name: Group[0]-1
360,350,0,15774
 节点name: Group[0]-1
360,336,0,15149
 节点name: Group[0]-1
360,307,0,13831
 节点name: Group[0]-1
360,328,0,14862
 节点name: Group[0]-1
360,306,0,13840
 节点name: Group[0]-1
360,346,0,15604
 节点name: Group[0]-1
360,363,0,16373
 节点name: Group[0]-1
360,314,0,14220
 节点name: Group[0]-1
360,341,0,15494
 节点name: Group[0]-1
360,350,0,15891
 节点name: Group[0]-1
360,327,0,14892
 节点name: Group[0]-1
360,329,0,14924
 节点name: Group[0]-1
360,318,0,14361
 节点name: Group[0]-1
360,335,0,15144
 节点name: Group[0]-1
360,339,0,15398
 节点name: Group[0]-1
360,355,0,16097
 节点name: Group[0]-1
360,338,0,15199
 节点name: Group[0]-1
360,297,0,13364
 节点name: Group[0]-1
360,354,0,16132
 节点name: Group[0]-1
360,337,0,15276
 节点name: Group[0]-1
360,311,0,14091
 节点name: Group[0]-1
360,337,0,15174
 节点name: Group[0]-1
360,325,0,14615
 节点name: Group[0]-1
360,323,0,14631
 节点name: Group[0]-1
360,365,0,16467
 节点name: Group[0]-1
360,267,0,12016
 节点name: Group[0]-1
360,289,0,13068
 节点name: Group[0]-1
360,296,0,13358
 节点name: Group[0]-1
360,308,0,13900
 节点name: Group[0]-1
360,335,0,15235
 节点name: Group[0]-1
360,311,0,14022
 节点name: Group[0]-1
360,335,0,15099
 节点name: Group[0]-1
360,300,0,13552
 节点name: Group[0]-1
360,303,0,13719
 节点name: Group[0]-1
360,345,0,15543
 节点name: Group[0]-1
360,336,0,15161
 节点name: Group[0]-1
360,319,0,14431
 节点name: Group[0]-1
360,322,0,14469
 节点name: Group[0]-1
360,347,0,15660
 节点name: Group[0]-1
360,343,0,15510
 节点name: Group[0]-1
360,331,0,14916
 节点name: Group[0]-1
360,371,0,16813
 节点name: Group[0]-1
360,298,0,13515
 节点name: Group[0]-1
360,323,0,14742
 节点name: Group[0]-1
360,323,0,14590
 节点name: Group[0]-1
360,335,0,15129
 节点name: Group[0]-1
360,335,0,15140
 节点name: Group[0]-1
360,339,0,15246
 节点name: Group[0]-1
360,337,0,15293
 节点name: Group[0]-1
360,326,0,14688
 节点name: Group[0]-1
360,353,0,16080
 节点name: Group[0]-1
360,345,0,15516
 节点name: Group[0]-1
360,356,0,16023
 节点name: Group[0]-1
360,293,0,13294
 节点name: Group[0]-1
360,354,0,16051
 节点name: Group[0]-1
360,313,0,14165
 节点name: Group[0]-1
360,361,0,16305
 节点name: Group[0]-1
360,334,0,15077
 节点name: Group[0]-1
360,343,0,15556
 节点name: Group[0]-1
360,308,0,14036
 节点name: Group[0]-1
360,296,0,13359
 节点name: Group[0]-1
360,319,0,14406
 节点name: Group[0]-1
360,309,0,13948
 节点name: Group[0]-1
360,345,0,15622
 节点name: Group[0]-1
360,345,0,15555
 节点name: Group[0]-1
360,332,0,15059
 节点name: Group[0]-1
360,344,0,15507
 节点name: Group[0]-1
360,352,0,16047
 节点name: Group[0]-1
360,374,0,16864
 节点name: Group[0]-1
360,312,0,14126
 节点name: Group[0]-1
360,353,0,15895
 节点name: Group[0]-1
360,314,0,14197
 节点name: Group[0]-1
360,338,0,15274
 节点name: Group[0]-1
360,345,0,15575
 节点name: Group[0]-1
360,333,0,15048
 节点name: Group[0]-1
360,359,0,16298
 节点name: Group[0]-1
360,333,0,15078
 节点name: Group[0]-1
360,315,0,14307
 节点name: Group[0]-1
360,350,0,15845
 节点name: Group[0]-1
360,328,0,14706
 节点name: Group[0]-1
360,345,0,15590
 节点name: Group[0]-1
360,324,0,14686
 节点name: Group[0]-1
360,339,0,15347
 节点name: Group[0]-1
360,335,0,15154
 节点name: Group[0]-1
360,353,0,15986
 节点name: Group[0]-1
360,323,0,14557
 节点name: Group[0]-1
360,317,0,14327
 节点name: Group[0]-1
360,303,0,13567
 节点name: Group[0]-1
360,301,0,13564
 节点name: Group[0]-1
360,304,0,13724
 节点name: Group[0]-1
360,340,0,15329
 节点name: Group[0]-1
360,333,0,14974
 节点name: Group[0]-1
360,363,0,16323
 节点name: Group[0]-1
360,323,0,14562
 节点name: Group[0]-1
360,296,0,13386
 节点name: Group[0]-1
360,331,0,14973
 节点name: Group[0]-1
360,342,0,15432
 节点name: Group[0]-1
360,352,0,15970
 节点name: Group[0]-1
360,333,0,15187
 节点name: Group[0]-1
360,353,0,15974
 节点name: Group[0]-1
360,321,0,14487
 节点name: Group[0]-1
360,338,0,15325
 节点name: Group[0]-1
360,313,0,14136
 节点name: Group[0]-1
360,310,0,14005
 节点name: Group[0]-1
360,332,0,15102
 节点name: Group[0]-1
360,273,0,12232
 节点name: Group[0]-1
360,343,0,15455
 节点name: Group[0]-1
360,336,0,15134
 节点name: Group[0]-1
360,326,0,14801
 节点name: Group[0]-1
360,375,0,16873
 节点name: Group[0]-1
360,380,0,17226
 节点name: Group[0]-1
360,337,0,15233
 节点name: Group[0]-1
360,325,0,14656
 节点name: Group[0]-1
360,350,0,15864
 节点name: Group[0]-1
360,326,0,14764
 节点name: Group[0]-1
360,319,0,14439
 节点name: Group[0]-1
360,360,0,16253
 节点name: Group[0]-1
360,338,0,15318
 节点name: Group[0]-1
360,319,0,14397
 节点name: Group[0]-1
360,350,0,15805
 节点name: Group[0]-1
360,341,0,15493
 节点name: Group[0]-1
360,331,0,15012
 节点name: Group[0]-1
360,373,0,16846
 节点name: Group[0]-1
360,355,0,16039
 节点name: Group[0]-1
360,313,0,14128
 节点name: Group[0]-1
360,312,0,13994
 节点name: Group[0]-1
360,344,0,15519
 节点name: Group[0]-1
360,334,0,14986
 节点name: Group[0]-1
360,355,0,16032
 节点name: Group[0]-1
360,320,0,14515
 节点name: Group[0]-1
360,326,0,14723
 节点name: Group[0]-1
360,361,0,16240
 节点name: Group[0]-1
360,313,0,14196
 节点name: Group[0]-1
360,328,0,14876
 节点name: Group[0]-1
360,295,0,13352
 节点name: Group[0]-1
360,310,0,14025
 节点name: Group[0]-1
360,335,0,15156
 节点name: Group[0]-1
360,346,0,15633
 节点name: Group[0]-1
360,324,0,14636
 节点name: Group[0]-1
360,323,0,14632
 节点name: Group[0]-1
360,317,0,14258
 节点name: Group[0]-1
360,340,0,15388
 节点name: Group[0]-1
360,331,0,14961
 节点name: Group[0]-1
360,309,0,14029
 节点name: Group[0]-1
360,329,0,14874
 节点name: Group[0]-1
360,321,0,14655
 节点name: Group[0]-1
360,342,0,15459
 节点name: Group[0]-1
360,355,0,16128
 节点name: Group[0]-1
360,331,0,14978
 节点name: Group[0]-1
360,346,0,15603
 节点name: Group[0]-1
360,356,0,16060
 节点name: Group[0]-1
360,319,0,14364
 节点name: Group[0]-1
360,310,0,13933
 节点name: Group[0]-1
360,320,0,14494
 节点name: Group[0]-1
360,306,0,13757
 节点name: Group[0]-1
360,344,0,15514
 节点name: Group[0]-1
360,329,0,14848
 节点name: Group[0]-1
360,330,0,14940
 节点name: Group[0]-1
360,311,0,14015
 节点name: Group[0]-1
360,350,0,15846
 节点name: Group[0]-1
360,290,0,13175
 节点name: Group[0]-1
360,345,0,15639
 节点name: Group[0]-1
360,344,0,15782
 节点name: Group[0]-1
360,320,0,14556
 节点name: Group[0]-1
360,303,0,13667
 节点name: Group[0]-1
360,306,0,13829
 节点name: Group[0]-1
360,353,0,15951
 节点name: Group[0]-1
360,323,0,14669
 节点name: Group[0]-1
360,338,0,15223
 节点name: Group[0]-1
360,363,0,16324
 节点name: Group[0]-1
360,329,0,14867
 节点name: Group[0]-1
360,303,0,13694
 节点name: Group[0]-1
360,335,0,15139
 节点name: Group[0]-1
360,358,0,16162
 节点name: Group[0]-1
360,316,0,14222
 节点name: Group[0]-1
360,356,0,16084
 节点name: Group[0]-1
360,359,0,16277
 节点name: Group[0]-1
360,337,0,15672
 节点name: Group[0]-1
360,336,0,15516
 节点name: Group[0]-1
360,308,0,14434
 节点name: Group[0]-1
360,320,0,14813
 节点name: Group[0]-1
360,322,0,14906
 节点name: Group[0]-1
360,315,0,14484
 节点name: Group[0]-1
360,354,0,16409
 节点name: Group[0]-1
360,310,0,14379
 节点name: Group[0]-1
360,323,0,14948
 节点name: Group[0]-1
360,359,0,16639
 节点name: Group[0]-1
360,359,0,16583
 节点name: Group[0]-1
360,359,0,16612
 节点name: Group[0]-1
360,360,0,16662
 节点name: Group[0]-1
360,347,0,16150
 节点name: Group[0]-1
360,358,0,16607
 节点name: Group[0]-1
360,356,0,16545
 节点name: Group[0]-1
360,307,0,14218
 节点name: Group[0]-1
360,356,0,16451
 节点name: Group[0]-1
360,348,0,16177
 节点name: Group[0]-1
360,307,0,14255
 节点name: Group[0]-1
360,321,0,15033
 节点name: Group[0]-1
360,351,0,16169
 节点name: Group[0]-1
360,334,0,15574
 节点name: Group[0]-1
360,315,0,14742
 节点name: Group[0]-1
360,334,0,15471
 节点name: Group[0]-1
360,334,0,15461
 节点name: Group[0]-1
360,322,0,14945
 节点name: Group[0]-1
360,325,0,15153
 节点name: Group[0]-1
360,354,0,16363
 节点name: Group[0]-1
360,360,0,16622
 节点name: Group[0]-1
360,331,0,15398
 节点name: Group[0]-1
360,345,0,15970
 节点name: Group[0]-1
360,364,0,16747
 节点name: Group[0]-1
360,318,0,14743
 节点name: Group[0]-1
360,354,0,16449
 节点name: Group[0]-1
360,324,0,15072
 节点name: Group[0]-1
360,339,0,15741
 节点name: Group[0]-1
360,315,0,14615
 节点name: Group[0]-1
360,330,0,15332
 节点name: Group[0]-1
360,354,0,16415
 节点name: Group[0]-1
360,304,0,14134
 节点name: Group[0]-1
360,342,0,15894
 节点name: Group[0]-1
360,341,0,15791
 节点name: Group[0]-1
360,331,0,15323
 节点name: Group[0]-1
360,332,0,15416
 节点name: Group[0]-1
360,351,0,16209
 节点name: Group[0]-1
360,324,0,15098
 节点name: Group[0]-1
360,336,0,15627
 节点name: Group[0]-1
360,340,0,15809
 节点name: Group[0]-1
360,341,0,15788
 节点name: Group[0]-1
360,343,0,15904
 节点name: Group[0]-1
360,328,0,15300
 节点name: Group[0]-1
360,325,0,15121
 节点name: Group[0]-1
360,321,0,14921
 节点name: Group[0]-1
360,311,0,14434
 节点name: Group[0]-1
360,296,0,13751
 节点name: Group[0]-1
360,348,0,16227
 节点name: Group[0]-1
360,354,0,16424
 节点name: Group[0]-1
360,353,0,16369
 节点name: Group[0]-1
360,343,0,15971
 节点name: Group[0]-1
360,356,0,16382
 节点name: Group[0]-1
360,350,0,16143
 节点name: Group[0]-1
360,325,0,15064
 节点name: Group[0]-1
360,328,0,15160
 节点name: Group[0]-1
360,340,0,15920
 节点name: Group[0]-1
360,349,0,16182
 节点name: Group[0]-1
360,357,0,16555
 节点name: Group[0]-1
360,333,0,15412
 节点name: Group[0]-1
360,352,0,16328
 节点name: Group[0]-1
360,333,0,15385
 节点name: Group[0]-1
360,299,0,13939
