"s_nation","d_yearmonthnum","lo_partkey","lo_revenue","lo_supplycost"
"IRAQ",199210,58652,4145813,96639
"EGYPT",199212,547089,3117348,68163
"IRAN",199212,477434,5532727,84684
"IRAQ",199204,84472,4282021,87388
"EGYPT",199201,30063,2261197,59583
"IRAQ",199203,64602,3722241,93996
"IRAQ",199209,249509,4764886,87509
"IRAN",199202,262250,1333464,72734
"SAUDI ARABIA",199203,143377,142037,85222
"SAUDI ARABIA",199204,171597,5005770,100115
"IRAN",199204,9298,4587702,72437
"EGYPT",199211,372967,7472336,122397
"SAUDI ARABIA",199207,16575,2067316,89494
"JORDAN",199202,534146,1888192,70807
"IRAN",199208,384872,383544,117411
"SAUDI ARABIA",199207,412003,4124729,54898
"JORDAN",199202,370355,3245499,85520
"IRAQ",199209,115989,6415936,120298
"SAUDI ARABIA",199205,500716,5836746,103001
"IRAN",199212,112063,3299359,64503
"JORDAN",199210,45653,633065,95919
"IRAN",199212,19477,5115269,83788
"SAUDI ARABIA",199204,480877,8546110,111471
"EGYPT",199207,276595,7238697,94294
"IRAN",199201,310989,4507932,119998
"IRAQ",199202,211279,5713248,71415
"EGYPT",199212,425301,5220273,73576
"IRAN",199207,520072,1819355,65523
"EGYPT",199207,221208,2571165,67751
"IRAN",199208,337821,6922208,111528
"SAUDI ARABIA",199208,453752,1350938,102343
"IRAQ",199209,433353,2143025,77179
"SAUDI ARABIA",199208,395609,5625147,102275
"SAUDI ARABIA",199208,17570,2945388,89254
"SAUDI ARABIA",199209,468172,3463775,68409
"JORDAN",199206,437646,6017756,95017
"SAUDI ARABIA",199206,504566,5597404,94232
"EGYPT",199203,362779,184176,110505
"IRAQ",199209,513423,3878280,86184
"IRAQ",199204,211874,3750306,107151
"SAUDI ARABIA",199204,253803,8432592,105407
"IRAN",199211,14697,1263564,96701
"IRAQ",199206,497352,5937052,80959
"IRAN",199201,227796,8532711,103426
"EGYPT",199205,445465,279267,84626
"IRAQ",199207,220303,363317,73397
"SAUDI ARABIA",199211,199173,5984287,76330
"IRAQ",199210,85830,2336973,108949
"SAUDI ARABIA",199210,96209,2266981,72312
"IRAQ",199211,74748,861370,103364
"IRAN",199204,354536,6770843,95431
"SAUDI ARABIA",199201,278722,2500043,102042
"JORDAN",199208,76074,4013367,63004
"JORDAN",199212,24840,349438,105890
"SAUDI ARABIA",199212,381750,1632080,109904
"JORDAN",199211,276316,4861632,77538
"JORDAN",199204,212199,5335886,66670
"IRAQ",199207,182848,7454973,115850
"IRAQ",199210,434247,2362440,70873
"JORDAN",199207,381607,2701744,101315
"JORDAN",199210,59666,2926188,97539
"IRAN",199210,160573,1120629,98014
"IRAQ",199211,350082,3622624,67924
"JORDAN",199208,148274,2332484,79336
"IRAQ",199211,134695,8475481,103781
"EGYPT",199210,550819,1121874,112187
"EGYPT",199206,13300,121330,72798
"IRAN",199204,423523,3260411,86790
"JORDAN",199208,25812,8258073,104268
"EGYPT",199204,339406,2549667,86723
"JORDAN",199205,138970,10044850,120538
"SAUDI ARABIA",199210,358058,5245388,66962
"IRAN",199207,466261,368172,73634
"JORDAN",199212,475173,3038004,68889
"IRAQ",199211,121261,4316087,76935
"IRAN",199206,420276,2723861,71775
"IRAQ",199203,552090,3805377,68524
"SAUDI ARABIA",199201,247292,3222128,74356
"JORDAN",199210,169320,2338225,83359
"IRAQ",199203,382637,7566328,103177
"SAUDI ARABIA",199206,183189,6109008,76330
"EGYPT",199207,174206,5504860,76812
"SAUDI ARABIA",199204,524092,1562498,66964
"EGYPT",199210,575046,3884334,67261
"JORDAN",199201,201586,1020473,89254
"EGYPT",199210,158265,4631410,79395
"EGYPT",199210,187994,2652455,124919
"SAUDI ARABIA",199211,275350,129883,79520
"IRAQ",199211,437379,3999071,78981
"JORDAN",199212,377225,510466,78132
"IRAQ",199205,80300,4893306,76818
"EGYPT",199201,369504,2360235,94409
"JORDAN",199202,227840,8142624,106069
"EGYPT",199204,494319,130015,78797
"EGYPT",199203,179398,1625129,88643
"EGYPT",199202,400910,7171124,108653
"IRAQ",199201,378314,5708430,83538
"SAUDI ARABIA",199201,556284,1206234,80415
"EGYPT",199201,408766,4476580,100484
"SAUDI ARABIA",199202,599478,6467545,94647
"JORDAN",199208,175597,6690360,100355
"EGYPT",199209,184190,1911285,76451
"IRAN",199211,109515,905558,91470
"JORDAN",199211,446386,130571,79941
"EGYPT",199211,14171,4015129,65110
"JORDAN",199207,454060,3513648,60842
"SAUDI ARABIA",199212,403034,2319099,56220
"EGYPT",199212,379099,5183552,70684
"SAUDI ARABIA",199203,542213,251038,75311
"EGYPT",199205,427949,8645093,112615
"JORDAN",199203,218503,417918,85289
"SAUDI ARABIA",199208,155426,6221964,88885
"EGYPT",199208,565532,4111990,95850
"IRAQ",199208,282121,2594514,66186
"JORDAN",199210,512410,1812124,85343
"EGYPT",199204,430584,3029120,90873
"IRAN",199207,389221,1540806,78612
"IRAQ",199207,297230,4908880,73633
"IRAN",199206,182030,2201819,66721
"IRAN",199201,263527,4528169,89430
"JORDAN",199211,119359,4052349,82701
"IRAN",199207,315116,1343746,67866
"EGYPT",199206,312522,5524236,92070
"SAUDI ARABIA",199204,166260,4679045,79575
"SAUDI ARABIA",199210,180712,7708653,107562
"SAUDI ARABIA",199209,301324,1443262,79518
"SAUDI ARABIA",199206,538320,6589113,81498
"IRAQ",199203,369517,2332155,95190
"JORDAN",199211,153804,735688,111468
"JORDAN",199208,503525,1348137,91710
"SAUDI ARABIA",199211,169665,7979436,104079
"SAUDI ARABIA",199207,97609,4408510,96396
"EGYPT",199211,491130,4994545,67266
"EGYPT",199203,228101,3293088,61745
"IRAN",199204,251947,1116570,113935
"JORDAN",199209,589304,1911580,83596
"EGYPT",199205,73239,4440398,72733
"EGYPT",199208,447040,3192022,59221
"JORDAN",199210,599416,3788475,90923
"JORDAN",199209,118243,4414340,75674
"IRAN",199203,482276,3523100,75495
"EGYPT",199202,506599,6993862,96334
"EGYPT",199206,99717,4120104,103002
"EGYPT",199206,557942,593976,119995
"JORDAN",199203,587827,2464347,114888
"EGYPT",199203,417879,889440,107811
"EGYPT",199209,384699,6467623,107020
"IRAQ",199207,250918,183152,112134
"IRAN",199202,162502,306642,93870
"SAUDI ARABIA",199202,486992,4114278,118738
"IRAQ",199205,142592,647297,98075
"IRAQ",199201,449172,3955417,67269
"IRAN",199210,329418,5065900,86844
"SAUDI ARABIA",199210,324947,1971930,118315
"IRAQ",199210,70711,1664892,100902
"SAUDI ARABIA",199209,5829,1190086,104089
"SAUDI ARABIA",199202,47173,4704714,67210
"IRAQ",199204,36012,650334,56880
"IRAN",199206,84487,1177184,88288
"IRAN",199210,482981,7855840,117837
"EGYPT",199204,174089,2878623,69784
"JORDAN",199212,114946,4804303,117656
"IRAQ",199202,166486,5379343,93148
"JORDAN",199209,314493,6783660,90448
"SAUDI ARABIA",199206,203091,1461297,59644
"JORDAN",199210,118043,1039819,63662
"SAUDI ARABIA",199203,150225,2167874,76513
"JORDAN",199208,511518,6965297,91769
"EGYPT",199210,437343,4767911,76819
"SAUDI ARABIA",199201,523299,1832666,79336
"EGYPT",199202,546977,2204081,121437
"SAUDI ARABIA",199205,70722,4231800,101563
"SAUDI ARABIA",199207,119689,5525871,102520
"SAUDI ARABIA",199210,220476,4147486,83787
"IRAQ",199206,116964,594288,118857
"IRAN",199208,257570,7026776,91653
"EGYPT",199202,532198,5358620,73810
"IRAQ",199202,438645,2508454,95017
"IRAN",199202,385502,1746239,95249
"IRAQ",199211,468084,2886852,63123
"EGYPT",199209,527599,4303904,97594
"SAUDI ARABIA",199209,2404,5173344,78384
"JORDAN",199201,99607,4612548,96396
"EGYPT",199204,26770,339354,101806
"IRAN",199207,179343,2675421,85340
"SAUDI ARABIA",199207,190961,1231176,123117
"SAUDI ARABIA",199208,51345,1143371,77780
"IRAQ",199210,161844,5849022,114350
"EGYPT",199210,377906,8641824,119033
"SAUDI ARABIA",199206,350128,461819,70686
"EGYPT",199209,564246,4879259,78613
"IRAN",199209,313670,166682,101019
"IRAN",199208,2985,4440528,113278
"EGYPT",199204,15822,8167754,104269
"IRAN",199201,581487,6148363,94107
"EGYPT",199210,383939,2775446,121375
"EGYPT",199205,349955,1964841,120296
"SAUDI ARABIA",199203,312814,180853,109608
"SAUDI ARABIA",199211,371955,9230684,121616
"IRAN",199204,93821,544446,108889
"IRAN",199204,289570,5502127,93573
"JORDAN",199201,46963,8130699,114597
"EGYPT",199206,438494,3649933,85948
"IRAN",199212,589194,4876046,76990
"IRAN",199203,598601,4879494,101974
"IRAN",199202,427432,4844937,81564
"JORDAN",199206,69823,7632034,107569
"EGYPT",199210,274930,1904920,114295
"IRAN",199202,134167,1545892,72069
"JORDAN",199204,357317,4122900,82458
"SAUDI ARABIA",199205,553942,197596,119755
"JORDAN",199206,304253,502896,75434
"EGYPT",199209,242071,3039180,60783
"IRAN",199203,166155,2296983,73269
"SAUDI ARABIA",199210,108248,4924460,75374
"IRAQ",199204,594521,3358624,96930
"IRAQ",199209,494508,4859020,90148
"IRAN",199203,135329,1364320,81859
"SAUDI ARABIA",199202,8,269676,54480
"IRAN",199204,317465,3261390,88947
"IRAQ",199206,18398,6450311,78983
"IRAN",199201,143566,1419631,96573
"SAUDI ARABIA",199212,425106,4899692,61864
"IRAQ",199212,319150,2199152,70148
"IRAN",199206,400316,1946064,72977
"IRAN",199209,224833,3867204,105469
"JORDAN",199201,395669,5470415,105879
"SAUDI ARABIA",199202,375679,8081963,105279
"JORDAN",199206,7412,4963620,79164
"SAUDI ARABIA",199205,540468,2240033,90506
"EGYPT",199208,492890,4243988,112972
"IRAN",199201,238078,3657816,60963
"SAUDI ARABIA",199203,234545,4833624,88771
"EGYPT",199202,405315,3050725,73217
"IRAN",199211,552234,4456717,77172
"EGYPT",199201,339763,7932100,108165
"IRAN",199212,344715,1034703,105582
"EGYPT",199202,395813,8503704,114528
"IRAQ",199212,459640,950174,95977
"EGYPT",199209,436357,3329031,77599
"IRAN",199204,111940,573870,117116
"IRAQ",199201,67284,500512,75076
"EGYPT",199206,417903,2704006,109252
"IRAN",199211,524065,1078149,65342
"IRAN",199207,401693,7016548,95680
"EGYPT",199212,92442,284019,86066
"JORDAN",199201,93728,5795309,103303
"JORDAN",199201,180358,6904080,86301
"EGYPT",199205,582638,8430989,103236
"EGYPT",199203,431274,1193197,72315
"IRAQ",199211,45484,1286532,85768
"JORDAN",199210,271074,1758835,62703
"IRAN",199212,524600,796044,97474
"JORDAN",199206,403259,1265668,69733
"IRAN",199204,224916,2164898,110454
"SAUDI ARABIA",199201,504692,2687525,101800
"IRAQ",199202,97686,3833739,101020
"SAUDI ARABIA",199203,187993,6034871,124859
"SAUDI ARABIA",199212,12807,1203860,103188
"IRAN",199203,559864,942681,115430
"IRAN",199212,399662,4756455,105699
"JORDAN",199203,201550,2730346,87092
"IRAN",199210,501685,1335834,101199
"IRAQ",199204,182506,157261,95310
"SAUDI ARABIA",199205,60597,2621423,93455
"IRAQ",199207,336214,5125820,75012
"SAUDI ARABIA",199207,251647,6330574,95917
"EGYPT",199205,482442,4415702,85465
"IRAQ",199211,325749,1932680,106483
"IRAN",199203,184015,5062040,65940
"IRAQ",199206,106705,6038877,102702
"JORDAN",199208,542582,6686688,97473
"IRAN",199203,272447,3794136,85165
"SAUDI ARABIA",199202,268009,4352490,58619
"IRAQ",199206,308518,3968900,91590
"IRAQ",199205,542481,4675498,91407
"IRAN",199201,565376,3852728,86481
"SAUDI ARABIA",199201,101381,5283456,82942
"IRAN",199201,497494,1033588,89488
"EGYPT",199201,379661,689297,104439
"JORDAN",199201,367314,1093989,82878
"JORDAN",199205,194240,533696,80054
"IRAQ",199207,351815,8213920,112008
"IRAN",199207,465605,3612334,94234
"EGYPT",199202,203367,5407879,76221
"SAUDI ARABIA",199211,245780,2050214,103546
"JORDAN",199211,544241,2544735,77113
"JORDAN",199211,157631,1337394,101317
"IRAQ",199207,275260,4157851,74115
"SAUDI ARABIA",199206,286688,4595294,100480
"JORDAN",199206,361208,746283,76151
"IRAN",199204,142732,5446646,106483
"EGYPT",199212,63908,561570,112314
"EGYPT",199204,151052,1747231,66183
"EGYPT",199210,233416,3643380,80964
"SAUDI ARABIA",199206,201601,150259,90155
"IRAQ",199210,27186,1432662,66790
"EGYPT",199210,480075,3446848,63303
"IRAN",199210,10132,722196,62527
"JORDAN",199209,11385,4620298,77782
"IRAQ",199208,94372,956459,81982
"IRAN",199211,957,7060210,111477
"JORDAN",199202,132202,1604460,74052
"SAUDI ARABIA",199203,143406,1721887,86964
"IRAQ",199210,187121,3196685,72487
"IRAQ",199205,40086,2844293,61564
"SAUDI ARABIA",199205,143205,3460010,74892
"JORDAN",199210,386027,4517707,66780
"IRAQ",199206,453514,2934980,88049
"SAUDI ARABIA",199205,450061,1415456,60662
"JORDAN",199203,270947,958965,115075
"IRAN",199212,447438,2194489,83124
"IRAN",199212,351175,1103544,73569
"IRAN",199210,86309,3238250,77718
"IRAN",199208,214321,856069,74118
"SAUDI ARABIA",199208,277881,7468939,111532
"EGYPT",199201,430339,2284758,76158
"EGYPT",199209,145779,361304,109486
"IRAQ",199209,556393,4161141,86962
"EGYPT",199210,490072,1699280,63723
"SAUDI ARABIA",199207,404830,1020068,104088
"SAUDI ARABIA",199207,504356,1466435,81619
"IRAQ",199207,500914,4316162,114893
"SAUDI ARABIA",199207,66854,6309245,109251
"EGYPT",199210,387926,7975083,120834
"JORDAN",199212,486724,7208889,102642
"IRAQ",199210,41067,1097777,60483
"EGYPT",199210,198310,6692289,84498
"JORDAN",199209,73166,1708740,68349
"JORDAN",199207,74731,8023753,102343
"IRAN",199211,358636,4575474,101677
"JORDAN",199211,530996,5675516,121618
"SAUDI ARABIA",199205,510540,6907566,93031
"EGYPT",199205,29198,1436040,67631
"JORDAN",199204,120629,3919497,98977
"IRAQ",199211,519215,370257,74051
"IRAQ",199204,595965,10098606,123656
"JORDAN",199201,246349,1036264,77719
"IRAQ",199204,383281,1871778,81856
"IRAQ",199208,418797,7134171,102946
"JORDAN",199204,18768,6241012,101205
"JORDAN",199211,193923,8269372,121015
"IRAQ",199211,79026,2487424,60301
"JORDAN",199207,418874,7350685,107571
"SAUDI ARABIA",199208,442349,4985786,77479
"EGYPT",199210,333504,1537490,92249
"JORDAN",199203,547601,3100978,98914
"IRAQ",199203,22943,3694561,111956
"IRAN",199202,149724,4079556,106423
"IRAQ",199202,5167,1501024,64329
"JORDAN",199202,231565,1319957,89793
"JORDAN",199207,465172,1783051,68229
"IRAQ",199202,428098,4672722,61564
"JORDAN",199209,519724,6277320,104622
"IRAN",199209,239599,5880452,92314
"EGYPT",199201,423031,373971,57240
"IRAN",199207,502551,4660590,93211
"JORDAN",199205,221773,7639978,101685
"EGYPT",199210,443414,3897066,81443
"EGYPT",199211,138888,1156128,115612
"JORDAN",199202,424804,7606632,103726
"IRAN",199210,275691,333336,100000
"SAUDI ARABIA",199204,511022,2024680,61980
"EGYPT",199210,115796,8430258,108707
"EGYPT",199208,338886,9431863,115492
"IRAQ",199202,416023,650727,56340
"EGYPT",199212,92264,1741176,75375
"EGYPT",199204,431926,1114740,111474
"SAUDI ARABIA",199204,219291,958541,72616
"SAUDI ARABIA",199208,543360,6601311,84200
"JORDAN",199207,380940,6602378,121255
"SAUDI ARABIA",199208,488584,6538704,94353
"SAUDI ARABIA",199204,252167,4277391,67149
"EGYPT",199211,564379,4041380,86601
"JORDAN",199211,107053,2098899,63603
"JORDAN",199207,267889,4913278,111412
"SAUDI ARABIA",199211,105560,6509598,93933
"IRAN",199204,103563,3446432,93993
"IRAN",199212,440184,4229089,67449
"EGYPT",199207,502506,3104451,90508
"IRAQ",199206,582042,5507698,67441
"IRAN",199208,515700,6284535,102940
"JORDAN",199210,510385,828843,83721
"EGYPT",199210,437589,4338483,91593
"IRAN",199205,128213,2606541,74472
"IRAN",199208,198020,4427359,67081
"SAUDI ARABIA",199212,488167,1501682,69308
"IRAN",199212,87236,5812788,73393
"IRAQ",199212,67471,6760809,86308
"JORDAN",199205,30340,4192122,76220
"SAUDI ARABIA",199212,228934,1825661,111775
"SAUDI ARABIA",199209,551605,328002,99394
"IRAQ",199206,581004,2169960,65098
"IRAQ",199208,107801,2686068,108528
"JORDAN",199209,33997,955840,115859
"SAUDI ARABIA",199202,101384,2078070,83122
"IRAN",199202,350116,3656889,69966
"EGYPT",199212,26925,8250303,111115
"EGYPT",199211,217620,3767144,92256
"IRAQ",199206,204774,658073,100725
"EGYPT",199208,351182,3746370,73990
"IRAQ",199208,112094,3318270,66365
"IRAQ",199205,343387,2002518,85822
"IRAN",199202,151971,9912553,121378
"IRAN",199211,63817,8638709,106848
"JORDAN",199211,416588,1327021,90273
"EGYPT",199206,484092,2152140,64564
"IRAQ",199211,56445,2774851,84086
"EGYPT",199207,458426,2192889,83064
"EGYPT",199208,341467,4629433,90507
"JORDAN",199201,71989,2523781,117658
"EGYPT",199207,506074,2566198,64803
"SAUDI ARABIA",199202,139352,964205,83481
"JORDAN",199203,111221,966060,73933
"JORDAN",199210,48331,3008984,76759
"EGYPT",199206,362219,1130018,76872
"IRAN",199210,293110,2757750,66186
"SAUDI ARABIA",199204,181219,257441,78012
"EGYPT",199202,344971,5531794,120957
"JORDAN",199211,134114,225029,68886
"SAUDI ARABIA",199205,9516,3245886,85530
"IRAQ",199212,428828,521769,105408
"JORDAN",199205,402732,4165241,98082
"IRAQ",199211,22549,1748189,88292
"IRAQ",199211,266623,6387052,95376
"JORDAN",199201,283487,6764162,88228
"IRAQ",199211,26263,5827374,71355
"IRAQ",199203,415427,1993464,80544
"IRAN",199209,444829,526818,106428
"EGYPT",199201,189074,1163070,69784
"SAUDI ARABIA",199210,480761,6656930,104504
"EGYPT",199211,15194,4502202,66551
"IRAN",199211,66325,6456600,77479
"JORDAN",199203,69141,2719843,66608
"SAUDI ARABIA",199209,411130,1145221,62466
"SAUDI ARABIA",199202,267798,4672253,105946
"IRAQ",199205,413330,1616303,74598
"IRAQ",199204,107085,4432752,65524
"SAUDI ARABIA",199204,377145,1796531,73327
"IRAN",199201,314296,5448144,78616
"IRAN",199203,131205,4326700,74172
"SAUDI ARABIA",199202,113169,3073616,70929
"IRAN",199207,173181,1843644,75250
"JORDAN",199204,447458,6261190,84325
"SAUDI ARABIA",199204,560285,922848,80715
"IRAN",199209,215682,3994175,95860
"JORDAN",199212,555525,3407558,94830
"IRAN",199202,34153,4687790,65229
"JORDAN",199203,373981,8748007,123298
"IRAN",199206,294708,5108070,102161
"IRAN",199208,101271,748094,76336
"IRAQ",199212,560327,1903375,83238
"SAUDI ARABIA",199209,6171,4158953,64630
"JORDAN",199201,187892,4355758,118793
"EGYPT",199203,559619,3860757,100715
"IRAN",199201,421182,655277,66189
"IRAQ",199201,156383,5325706,86362
"IRAN",199205,257249,2985419,72373
"EGYPT",199201,526291,521638,79036
"IRAN",199205,264048,3506683,60721
"IRAQ",199205,252608,4741072,93635
"SAUDI ARABIA",199205,333436,6336139,88165
"SAUDI ARABIA",199202,454519,583502,88409
"IRAQ",199201,446801,7267269,104866
"IRAN",199201,185019,2097619,66240
"IRAN",199207,341600,3775657,98495
"EGYPT",199204,66709,2955934,100542
"EGYPT",199203,204937,5470502,110515
"IRAN",199212,541211,876533,75131
"IRAQ",199204,581717,3417511,107921
"EGYPT",199202,557163,2869769,73208
"SAUDI ARABIA",199202,330315,3228720,80718
"SAUDI ARABIA",199208,582038,4928044,67200
"SAUDI ARABIA",199201,201400,1952085,78083
"JORDAN",199207,10316,1942475,73578
"IRAQ",199205,215669,1397661,95079
"SAUDI ARABIA",199204,532907,7371544,116392
"EGYPT",199209,17952,3665102,112197
"IRAN",199212,234494,5656780,85708
"EGYPT",199209,379083,115044,69724
"IRAN",199205,63121,2337362,65047
"IRAQ",199201,99646,1974768,98738
"EGYPT",199203,363535,3481576,95911
"SAUDI ARABIA",199205,525470,3077636,89727
"IRAQ",199201,209127,913849,62166
"IRAN",199204,495132,5191468,67626
"SAUDI ARABIA",199202,219318,4971471,74238
"EGYPT",199206,163599,3421610,99755
"SAUDI ARABIA",199208,186342,5427692,85700
"EGYPT",199210,492407,5317644,83962
"IRAQ",199212,516518,1994837,92069
"IRAQ",199212,51962,2870940,114837
"SAUDI ARABIA",199209,534836,9260509,112248
"SAUDI ARABIA",199209,259643,2221245,96157
"IRAQ",199207,340136,5645376,70567
"EGYPT",199203,12397,259259,78563
"IRAN",199203,156012,3977269,64080
"JORDAN",199203,83279,2102941,75736
"EGYPT",199209,245965,7261610,114657
"SAUDI ARABIA",199210,403517,6534254,85229
"EGYPT",199210,102979,3107728,118918
"JORDAN",199207,498894,7382193,113572
"IRAN",199212,260441,3363432,84085
"SAUDI ARABIA",199208,52735,1670852,101263
"IRAQ",199209,278075,1754397,63183
"SAUDI ARABIA",199210,225114,305495,62346
"SAUDI ARABIA",199210,425066,392451,59462
"IRAQ",199212,20920,5649783,110455
"IRAN",199209,389662,2574925,105099
"JORDAN",199205,228876,1624374,108291
"JORDAN",199206,279526,1505510,90330
"EGYPT",199211,323829,7337127,111168
"SAUDI ARABIA",199207,586203,252679,77350
"IRAN",199212,308656,1812792,99878
"JORDAN",199209,164392,6408116,87383
"EGYPT",199209,524027,2677948,63060
"SAUDI ARABIA",199212,13385,1558056,77902
"IRAQ",199209,369625,3985722,101676
"IRAN",199209,472546,3037040,91111
"SAUDI ARABIA",199211,534057,962288,65461
"IRAN",199211,2108,808080,60606
"JORDAN",199203,293157,2163413,69008
"IRAN",199206,392300,5012244,83537
"EGYPT",199201,409861,876565,106250
"EGYPT",199208,226033,4177491,57541
"SAUDI ARABIA",199212,95199,2223581,71651
"SAUDI ARABIA",199208,308851,7180842,111590
"SAUDI ARABIA",199209,188279,4375264,82036
"IRAQ",199204,234875,8062926,108591
"IRAN",199204,162889,1366316,117112
"IRAN",199209,552750,3244914,108163
"SAUDI ARABIA",199201,444972,8817970,115017
"SAUDI ARABIA",199212,506978,8932275,119097
"SAUDI ARABIA",199212,96373,4338164,82162
"IRAN",199212,390422,5390229,90744
"EGYPT",199207,232701,2287166,98021
"SAUDI ARABIA",199205,259650,7726272,96578
"JORDAN",199211,318542,2652901,93631
"IRAQ",199203,549552,2722601,96091
"IRAQ",199203,410242,230444,69133
"EGYPT",199212,30573,2504947,90214
"JORDAN",199206,297705,1001181,102161
"EGYPT",199206,310155,1048626,69908
"IRAQ",199207,517413,143039,85823
"IRAQ",199212,353714,2078815,106062
"JORDAN",199201,173503,3277543,94590
"SAUDI ARABIA",199203,400530,3719326,85830
"SAUDI ARABIA",199203,298668,4166625,99999
"SAUDI ARABIA",199205,453273,6131250,73575
"JORDAN",199203,98125,1871117,67387
"IRAN",199208,560962,3766714,121376
"IRAQ",199208,283762,513250,104745
"SAUDI ARABIA",199211,561596,2599069,99454
"EGYPT",199207,162101,5699190,69786
"SAUDI ARABIA",199210,3752,7947600,99345
"IRAQ",199203,318985,3406749,120238
"EGYPT",199202,196084,1062072,70804
"IRAN",199205,246625,3388391,94296
"IRAN",199203,262876,1456377,110331
"IRAN",199202,280468,1864155,86907
"EGYPT",199203,212633,3400364,92737
"EGYPT",199207,486632,1281939,97116
"SAUDI ARABIA",199209,95253,733971,74895
"JORDAN",199204,365823,3399858,113328
"EGYPT",199206,423697,4171604,97240
"SAUDI ARABIA",199204,388543,2078569,97891
"IRAN",199210,594062,3699328,69362
"SAUDI ARABIA",199209,452535,1041257,89250
"EGYPT",199207,66493,5400113,87569
"IRAQ",199204,62917,6886110,112794
"IRAN",199207,469518,7288701,89249
"IRAN",199207,145997,4449632,122579
"JORDAN",199201,473179,4378170,69129
"SAUDI ARABIA",199209,320932,781168,117175
"IRAQ",199202,406674,3286171,94839
"EGYPT",199201,37096,911185,61985
"IRAQ",199210,61387,533958,80902
"JORDAN",199210,590880,3476597,118251
"EGYPT",199212,193073,4271314,69964
"IRAQ",199212,265328,5043909,77598
"JORDAN",199206,59149,1551396,66488
"JORDAN",199206,454112,3905087,63965
"EGYPT",199207,65060,1406382,61503
"JORDAN",199207,172836,9448708,114529
"EGYPT",199203,194844,8637532,116330
"IRAQ",199203,542430,3789983,88344
"JORDAN",199209,258461,4968075,85167
"JORDAN",199206,361438,6828358,89965
"IRAN",199204,284799,2648913,107026
"IRAN",199212,364419,5088062,89004
"JORDAN",199202,161482,458413,92608
"IRAN",199203,386335,4548224,85279
"IRAQ",199203,36117,1263732,63186
"IRAQ",199209,83764,4967133,104865
"IRAN",199202,377336,3324128,84799
"IRAQ",199202,249532,3407496,88891
"EGYPT",199202,298074,4727784,64323
"EGYPT",199202,324285,6022642,78556
"EGYPT",199202,121661,6829916,100959
"EGYPT",199210,4375,4559674,76762
"IRAQ",199203,255446,6729666,84085
"IRAQ",199209,133241,2166208,76454
"SAUDI ARABIA",199202,540412,4211931,87143
"IRAN",199212,543824,2013488,112068
"IRAQ",199201,75748,675706,103424
"IRAQ",199209,459333,646155,77538
"JORDAN",199205,357495,2483968,93148
"JORDAN",199201,383087,2925175,70204
"IRAN",199204,324953,6461929,118676
"JORDAN",199209,454107,2495660,63664
"EGYPT",199208,368183,4781971,75070
"JORDAN",199204,588963,1206540,123116
"SAUDI ARABIA",199204,490884,5695824,112491
"IRAQ",199201,130974,4168332,120298
"JORDAN",199203,532815,7945497,110867
"SAUDI ARABIA",199208,167552,5713772,97173
"JORDAN",199201,285757,8197848,104564
"IRAQ",199212,425271,4454835,71775
"SAUDI ARABIA",199209,511557,1254824,94111
"IRAN",199202,268579,909965,92853
"IRAN",199202,347500,2578118,92849
"IRAN",199210,180715,897855,107742
"IRAN",199204,295666,162841,99699
"IRAQ",199210,551497,3793751,92908
"EGYPT",199212,216945,1824691,111715
"EGYPT",199205,41671,7095748,96760
"EGYPT",199204,426329,3321523,75318
"IRAN",199201,268706,1507221,100481
"JORDAN",199209,307441,4445231,86905
"SAUDI ARABIA",199209,76759,2041242,104145
"IRAN",199206,216563,4833689,88773
"IRAN",199205,426638,6970337,93876
"EGYPT",199212,3796,1332635,101987
"IRAN",199209,45014,854477,57540
"EGYPT",199201,444873,8543895,109071
"EGYPT",199208,458747,6311164,102343
"SAUDI ARABIA",199211,500689,4470840,101379
"JORDAN",199211,79146,675084,67508
"SAUDI ARABIA",199209,365787,4817202,111166
"IRAQ",199212,343920,3305260,117834
"SAUDI ARABIA",199208,132763,5866747,107745
"EGYPT",199201,467802,5256246,106186
"EGYPT",199206,182634,2186986,102997
"JORDAN",199201,485130,546403,66906
"IRAN",199201,338217,5094856,75312
"IRAQ",199209,469197,3381893,69970
"EGYPT",199203,64307,6167076,76278
"IRAQ",199212,103081,5099512,65044
"IRAN",199211,378512,5884850,95430
"EGYPT",199202,532533,1380779,93930
"JORDAN",199205,185168,992502,75189
"JORDAN",199202,182259,5257700,80475
"SAUDI ARABIA",199202,288468,6776861,87387
"JORDAN",199206,271136,332136,66427
"SAUDI ARABIA",199205,260500,4626832,87629
"JORDAN",199201,585313,5033844,83897
"JORDAN",199201,270218,931548,71292
"EGYPT",199211,409703,483804,96760
"EGYPT",199203,585214,3507813,77951
"EGYPT",199206,133953,6425796,119217
"JORDAN",199212,217640,1831772,93457
"IRAN",199212,568378,6236661,86781
"JORDAN",199205,484997,5438525,118918
"SAUDI ARABIA",199202,427174,1982070,66069
"IRAQ",199207,257936,2272704,113635
"IRAQ",199207,184224,4186304,78493
"IRAQ",199206,123647,6548908,100238
"IRAQ",199202,569328,4890550,83838
"IRAN",199206,449748,7809512,101863
"IRAN",199203,346645,8373568,101497
"IRAN",199212,418338,1354302,75378
"EGYPT",199206,369413,1320818,88944
"IRAQ",199207,367666,2231207,104019
"IRAQ",199206,405919,3397945,109493
"EGYPT",199210,52213,5595338,69912
"IRAN",199203,273556,3447583,91772
"IRAN",199203,369049,4870138,67081
"SAUDI ARABIA",199207,24572,7183536,89794
"IRAN",199211,393821,750605,114888
"IRAN",199209,566011,527725,64619
"SAUDI ARABIA",199210,2955,8645041,111477
"SAUDI ARABIA",199210,220439,1087536,81565
"IRAN",199201,42300,860913,74538
"SAUDI ARABIA",199202,21138,1153392,63547
"IRAN",199206,493746,6958880,104383
"JORDAN",199202,18434,6626907,81145
"EGYPT",199211,163459,1342800,91347
"SAUDI ARABIA",199210,225939,8205648,111895
"JORDAN",199210,569790,3827406,111586
"EGYPT",199202,269919,6988930,113334
"SAUDI ARABIA",199205,75387,1079004,81742
"SAUDI ARABIA",199204,209835,6979280,104689
"IRAQ",199205,593705,4583036,107920
"SAUDI ARABIA",199205,412497,2651213,84568
"IRAN",199212,224283,3194436,72436
"IRAN",199204,514225,3345840,74352
"JORDAN",199203,139529,6302313,94111
"JORDAN",199202,178469,4136360,92847
"EGYPT",199202,125874,5027056,113992
"EGYPT",199211,200748,1615755,98923
"SAUDI ARABIA",199203,300748,1542379,104923
"IRAN",199203,231831,2073076,105769
"IRAN",199207,209508,6112216,85049
"JORDAN",199205,255011,2272032,57960
"IRAQ",199205,327691,2406152,103120
"IRAQ",199205,220279,239852,71955
"IRAN",199209,496401,2905153,83842
"SAUDI ARABIA",199204,454687,1287061,98499
"IRAQ",199209,464825,4116540,107388
"IRAN",199209,60231,4050182,71473
"SAUDI ARABIA",199210,47588,6080896,92134
"IRAN",199207,58969,6555064,115677
"SAUDI ARABIA",199208,211415,2494958,79584
"SAUDI ARABIA",199210,196384,1036266,88822
"EGYPT",199201,95667,5051161,99759
"EGYPT",199209,139893,4592546,115973
"IRAN",199208,544697,3755040,104500
"EGYPT",199210,56815,2981956,106308
"EGYPT",199209,334421,3602139,87324
"IRAN",199209,374212,5167951,77172
"IRAQ",199209,174048,1319519,67322
"EGYPT",199207,562368,2973676,85820
"SAUDI ARABIA",199209,358584,650457,98554
"EGYPT",199208,185495,948294,94829
"EGYPT",199209,333132,1027635,69907
"JORDAN",199206,306302,2093264,78497
"SAUDI ARABIA",199205,370235,1534938,78313
"SAUDI ARABIA",199203,441656,958578,95857
"IRAN",199206,296000,3253899,59759
"SAUDI ARABIA",199209,99875,5382751,112492
"IRAQ",199201,298761,6097533,105585
"IRAQ",199208,208018,3176180,55560
"EGYPT",199207,281069,630030,63003
"EGYPT",199203,40773,2399278,102826
"EGYPT",199205,541089,2990138,67803
"JORDAN",199208,399288,1631429,83236
"IRAN",199208,577487,2632986,93867
"SAUDI ARABIA",199206,198499,1423363,95849
"JORDAN",199207,207808,5044422,102947
"IRAQ",199206,555178,986520,73989
"IRAQ",199212,359455,7420756,90866
"EGYPT",199201,35496,1823718,85889
"IRAQ",199207,597293,6539830,83416
"JORDAN",199207,537892,6808581,115792
"JORDAN",199203,372721,4617009,107622
"IRAQ",199201,160278,2491858,80296
"JORDAN",199203,328057,4991184,65102
"JORDAN",199204,47075,2226068,61324
"EGYPT",199207,210737,988632,98863
"IRAN",199208,486127,3054346,66786
"EGYPT",199208,162791,2569352,111227
"IRAN",199201,433717,3558887,99041
"JORDAN",199205,236788,4656879,103486
"JORDAN",199212,421779,680300,102045
"JORDAN",199202,402152,4638172,63247
"IRAN",199201,41206,1124256,68832
"EGYPT",199201,404934,5643614,110334
"IRAQ",199202,361577,2130128,98313
"JORDAN",199203,240797,340604,104266
"IRAQ",199205,471852,6319570,109429
"IRAN",199205,512055,853624,64021
"JORDAN",199205,295017,2327600,60720
"IRAN",199207,182453,2763810,92127
"IRAN",199206,399034,4305476,67981
"EGYPT",199203,112373,6372702,83122
"IRAQ",199207,199062,1264394,69663
"JORDAN",199206,99099,1087109,65885
"SAUDI ARABIA",199211,357128,5807039,71106
"EGYPT",199206,337616,6158006,99216
"JORDAN",199205,400057,1031678,57421
"IRAN",199202,227198,1237698,67510
"IRAQ",199207,299369,1083733,82101
"SAUDI ARABIA",199206,419966,2427204,113156
"JORDAN",199201,335085,4989911,67204
"EGYPT",199208,378985,8786320,123838
"IRAN",199208,339724,8642179,105822
"IRAN",199208,126230,2736068,75373
"JORDAN",199208,542281,4978104,79395
"IRAQ",199204,450620,4309726,94236
"SAUDI ARABIA",199207,352093,2061144,68704
"SAUDI ARABIA",199203,249965,4021395,114897
"IRAQ",199202,460567,5897831,91652
"EGYPT",199201,188623,7964167,102697
"IRAN",199201,95040,2070080,62102
"EGYPT",199209,527026,2889432,63180
"EGYPT",199202,473665,4588192,98318
"IRAN",199208,224434,403450,81505
"IRAQ",199202,282262,4064964,74655
"SAUDI ARABIA",199207,488071,2594672,63543
"SAUDI ARABIA",199205,432114,2092180,62765
"IRAQ",199208,359099,4700646,69484
"EGYPT",199207,47273,2272142,73216
"IRAQ",199207,114605,2591360,97176
"IRAQ",199207,304722,7107138,103602
"IRAQ",199212,597846,9719100,116629
"SAUDI ARABIA",199210,220968,7293235,113337
"IRAN",199208,113517,4697135,91830
"SAUDI ARABIA",199208,463889,6787026,111171
"IRAQ",199212,311368,540705,82761
"EGYPT",199205,572827,1519840,113988
"JORDAN",199204,476367,2896241,80600
"SAUDI ARABIA",199204,28546,4671342,88472
"IRAQ",199205,578078,462420,69363
"EGYPT",199205,188168,124359,75369
"EGYPT",199207,181270,3972733,81076
"JORDAN",199210,146787,8252010,110026
"IRAQ",199204,115723,4303332,104323
"IRAQ",199202,459362,1683387,79280
"IRAN",199202,474711,1179983,101141
