 节点name: Group[0]-1
120,45,0,2437
 节点name: Group[0]-1
120,52,0,2794
 节点name: Group[0]-1
120,50,0,2682
 节点name: Group[0]-1
120,53,0,2841
 节点name: Group[0]-1
120,49,0,2633
 节点name: Group[0]-1
120,39,0,2116
 节点name: Group[0]-1
120,44,0,2363
 节点name: Group[0]-1
120,50,0,2691
 节点name: Group[0]-1
120,51,0,2738
 节点name: Group[0]-1
120,41,0,2215
 节点name: Group[0]-1
120,59,0,3131
 节点name: Group[0]-1
120,52,0,2764
 节点name: Group[0]-1
120,39,0,2140
 节点name: Group[0]-1
120,53,0,2851
 节点name: Group[0]-1
120,46,0,2482
 节点name: Group[0]-1
120,54,0,2883
 节点name: Group[0]-1
120,45,0,2415
 节点name: Group[0]-1
120,49,0,2642
 节点name: Group[0]-1
120,39,0,2113
 节点name: Group[0]-1
120,58,0,3099
 节点name: Group[0]-1
120,58,0,3092
 节点name: Group[0]-1
120,52,0,2793
 节点name: Group[0]-1
120,53,0,2854
 节点name: Group[0]-1
120,40,0,2176
 节点name: Group[0]-1
120,48,0,2578
 节点name: Group[0]-1
120,55,0,2955
 节点name: Group[0]-1
120,53,0,2845
 节点name: Group[0]-1
120,48,0,2590
 节点name: Group[0]-1
120,70,0,3708
 节点name: Group[0]-1
120,49,0,2639
 节点name: Group[0]-1
120,59,0,3142
 节点name: Group[0]-1
120,38,0,2045
 节点name: Group[0]-1
120,51,0,2751
 节点name: Group[0]-1
120,43,0,2315
 节点name: Group[0]-1
120,61,0,3248
 节点name: Group[0]-1
120,44,0,2358
 节点name: Group[0]-1
120,43,0,2340
 节点name: Group[0]-1
120,54,0,2894
 节点name: Group[0]-1
120,49,0,2650
 节点name: Group[0]-1
120,56,0,2987
 节点name: Group[0]-1
120,48,0,2584
 节点name: Group[0]-1
120,48,0,2587
 节点name: Group[0]-1
120,45,0,2434
 节点name: Group[0]-1
120,50,0,2686
 节点name: Group[0]-1
120,50,0,2691
 节点name: Group[0]-1
120,44,0,2396
 节点name: Group[0]-1
120,46,0,2475
 节点name: Group[0]-1
120,57,0,3038
 节点name: Group[0]-1
120,51,0,2741
 节点name: Group[0]-1
120,54,0,2877
 节点name: Group[0]-1
120,41,0,2242
 节点name: Group[0]-1
120,46,0,2475
 节点name: Group[0]-1
120,49,0,2631
 节点name: Group[0]-1
120,54,0,2897
 节点name: Group[0]-1
120,59,0,3149
 节点name: Group[0]-1
120,42,0,2276
 节点name: Group[0]-1
120,43,0,2306
 节点name: Group[0]-1
120,49,0,2612
 节点name: Group[0]-1
120,45,0,2435
 节点name: Group[0]-1
120,41,0,2218
 节点name: Group[0]-1
120,30,0,1656
 节点name: Group[0]-1
120,35,0,1898
 节点name: Group[0]-1
120,60,0,3197
 节点name: Group[0]-1
120,49,0,2627
 节点name: Group[0]-1
120,50,0,2666
 节点name: Group[0]-1
120,50,0,2690
 节点name: Group[0]-1
120,43,0,2336
 节点name: Group[0]-1
120,43,0,2322
 节点name: Group[0]-1
120,52,0,2791
 节点name: Group[0]-1
120,44,0,2365
 节点name: Group[0]-1
120,63,0,3347
 节点name: Group[0]-1
120,36,0,1954
 节点name: Group[0]-1
120,50,0,2684
 节点name: Group[0]-1
120,60,0,3198
 节点name: Group[0]-1
120,36,0,1938
 节点name: Group[0]-1
120,52,0,2792
 节点name: Group[0]-1
120,48,0,2596
 节点name: Group[0]-1
120,62,0,3306
 节点name: Group[0]-1
120,47,0,2541
 节点name: Group[0]-1
120,49,0,2632
 节点name: Group[0]-1
120,47,0,2522
 节点name: Group[0]-1
120,39,0,2122
 节点name: Group[0]-1
120,48,0,2598
 节点name: Group[0]-1
120,54,0,2878
 节点name: Group[0]-1
120,43,0,2340
 节点name: Group[0]-1
120,53,0,2850
 节点name: Group[0]-1
120,52,0,2800
 节点name: Group[0]-1
120,37,0,2027
 节点name: Group[0]-1
120,36,0,1978
 节点name: Group[0]-1
120,53,0,2841
 节点name: Group[0]-1
120,60,0,3203
 节点name: Group[0]-1
120,58,0,3108
 节点name: Group[0]-1
120,60,0,3204
 节点name: Group[0]-1
120,39,0,2137
 节点name: Group[0]-1
120,46,0,2475
 节点name: Group[0]-1
120,45,0,2418
 节点name: Group[0]-1
120,53,0,2847
 节点name: Group[0]-1
120,58,0,3099
 节点name: Group[0]-1
120,49,0,2631
 节点name: Group[0]-1
120,39,0,2121
 节点name: Group[0]-1
120,56,0,2992
 节点name: Group[0]-1
120,49,0,2645
 节点name: Group[0]-1
120,32,0,1780
 节点name: Group[0]-1
120,44,0,2353
 节点name: Group[0]-1
120,50,0,2689
 节点name: Group[0]-1
120,59,0,3162
 节点name: Group[0]-1
120,40,0,2191
 节点name: Group[0]-1
120,35,0,1923
 节点name: Group[0]-1
120,53,0,2846
 节点name: Group[0]-1
120,49,0,2629
 节点name: Group[0]-1
120,56,0,2996
 节点name: Group[0]-1
120,47,0,2539
 节点name: Group[0]-1
120,46,0,2482
 节点name: Group[0]-1
120,55,0,2945
 节点name: Group[0]-1
120,45,0,2426
 节点name: Group[0]-1
120,36,0,1972
 节点name: Group[0]-1
120,42,0,2270
 节点name: Group[0]-1
120,47,0,2531
 节点name: Group[0]-1
120,49,0,2617
 节点name: Group[0]-1
120,44,0,2386
