"d_yearmonthnum","lo_partkey","lo_revenue"
199311,743238,4473950
199308,733253,127335
199308,603812,7983524
199301,716965,4855728
199307,411540,2560481
199308,622533,427917
199308,197853,3406184
199301,756102,4717977
199305,796338,4730321
199305,107891,5210554
199311,450415,794656
199304,569104,2958507
199304,453186,2567666
199303,186205,1917432
199301,645318,1347919
199303,92502,4882531
199310,290863,8631525
199309,775717,5564478
199309,755619,6334936
199310,181721,1589999
199301,175464,2389241
199310,604258,2029236
199308,566933,4751786
199303,375072,111264
199305,113961,3639851
199306,222716,5722340
199306,448560,4779054
199306,421307,5715186
199311,263050,1103200
199312,360693,4687586
199302,88845,5158591
199311,656344,5535419
199303,213426,6106370
199305,218987,4437098
199306,56419,5203176
199308,42990,5437500
199305,552910,1748934
199312,67138,4931090
199306,227078,4874541
199308,348135,4131455
199308,474503,2340328
199306,198919,2397277
199301,334696,1007255
199311,349230,4094783
199307,774453,1663360
199307,713074,1399020
199302,369670,3616753
199308,129807,1818432
199310,525115,2370247
199310,696265,1248617
199305,715609,1432870
199310,112402,1371968
199305,628683,3474717
199309,639097,4410507
199312,529082,1524374
199304,167435,3092000
199303,249840,8068553
199303,648903,5133383
199301,431925,4683101
199303,19831,8407485
199307,662808,1374117
199303,248512,2146935
199307,578892,5352882
199311,361518,3250611
199304,106570,7647941
199304,719991,7412398
199309,160645,6247759
199312,566016,535585
199301,414118,613061
199306,363512,155974
199302,62345,647133
199309,296040,2538273
199308,180613,8383369
199302,723196,2483428
199309,396983,1008785
199309,436156,3351746
199303,198472,5540618
199303,506589,473881
199308,468480,5479524
199305,472464,5573387
199303,83337,3364200
199308,186363,2152299
199304,473129,3709668
199304,671415,1647019
199303,380847,2267128
199301,317717,4465117
199301,656466,140820
199311,612243,571828
199312,122875,1656840
199303,252244,351691
199306,3884,2774789
199303,567282,4140878
199307,275658,1940764
199303,777041,3763221
199311,115055,3919593
199301,69906,1637660
199306,183946,6166957
199304,642717,8215416
199307,656030,2995468
199307,368838,1664653
199306,566925,966071
199310,757620,3288076
199309,199901,2941323
199302,671012,2043615
199311,268691,4668679
199304,580564,2392805
199308,126823,2930114
199310,692245,3960309
199310,225390,5285196
199306,96670,6105012
199301,17727,7414397
199308,359515,7252147
199312,774607,3460671
199308,786327,3701406
199312,250119,1152489
199309,460997,3038769
199309,2909,7354502
199311,84947,9466506
199311,56808,1556553
199305,225508,2412563
199307,325149,5114510
199306,640979,752616
199308,779032,979902
199303,321430,3378905
199303,512414,6087832
199307,73005,2845980
199303,504742,7189499
199301,27375,4770581
199308,125277,4512365
199310,660796,5217577
199307,780109,1980990
199305,789267,5773471
199302,421675,4694151
199302,679654,4962937
199303,150321,3059414
199306,274768,1521420
199309,532341,2960877
199304,649303,121470
199309,742964,1180074
199304,306650,5463598
199308,389265,6703537
199309,4609,4045852
199306,105929,8070551
199307,584086,5674791
199301,130796,4521305
199312,519226,3416828
199308,718517,4319305
199312,526455,6466441
199304,737620,8040969
199302,165691,1874388
199302,231762,8048700
199306,623402,262423
199311,193061,4589696
199304,261716,657658
199304,450113,1368196
199306,505130,444963
199305,468411,4683029
199304,539431,4849412
199309,429840,4509501
199309,319637,1285537
199305,647050,879371
199311,569706,2636884
199304,13647,5562120
199312,687778,2768680
199301,654780,4420143
199306,791244,1942730
199309,374340,3500466
199309,228573,4120280
199305,357790,3584693
199303,231620,7602889
199304,663082,2838355
199302,170002,3743424
199310,50934,738892
199304,325799,5780903
199305,398000,3408160
199302,402231,2638112
199311,323057,4400082
199309,174363,996090
199303,637455,4912457
199311,117250,4916930
199309,670898,732593
199301,310562,308219
199310,793624,5101242
199312,478957,5749712
199305,347170,5903226
199301,483126,4347672
199307,450973,6976242
199308,256664,1257624
199305,564852,8552895
199307,726280,5431387
199311,144768,3692592
199302,397364,2721033
199305,53153,5042937
199312,316666,3498229
199305,454045,489519
199307,2087,2326316
199304,647896,1430835
199310,206542,4826501
199312,17734,6867893
199309,500989,1773054
199309,285205,2886210
199302,401838,344482
199308,118464,1761162
199309,175954,2559766
199308,639425,2836566
199301,471514,1746936
199301,26129,1023466
199302,324522,3637391
199302,635049,4435917
199305,78536,1038967
199306,89666,7703785
199301,223931,8998216
199305,213996,4349024
199305,379857,4026690
199304,574802,3901825
199301,544463,6864881
199308,236435,266055
199301,310021,2755889
199305,625606,1061378
199302,730119,3716124
199301,446066,1190159
199308,357976,9061291
199310,134746,8636589
199306,784083,1155379
199306,124477,6262631
199301,189182,3699133
199302,102681,6930026
199305,260800,3137727
199311,44395,2231423
199311,585442,2222396
199304,640416,2685632
199309,505972,2494194
199302,742480,3617341
199305,497844,3930443
199301,516117,329729
199305,503505,739155
199305,4440,2608213
199305,787643,2204797
199305,40242,5792976
199312,367600,4575866
199309,795072,4002947
199303,229746,7061526
199301,233167,4908869
199304,645976,2796422
199310,765769,6175701
199309,264895,2706125
199306,355475,909093
199303,633470,136133
199309,492553,3148244
199312,214476,2562617
199301,536024,5194000
199301,685075,3012633
199303,686987,9573657
199301,650881,7107578
199303,276590,2735248
199311,480372,6626515
199310,667682,5011636
199302,394155,4162134
199304,632047,2564027
199301,73310,5533632
199303,399791,1123123
199307,88898,3660566
199302,579470,4058009
199302,312554,4558631
199305,100395,2624728
199306,444224,1717254
199304,296418,3292723
199311,685680,3591141
199305,640009,3129703
199311,340277,2710921
199305,460174,5001601
199302,508032,3706595
199302,294684,164509
199303,445058,2978999
199303,52838,3126789
199305,109872,3167187
199305,411721,2262922
199301,362494,2113699
199308,746570,4547327
199308,391666,3828161
199302,358229,1401771
199309,398108,3582087
199309,314501,7201608
199302,517750,6063313
199302,216450,5005269
199308,607148,4810246
199301,183949,7887807
199305,583957,5455405
199307,281616,2035342
199310,4452,2551482
199305,454350,3579081
199310,173533,3584168
199305,127062,4859385
199301,240729,5563473
199310,646477,5799094
199304,214260,3303165
199311,293918,741817
199309,421846,2078956
199302,533579,3910433
199303,398709,2834457
199302,107860,7790844
199306,491805,3137177
199306,159543,4868516
199308,663461,1410185
199304,319706,4904410
199302,695950,7818706
199302,302075,4585044
199308,418400,2557657
199302,104525,3179872
199302,606623,149899
199306,533178,4154244
199310,702660,977626
199309,179006,2736370
199305,309632,1751608
199308,344421,5117211
199301,575806,7192163
199301,305796,3495453
199301,747220,2950018
199305,136684,3338119
199309,533527,6270089
199310,576439,4752325
199310,290454,3222545
199303,25675,1098059
199302,443963,2242561
199302,495800,7743403
199310,671610,4853869
199310,415368,5533762
199312,633570,5209766
199307,129368,3735143
199310,445809,3234059
199309,315628,1913162
199306,225584,585713
199306,183979,7003783
199307,465303,5841697
199302,190278,3052610
199311,260667,6123219
199309,401542,1980509
199303,89411,4618552
199303,199007,3175326
199311,342979,7529779
199310,577477,2308358
199307,293531,1660202
199312,692109,2481811
199305,750922,4060207
199303,700326,2626054
199310,521091,4686262
199304,623388,6168590
199305,50389,1169278
199307,219292,2848930
199310,253959,7236652
199309,320225,2440611
199311,658434,1102780
199311,733071,3855307
199306,696812,1418083
199312,150975,7941802
199311,695001,1952101
199312,160135,1275203
199302,317195,3120151
199301,323176,1527729
199302,514933,3278332
199301,462794,172163
199310,387485,6071306
199311,398401,4217784
199309,751706,3409879
199308,246038,4725264
199310,643817,1035338
199310,579154,5981913
199311,631086,98653
199308,238300,4444222
199306,155631,165289
199305,669715,5882902
199306,629766,5816353
199309,427061,383359
199306,486653,5725587
199301,680469,4017819
199311,339438,2436265
199310,359769,4526156
199311,739455,295895
199308,80062,2246681
199302,406287,2362654
199310,73453,6088088
199304,786692,1552770
199306,437657,1875284
199306,7030,1377434
199311,712017,2241118
199311,758821,184219
199307,290468,6507603
199312,370185,492026
199309,605947,7154085
199301,597265,3101820
199309,426699,1126589
199309,328110,4238284
199310,397188,3241198
199303,332886,759872
199308,324237,3620962
199311,764140,596034
199303,659192,2051367
199304,30418,3171460
199312,87924,187368
199306,296387,4562354
199306,221943,361796
199307,175650,2367591
199310,712317,2500375
199309,351361,2237162
199309,138629,1961121
199304,301521,1939677
199310,143646,6954558
199312,494769,2074158
199304,780434,2968224
199312,773068,4472837
199311,744395,3134926
199309,573052,1746046
199312,798697,2786864
199302,260105,4029235
199310,630507,6480114
199310,388205,250878
199310,402250,1005896
199304,630528,7003668
199302,528546,4988079
199302,63540,3094285
199305,376918,2737002
199302,697750,1712765
199302,142011,1736413
199307,373427,5821590
199303,203696,7838432
199306,325002,1423408
199312,223794,1851766
199310,192742,6940821
199310,139169,5143137
199310,552677,6610722
199302,696054,4158079
199308,737797,3416323
199302,795347,2518273
199304,660100,3673142
199302,732698,2853858
199304,799899,6786129
199305,555041,1410577
199309,353675,1185860
199303,553814,2403845
199302,87703,2951962
199307,657314,4235904
199310,633172,643191
199307,5222,3203559
199309,323863,3143492
199303,319157,2189972
199305,206239,3928104
199305,257042,4014102
199304,287946,8232740
199304,307303,5577904
199306,114715,3596067
199312,155823,2418041
199312,501763,873546
199301,278944,4334284
199306,721564,6613245
199308,734902,5124958
199312,495116,2309956
199306,435574,5081145
199306,681446,138458
199305,191500,6862548
199308,486476,3726322
199312,250758,4972433
199312,596671,8749867
199304,420141,4117145
199304,435053,880334
199304,486244,487167
199303,28770,4036277
199310,78531,6657027
199305,446279,1940796
199305,587163,6063179
199308,794353,5444817
199306,268930,1105171
199311,753806,7917040
199311,400661,1817748
199307,612083,3378194
199307,63621,6275095
199306,281208,3496218
199310,309721,6547275
199302,412997,4159914
199310,573117,5310181
199306,424574,5433742
199306,154982,3024915
199302,1488,3714080
199305,713848,5779058
199304,760211,4278791
199309,68269,5144527
199309,184039,5337761
199311,55176,3990767
199312,266961,1145202
199306,456228,918939
199310,616374,1752281
199302,159711,8072666
199307,749646,4364500
199305,402918,1942889
199312,538771,7980997
199310,535637,3893836
199307,607359,1489192
199307,53202,4370121
199305,768340,3688363
199302,125979,6028944
199311,55284,2524413
199311,165293,672353
199305,698509,2387832
199301,318963,392426
199308,744080,5177374
199301,371766,6843781
199311,86725,2348479
199307,268241,4429409
199307,247452,1508596
199304,123828,181478
199305,431234,4225051
199312,112273,4030606
199302,586757,3613710
199308,425283,5328426
199308,82160,5653692
199302,404912,3057825
199309,136161,3081489
199307,213998,4451089
199302,586590,7557977
199309,31700,474824
199302,155643,7399275
199311,251077,2216497
199307,537587,6209068
199301,293261,6145825
199308,518967,2752512
199311,677518,3517368
199310,573041,882303
199312,623036,2563407
199312,574046,997937
199309,727378,2341296
199312,657300,1742576
199304,343750,8351653
199311,54265,5069683
199307,668043,3202879
199308,397155,4493930
199304,655974,2674896
199305,115419,4118191
199308,291016,4539556
199301,368166,1436550
199312,2639,7177829
199304,477425,5692341
199302,259174,444198
199306,211453,3838169
199304,651293,1847726
199304,671805,1895813
199304,306620,2391116
199303,579659,2555786
199301,361974,10078002
199301,711960,7536716
199305,398175,2268771
199312,147054,1294834
199311,120220,1596163
199311,526546,1401115
199310,4687,3119692
199308,639322,5743914
199305,335000,202858
199301,442448,3679051
199301,764373,3842009
199301,768031,1279236
199303,253271,2545236
199308,602191,2164456
199303,149216,4884975
199306,463680,1771865
199303,3526,3882576
199310,773761,8173722
199308,97675,4471046
199305,51345,4235142
199303,557880,1315806
199301,136134,454010
199312,608349,3658772
199307,562047,5160270
199303,430918,2690134
199307,5458,674907
199303,604516,6187610
199305,592886,3102852
199309,63588,6994522
199310,511770,2444561
199310,597925,3568395
199312,171441,2640720
199312,746453,146943
199307,132504,304227
199301,426007,3076968
199304,784973,9581768
199304,663847,6498997
199302,638112,1222293
199302,101753,2042529
199308,307577,2639876
199302,269380,793429
199301,123488,3591276
199301,67489,4097078
199309,629177,3969936
199306,612754,8083592
199309,27036,2288159
199304,82982,3112528
199304,399280,3344729
199304,296517,5042982
199304,402449,3670456
199304,134539,311558
199304,393956,3013411
199307,598591,8113315
199306,34961,4692501
199302,680641,2674034
199302,156284,2919129
199306,64643,1091587
199307,512867,186104
199301,797628,3382156
199311,570159,3576768
199309,779254,1698522
199310,322011,3037020
199305,387100,1381772
199302,631978,1134504
199308,490556,5850522
199304,365261,5328872
199302,409690,4546262
199309,603428,521904
199309,70,2208849
199302,691640,5381049
199308,188971,7593049
199308,552790,7686193
199308,302776,352194
199304,749222,4562300
199301,711038,1953238
199311,344852,2441233
199306,353203,2924410
199311,369198,5777073
199311,134565,6361450
199311,25564,4479106
199307,266665,1582700
199310,339789,896097
199302,170546,6081423
199306,136115,1240896
199305,4365,2955070
199301,43250,1987954
199304,191020,653279
199304,5989,183813
199303,39459,2170394
199304,720912,3749787
199308,599623,5798271
199310,252216,2976573
199310,783522,2989422
199310,638501,3526701
199309,229203,2017562
199306,721565,5694056
199310,537950,9351222
199312,795010,2057472
199307,71670,2252371
199311,114974,8576438
199309,525996,2745835
199310,360746,178866
199311,526273,2646572
199310,123728,7110231
199305,375097,1136917
199301,198247,5219531
199301,538053,1728191
199301,639983,4103575
199301,237808,169341
199311,585304,3438468
199305,792089,5092687
199304,162909,4973131
199305,24010,4161014
199306,670344,5667304
199311,519513,7208832
199311,193315,4879794
199304,215447,2403326
199310,601368,5654865
199309,509083,3783987
199304,467428,3145231
199302,214584,741792
199303,634245,2801802
199302,113601,6891112
199309,579120,4230424
199302,57940,4463954
199310,795710,5779981
199303,100554,6925520
199305,563321,3798519
199304,498258,621833
199306,635359,376647
199306,24485,683597
199312,227432,2637274
199310,298173,4174014
199306,711135,3176989
199311,294246,4497073
199309,113656,4696725
199309,105604,5205446
199312,89565,5126938
199312,502964,1363089
199310,739386,2234948
199307,168509,2628115
199304,21998,5832929
199302,94471,2585089
199305,782381,6309965
199307,576788,2375704
199309,418351,615625
199301,644349,5121507
199310,244982,2861550
199310,394631,1841236
199306,593646,7424698
199308,553729,6398110
199304,159956,5279773
199310,347777,894132
199306,100568,3261036
199305,124585,5520859
199305,127562,5550743
199302,518110,2321609
199308,482565,4853085
199301,448313,3460979
199310,288434,3802128
199310,378055,3365128
199311,639897,3563508
199304,604139,3717608
199312,120992,8877285
199308,550342,1773815
199305,37698,2244166
199303,679742,3674129
199309,605963,8058826
199303,128173,582567
199311,108252,2933862
199306,500270,5784718
199306,667756,337849
199305,136787,7253173
199305,713683,7899602
199307,148561,3747055
199308,361150,4076697
199305,138312,1323303
199311,513258,1258517
199304,344846,3743843
199301,159981,2200176
199302,109778,6371612
199302,575421,6599124
199302,749316,135162
199306,239909,4529780
199307,756909,8008954
199312,642122,1668493
199307,601313,3415769
199305,117887,5468910
199305,2558,1860740
199305,582345,6574235
199307,799489,5392787
199302,664516,586270
199302,551913,7780964
199310,410797,5355566
199306,322245,4548088
199306,237319,4874444
199311,387554,7165322
199310,404182,2844653
199309,125747,1911013
199311,643445,5656382
199310,706327,791974
199305,53716,7854315
199309,651850,6117178
199311,183562,7493880
199311,325726,867096
199303,148805,550578
199306,65325,510966
199309,269866,9087457
199311,246777,682608
199309,516967,1964100
199312,545866,8243854
199302,785862,6942066
199305,109785,3375981
199305,346764,4302342
199306,223859,4542676
199309,458741,5048168
199311,663869,7983807
199304,30032,2922647
199312,95941,7891093
199304,428455,3287029
199304,285494,1757622
199304,690093,4670154
199304,656316,629778
199312,218736,2108113
199301,362915,7440859
199312,322658,3494050
199307,562342,1100986
199312,666948,4316207
199304,135733,5318571
199308,363171,5131637
199310,92782,7652851
199308,590847,7406348
199307,732303,4318263
199302,84562,3000326
199302,636504,3670317
199307,430435,2568336
199311,463789,2920098
199306,570659,1864541
199311,437889,3938710
199312,126417,6144596
199309,171199,3646715
199305,59766,507373
199308,243846,173613
199306,673237,1185996
199306,683340,3890531
199312,404406,3502645
199309,741842,9324859
199305,422557,5509769
199301,353818,6970583
199309,164662,5640998
199309,301290,3381862
199301,780244,3801806
199302,434571,147543
199309,682522,2043097
199307,600969,7255328
199307,721578,465466
199303,517569,3109618
199301,136331,3113410
199311,338955,7501202
199309,591767,7031613
199310,261236,464521
199301,171169,3849456
199311,542228,123209
199303,776902,3684655
199303,581400,6746204
199303,374740,3054190
199309,464968,7766552
199304,95327,3628446
199306,314126,1658860
199303,132408,5868189
199303,326901,6545186
199307,425137,824197
199311,645732,4439194
199308,481751,857701
199308,355330,4208602
199303,463778,689733
199312,282822,6789695
199312,789124,118882
199307,19151,4509612
199311,592107,2730305
199311,216269,5403554
199304,392336,3779334
199305,517357,2857232
199306,717860,6557382
199308,677632,796752
199304,267440,6006911
199303,727323,132328
199306,232013,2474955
199312,3122,5023088
199307,509284,5196318
199301,457481,3524227
199304,151979,7683159
199312,483795,4226357
199307,799506,6852145
199308,650691,3861184
199302,238366,4003050
199308,4418,392755
199312,421693,6329506
199308,319320,1312523
199305,504836,3571171
199304,457850,357950
199309,346474,2507238
199312,454584,1044682
199312,21725,4841356
199304,672827,2645691
199311,246934,1658971
199311,446024,3553110
199304,716848,5482541
199311,434230,3765055
199311,681516,593002
199306,352139,4319001
199306,449799,8137026
199306,472466,3209159
199303,182021,3712765
199303,291876,5547544
199304,581559,7146148
199310,487976,8083618
199310,611110,1100724
199312,545277,4232522
199312,453987,6401286
199306,386865,6437201
199311,260120,2887134
199307,485019,4771964
199310,542364,1949187
199309,285335,3105392
199309,121237,976386
199304,76976,2462695
199305,120413,141907
199303,630380,4540362
199303,249853,6295517
199303,742770,6460605
199310,167038,2923909
199304,56047,2780426
199305,440830,3435371
199310,656539,2961090
199309,404217,1631331
199301,433372,1421526
199301,12771,4409793
199301,556843,6888747
199301,228566,3403090
199301,628764,1806142
199304,480482,2695313
199309,652735,1488551
199307,696916,2811933
199301,691484,5404573
199301,409132,1817778
199308,328772,6812275
199310,351621,496765
199307,311545,5133435
199301,27837,2271336
199311,309325,6472737
199301,736515,5990264
199305,177713,1240962
199308,773680,3231976
199308,310219,834626
199309,259199,1261258
199307,454169,4953047
199301,641974,7991385
199309,576151,1336344
199311,355921,7168275
199301,239163,1309354
199307,170482,1977859
199304,203163,2171747
199302,700058,1539419
199302,262994,5369953
199302,127681,1491677
199302,330188,835664
199305,736543,1720086
199307,327946,5471733
199305,265468,3058982
199303,594702,1742779
199306,714993,590340
199302,378514,3783780
199302,340946,8762361
199312,361706,2598504
199312,784167,1839161
199306,679455,3061052
199310,676613,4050249
199306,281961,8949227
199310,604244,5346065
199301,461383,130402
199301,439341,376414
199308,284597,6136530
199312,458301,1465801
199309,52,3452133
199303,79697,3153853
199303,61828,3157242
199312,532792,1806522
199307,512751,3284065
199301,42181,326845
199305,421300,3949619
199312,584666,4289068
199308,475650,4184371
199307,94957,3786783
199308,251145,4340674
199312,5232,334345
199312,583578,2631895
199306,621934,8281025
199311,593768,8210273
199305,49134,3002436
199307,639370,5833109
199311,397971,6349638
199307,622052,1157135
199302,147002,1028020
199307,785593,5921959
199301,568392,6440231
199301,653601,5941566
199301,502183,1393748
199305,367135,1904158
199305,98393,2479456
199305,72384,1841964
199306,600418,2740912
199302,386810,8262460
199303,210402,5846697
199301,501292,5576580
199301,573530,4044052
199309,566254,2091244
199307,251924,2911412
199303,524589,7827379
199306,327936,5196532
199305,213524,281751
199301,8318,3763545
199311,349002,2059940
199306,257306,866616
199308,87522,6735478
199307,181824,5361071
199305,797848,8475948
199305,487772,174215
199304,556185,5838416
199304,13897,2868449
199312,679874,4855206
199312,21655,6555710
199305,760771,4619648
199309,377301,3138366
199308,99626,6276518
199302,265897,7950771
199307,646521,2732466
199304,538758,177876
199301,540928,4010649
199302,790595,3003667
199310,62717,4444512
199310,471566,3877675
199307,534911,5971936
199307,570005,4529965
199305,192511,5443916
199305,324667,984540
199310,45251,4737150
199308,85711,5653437
199303,456420,2670216
199303,468423,4048974
199311,15610,1963460
199303,269201,3178236
199304,23456,4233532
199304,713901,3791442
199312,388037,3118555
199312,511070,2033455
199312,748317,6489175
199302,477666,2928966
199309,255639,2841612
199306,701773,5622376
199312,768099,114371
199308,640194,2445248
199307,601088,3974002
199304,165361,978482
199304,254598,2861404
199304,108188,812206
199304,177455,151712
199306,267457,2397332
199303,20448,1609285
199301,10130,2219637
199312,485234,4420855
199312,525320,5537254
199312,428136,1445061
199304,365050,5135874
199304,551018,529150
199312,172726,8725590
199310,281066,406255
199304,503256,4195754
199312,715024,4938319
199309,232646,2143779
199307,326707,849508
199307,553262,2994801
199306,199308,417968
199306,365462,449070
199305,690282,4786204
199311,78491,7127026
199306,86804,3723073
199307,114534,901244
199307,245997,6155360
199310,614923,2521585
199304,173472,605824
199304,327425,2113256
199304,422360,4824163
199304,798266,2514275
199303,552407,6501537
199308,706504,3809405
199303,116427,3220270
199310,416348,2106357
199310,736066,5345947
199301,25778,1487391
199304,301678,166286
199307,244078,4507284
199310,392372,4494120
199310,179889,2864720
199311,211977,6479132
199306,732053,4511513
199312,240405,4528582
199304,168585,1964453
199303,473852,8323958
199303,393157,4287980
199306,738674,8138465
199304,631879,709849
199309,790362,6613910
199312,4080,4390964
199309,412199,770040
199303,93251,5487142
199308,548625,1325491
199307,423450,6729807
199301,439499,5441732
199302,250726,3779304
199304,101484,1019039
199304,389448,3164030
199312,68096,4541536
199305,106197,117912
199309,316558,4937757
199308,6545,2442941
199302,762658,5507704
199309,696276,3400697
199301,711075,1264150
199301,686690,3983744
199309,104066,2224654
199308,575088,4331235
199308,794471,7057003
199307,346725,3437117
199310,372402,3612255
199301,322858,1277090
199303,446735,6198783
199301,620890,3688721
199311,721310,2195280
199304,322874,3943571
199301,691501,5023654
199301,122760,4367762
199305,3294,355595
199312,407882,6024668
199311,656945,2951764
199311,459616,5927369
199304,248133,2307110
199312,570700,6135406
199312,541879,6776758
199310,475224,4536573
199301,196530,4669767
199304,458471,3254857
199304,642258,4822483
199303,669426,5143407
199306,725973,6398606
199305,776251,2365106
199307,598681,6905080
199311,350246,4446068
199309,131848,4421383
199311,443347,5184505
199304,662738,4666720
199304,385604,6063938
199301,249505,3103881
199304,797223,3751979
199311,51115,5067220
199311,706341,3601359
199309,81762,7442367
199310,4129,3006379
199301,3223,3714273
199308,432968,2258316
199307,276428,1946512
199307,323149,4434167
199309,40398,1038590
199309,757036,5085729
199309,290499,4045427
199306,435245,4464772
199309,478523,1912911
199305,489996,6742368
199301,224697,5244513
199307,516247,4502116
199303,475027,3887760
199308,433382,637949
199301,133008,1958121
199310,717674,3481395
199310,80323,5236739
199310,755695,6622746
199304,48906,7197012
199302,312241,4740969
199304,153714,173235
199304,293696,6392059
199303,793093,5114290
199312,241881,3359549
199312,480544,2366055
199308,59977,6519841
199308,351979,1592272
199310,629088,4128205
199301,452595,1971604
199301,294756,686290
199312,334858,187391
199305,198917,5866298
199305,796368,4735643
199305,206925,1450872
199310,122814,5940243
199310,563683,342345
199310,718073,2116617
199301,534677,5422507
199303,323291,5594889
199312,361458,4913868
199312,318814,2694216
199307,765746,887737
199307,284739,1504807
199304,385239,5266422
199304,341520,2574929
199308,576923,3919804
199305,641666,2678311
199305,474607,156576
199305,194146,4330568
199306,541925,2505830
199312,47170,2654395
199307,211677,616400
199312,587251,393439
199310,37521,1715219
199310,203674,6339037
199306,559995,2989981
199307,272721,7721623
199312,350827,2974451
199308,324220,4267640
199311,366510,6116820
199309,38140,739604
199309,206553,2406781
199311,238999,7707346
199308,599765,2769138
199302,25295,4544359
199305,521564,627873
199311,153996,5073725
199305,634151,1933683
199307,531245,5685560
199307,208151,4567011
199312,262121,2787925
199310,60970,4120689
199310,560166,2378711
199308,15686,3767151
199301,542148,117821
199305,523909,9281689
199309,56080,3416991
199301,408539,141855
199304,585234,1939238
199312,771449,745000
199302,445888,4901907
199307,342545,7701108
199304,782739,4594327
199308,208117,198869
199308,722017,4011501
199303,361791,4769055
199303,433087,399863
199307,22940,1095408
199306,568214,746234
199310,411996,555219
199302,680852,1814491
199310,464744,6629833
199310,551212,6252790
199301,102566,3726898
199306,306077,2759636
199310,752994,5215654
199302,590394,2303742
199306,775537,6100087
199307,688817,6370791
199312,237371,5710991
199310,262920,8036259
199301,75378,3483574
199301,467760,3386370
199301,651034,4490615
199301,321409,6372387
199307,173648,2530810
199305,481000,576816
199309,213124,2514991
199310,369227,1016228
199309,241945,8136442
199303,260409,2033544
199301,400361,249745
199307,33071,99402
199307,619720,5784826
199306,437656,5410373
199308,722156,699803
199305,325107,4437792
199303,500094,955123
199302,76922,930470
199305,513491,5160332
199312,477079,3380416
199301,337655,8293936
199312,149377,5257599
199304,450754,2025219
199303,486081,2957890
199303,658921,6513818
199311,301657,1950560
199312,362689,867076
199303,223584,4971965
199312,547138,1724335
199309,530016,1449742
199308,742196,121339
199305,97367,1588115
199302,302272,4120956
199304,540044,2018445
199305,791834,1143925
199301,395065,229689
199302,668497,5803221
199307,176316,6549426
199304,430168,3228531
199310,161005,1344226
199311,83476,2548234
199303,66684,6794198
199309,377501,1718975
199311,354490,5543138
199309,252516,1453815
199302,321969,9656107
199308,429315,975523
199305,343289,395684
199310,638063,1863917
199311,389524,4382293
199310,208139,1658638
199304,664060,709652
199302,265169,2556374
199301,159271,658483
199303,482687,323914
199304,328859,370016
199305,419852,2806578
199303,319767,7606194
199302,320201,3264240
199308,246305,4211842
199308,444970,8257264
199307,444433,272727
199310,768627,4196585
199308,724440,2296194
199312,366752,3881191
199302,523710,6626163
199308,543781,7510712
199303,659141,426842
199303,171440,4887996
199303,444057,1962018
199304,32480,1118684
199304,752152,476831
199312,674262,4119118
199312,535403,2092842
199306,522227,4241034
199308,445139,2103173
199301,43393,2249144
199309,508897,8031336
199309,558522,469408
199311,5933,5046023
199306,349528,3246515
199311,717289,2974331
199305,414163,106636
199305,343429,5427303
199311,378963,7922766
199305,300712,3052031
199307,553327,5355564
199306,173003,949032
199305,353365,694991
199304,742860,5780797
199304,688337,1180842
199301,436899,7556440
199311,527012,3767377
199301,788556,7163529
199308,194477,6930182
199305,793273,4903435
199308,38789,5195434
199301,113097,109898
199301,788508,316101
199307,128844,8158091
199308,83007,2425500
199310,607325,2656817
199309,721997,1199262
199309,663924,8597451
199304,250714,3262812
199312,728494,2260853
199303,11287,5049551
199306,198741,2163534
199304,98839,3962361
199310,170244,2704705
199310,26221,4315841
199309,778504,7367980
199301,254103,517974
199309,748173,2369011
199305,335668,6240469
199303,693115,1206699
199311,708032,2649920
199311,692247,1821638
199312,766074,2257279
199305,470721,3117803
199301,628880,8058426
199310,264370,1307672
199307,656505,1302169
199303,127416,5658167
199303,432800,4075498
199302,792082,3681820
199302,506906,6249378
199308,7075,2887285
199303,83590,2025210
199311,578158,1938251
199305,639435,5865939
199301,494698,4524506
199312,127496,3398906
199312,54307,3058652
199308,123907,8704497
199304,308320,789016
199307,504674,5264246
199301,746341,4486560
199301,543558,784749
199311,793927,6002043
199305,711250,2996658
199310,242524,2177767
199308,703773,4825625
199302,74705,6680166
199311,237888,2147223
199301,173335,3551808
199311,68873,1786613
199306,669014,3527915
199311,440153,4453411
199308,688168,3738924
199312,215694,4996446
199307,113254,1614476
199307,447349,6160112
199306,75605,1251835
199307,150008,4251044
199312,460135,5098832
199305,659517,6077191
199310,168173,2675962
199312,340952,9865053
199301,670148,3099400
199303,507680,8186838
199311,65408,1865077
199306,206624,1969895
199310,739791,3374090
199302,466151,3792656
199311,429728,7235860
199311,31648,7819218
199302,136430,1161412
199303,509327,4407117
199305,437683,1283562
199310,369731,1411764
199302,83007,1728540
199309,275565,3925321
199301,782341,5160922
199303,401383,1144364
199308,400533,4355003
199312,200483,1491380
199310,471286,1232114
199306,15471,6176723
199306,376992,6893841
199301,620519,1425085
199307,730278,2331283
199309,672246,2170850
199312,121231,3067963
199309,675637,1877066
199309,226526,4170156
199307,543307,2940909
199312,291257,2813532
199302,265630,2658302
199308,218513,6248497
199308,301672,2319692
199301,168275,2260723
199310,171689,7937145
199302,222349,5731155
199312,525648,7787353
199310,421629,1688603
199305,632727,328618
199305,191637,3251553
199307,573993,7775941
199301,575833,4443709
199306,341649,2623857
199312,78124,432031
199301,298098,976607
199303,254036,98011
199304,626374,6054383
199309,249118,3660153
199304,202713,7997715
199302,116225,4792350
199304,656862,1058559
199301,645575,4277279
199308,680773,6015328
199308,352555,4411089
199312,15767,7091150
199304,472300,2493668
199304,216316,1075797
199306,321606,2210267
199305,770692,7864988
199311,573540,6103946
199307,395952,7024434
199301,713661,3774616
199301,87425,4844600
199305,133870,6094287
199305,570843,2842022
199304,255586,2242984
199304,176809,4435401
199309,363808,5686498
199305,91084,2767255
199311,66903,7255212
199310,103930,2274301
199304,417033,1862019
199309,212568,3482253
199303,669813,6398397
199311,336202,485370
199306,334147,584659
199311,768085,4293958
199306,61762,7858621
199305,29259,5417231
199305,458002,1223014
199311,705040,1448383
199306,474028,4563108
199303,515310,4026231
199311,664522,7209476
199301,25108,4509481
199311,536213,2302257
199301,248252,4940187
199301,386205,626227
199301,569339,3415151
199304,124655,4655989
199305,627695,477062
199304,426770,2993067
199301,677181,1490539
199308,259061,3332503
199301,578262,2101496
199307,262371,3136062
199304,788091,1386574
199301,717022,2160060
199304,558338,677210
199311,690928,4559282
199304,490808,4808138
199311,224295,4660088
199308,540946,9636562
199308,719284,5935000
199308,367688,6952453
199307,731478,5379644
199302,512027,1851498
199303,67937,6160543
199303,208496,2752780
199310,161721,7687088
199301,356682,4475336
199311,140283,1155223
199301,490492,7264103
199308,341422,2724869
199307,360700,3074164
199309,151513,5519591
199304,541884,3622542
199309,459262,598407
199311,64943,1110421
199311,598428,4737945
199308,65159,4627001
199307,65907,2039588
199304,612439,3210926
199304,302571,3894561
199307,564119,695656
199312,511684,1315832
199306,656375,2218012
199311,250251,3805528
199311,477911,6849115
199305,199559,4761697
199306,346324,5848483
199312,699891,2807927
199301,618638,1983108
199301,633229,4960226
199303,438820,4178908
199303,774575,3919307
199304,368832,5833616
199301,349270,4137199
199312,278065,1548929
199311,99492,4429725
199311,87513,3347637
199307,339899,2090112
199304,725828,2936403
199310,634651,769025
199312,556350,6891017
199309,794265,1713989
199308,677775,4809518
199307,137977,1795338
199301,87882,5804107
199302,699374,3670937
199301,335186,1077071
199310,160274,5547894
199308,455583,1218539
199310,142045,1829488
199310,635199,330040
199310,585409,739718
199301,193740,7114911
199306,573119,3931512
199306,700713,6955827
199307,261717,4396515
199310,490861,7149954
199303,382955,2421072
199302,376703,4883469
199302,595020,1529780
199308,37914,2540820
199310,223219,3053100
199303,481910,3337293
199305,64363,1691056
199308,324238,6247989
199309,40579,451312
199305,353245,5852420
199310,381342,1932882
199302,673987,2853182
199303,650723,7052929
199307,257086,3035333
199307,239368,2789884
199307,522191,4323737
199304,116860,367864
199301,394753,4345884
199303,228562,5550808
199310,283799,5241373
199310,205189,4610832
199309,591309,823364
199312,519838,1092392
199304,452573,2990078
199311,375444,4863695
199311,550276,5458845
199309,256721,7640291
199309,304402,6275312
199306,744465,747167
199310,471720,1172348
199305,377920,4699084
199311,27032,4417292
199303,87327,5725177
199304,371771,1459465
199312,502070,1247866
199305,542889,4922379
199301,277533,6446899
199301,196314,6282931
199303,362808,4173732
199301,446450,1105972
199303,21280,3448874
199302,465149,551489
199307,249722,2594493
199308,517468,2647054
199307,196654,6239316
199305,167083,1115577
199302,483498,1742208
199302,189906,1548818
199308,500119,3619137
199301,203802,3176180
199306,234636,5387226
199306,243657,2666666
199312,393756,5256961
199302,131557,6605190
199302,661891,2875638
199304,583894,1744481
199301,584011,751163
199305,630586,5254845
199304,182848,4205369
199303,393345,5268602
199302,34862,5514563
199301,703451,5784228
199312,432056,871442
199303,245013,1115112
199310,333770,7321461
199306,335171,4491739
199312,661893,5816840
199312,772090,4783038
199307,148286,792562
199309,334377,6639037
199305,424701,1770365
199309,439998,7143357
199309,777060,1448576
199306,525210,2420972
199311,155982,6325889
199311,774731,2627293
199304,799940,3433168
199301,179118,1185138
199302,597572,8097317
199310,207815,1023343
199312,395219,4206754
199312,553182,489123
199301,249137,2128795
199302,778832,2247100
199302,472638,2841116
199311,47349,2413785
199311,758731,2630859
199306,522196,5553637
199311,772160,836616
199308,607644,1806074
199308,669550,5807605
199308,123216,4171180
199311,28778,1182791
199303,133265,2313499
199303,481333,5991939
199303,546457,6335454
199309,303875,911247
199311,24686,4624262
199306,281150,3949940
199307,765380,6582123
199304,782375,5482513
199305,53140,3354846
199302,366379,424935
199301,500235,3268365
199311,473730,1817858
199305,782483,4295594
199305,483813,8017276
199306,72827,1058294
199309,372326,685171
199312,231647,618822
199308,291627,2512082
199309,26063,1453918
199304,11468,4596360
199304,731832,553548
199305,53684,5718778
199309,247720,4085889
199308,575608,1166720
199308,87760,5017818
199309,306961,2099802
199308,64306,1848286
199303,791920,3707913
199301,763732,7288746
199304,308295,2022690
199309,378768,7702794
199301,569696,2971622
199302,660530,3393868
199301,274945,1505225
199301,479364,3723738
199307,534177,3357307
199310,319360,4916003
199310,122564,615585
199306,92450,4806243
199304,639923,2213113
199304,774558,5439556
199305,525114,3646227
199306,284771,2580967
199303,33397,5867019
199309,188630,7826641
199301,452147,3482012
199307,678159,3039521
199310,682834,1259042
199301,576708,7443900
199304,321639,1972816
199304,301515,6455740
199303,257350,3494519
199308,773072,1888170
199305,679002,971160
199309,725363,2857183
199303,752928,9217081
199312,231905,6300532
199308,151532,460807
199312,757587,1628104
199310,551770,3710904
199301,226364,4380738
199311,4721,4938937
199303,118847,2377080
199304,588542,4474146
199310,43582,5588199
199303,146428,145967
199312,636011,4640202
199312,284534,7364822
199308,308212,3382394
199312,127561,1100872
199309,39173,1294565
199301,610533,3920546
199309,190930,3136483
199308,80867,5122267
199302,176257,1567902
199301,71526,3558107
199309,243977,3540329
199312,735343,1203264
199304,628020,3494291
199304,729198,5118484
199308,675274,2815786
199308,216915,3083087
199304,65587,2738751
199310,187169,497439
199312,179834,3789383
199311,635167,2886478
199302,243440,2440370
199307,698824,3248211
199306,472250,5335033
199312,381744,5367646
199310,746344,4223761
199310,600291,1533151
199306,242998,8095827
199307,573178,6193192
199303,615118,3988721
199307,523264,4744766
199307,85246,3702338
199306,235203,4238619
199306,249256,2625012
199308,424939,5423978
199308,482941,2073985
199304,670211,5145220
199301,303097,4465224
199311,13188,1602216
199303,1059,558749
199305,200913,5982242
199301,430457,538322
199302,302665,2911716
199302,376701,1393708
199303,576060,5289402
199308,331594,3664057
199303,284254,4290501
199304,243811,4255390
199306,73471,4433078
199306,411095,3549414
199306,710971,194230
199309,77727,2673000
199309,750754,5717352
199306,409498,4914885
199302,91608,5585803
199310,380278,1197985
199310,125416,3710189
199310,660687,3995551
199301,567841,1700758
199301,499844,6438619
199309,449235,3986050
199309,683954,7406730
199307,651786,2752596
199307,488740,3521402
199307,71096,3105231
199311,674287,4245367
199311,362393,2881652
199307,696839,7835194
199308,737804,6199397
199303,12904,6168375
199305,368792,1624460
199309,697274,3239119
199312,191046,3342897
199310,309368,1754743
199303,316673,5854671
199305,516023,3188691
199310,623296,2010559
199312,346723,3948223
199312,547654,5503071
199302,342571,5321520
199301,657041,1679650
199301,610042,2798909
199301,729173,2142213
199301,101572,5036997
199311,678369,3528657
199310,512315,2628034
199303,347939,9443830
199306,630651,3131607
199310,82998,7060248
199301,680490,4512841
199305,2528,2220167
199308,274517,6655073
199307,643355,1526824
199304,97650,6552704
199301,594876,1560913
199307,74227,5470355
199310,510981,1972040
199303,642242,812368
199305,739619,804411
199306,283771,680846
199301,646216,4441851
199303,798058,5437918
199303,386931,7633791
199310,263783,3766036
199310,382816,1127887
199302,568526,156261
199304,410817,7039016
199303,730594,6527482
199311,21545,6823810
199308,718636,7382825
199305,613472,1747039
199305,551141,4439454
199307,122758,690931
199310,270388,1712904
199302,382284,1060225
199307,788345,2837953
199310,145645,7621405
199302,186164,1960250
199307,542724,8395358
199310,671937,748288
199312,491525,6605874
199303,204947,6533609
199302,169400,6480054
199312,447040,967279
199308,766257,2053637
199305,547881,7447328
199308,397226,256702
199308,233713,1277839
199308,633197,3836893
199307,115328,1728852
199303,114479,5215197
199306,200299,5700177
199304,196984,7266782
199305,704544,4599074
199307,490805,1916097
199306,747700,7958889
199306,353964,9789075
199306,570761,3410699
199301,69538,3217069
199305,261565,151128
199305,115379,4969534
199305,328860,5862990
199309,398923,7648885
199308,754218,5734987
199302,446755,2310949
199307,785213,3053319
199312,275427,3887480
199312,187542,3513288
199305,441595,6997539
199304,267946,5064258
199306,237130,3451066
199306,331906,3228524
199302,572441,1483151
199304,689946,3035506
199303,136951,9053124
199303,187852,2661474
199308,191101,2242340
199302,178860,376138
199307,748928,978560
199308,307777,2250582
199305,247522,4561359
199301,545376,2646553
199310,81151,2855282
199311,449151,426850
199311,69585,5636907
199312,508605,6167102
199306,759504,3336444
199308,481310,1022701
199308,493773,5946880
199309,702347,5758855
199301,134659,7545210
199306,339248,3620977
199306,299116,4526190
199306,176053,2956981
199302,203517,2617981
199302,38190,893526
199309,704822,708794
199306,496187,3478490
199303,448291,2208379
199305,311305,5417849
199312,490600,4566555
199306,32679,1435997
199308,48751,6924781
199307,319205,1424957
199311,229855,530097
199308,533109,3101889
199311,240945,4480969
199312,670495,5744603
199309,329466,6218081
199301,579966,6015063
199311,119572,2470116
199309,400531,6593535
199308,665880,2741087
199308,426978,5413867
199304,6386,250721
199310,568951,9998653
199309,394721,1245577
199305,395558,7202820
199301,533361,5192522
199312,491946,8546227
199312,128654,4406860
199312,392880,9473721
199310,485000,2047773
199308,259959,8190035
199308,508653,644712
199308,246506,6902232
199308,135573,3344217
199309,615787,2477501
199308,185929,781788
199303,112016,698018
199302,53738,3182144
199306,253096,4986277
199307,612264,461082
199302,553852,6350225
199301,335293,3124114
199301,616724,5949141
199302,19848,6063691
199306,131696,171041
199306,514383,5810222
199303,427320,4445377
199310,565547,5787334
199311,492770,4445655
199308,58807,3321469
199304,334177,4796193
199305,53300,3070585
199312,243495,3987466
199308,181076,3968750
199310,337649,3272062
199303,508816,1430635
199303,552498,6837572
199308,36700,2245552
199308,714,783134
199307,551705,8263422
199307,502662,6199119
199303,548775,6499845
199307,641537,6147603
199312,349837,3549108
199307,45134,1388840
199307,741338,946199
199305,97566,1547924
199304,80123,3057848
199307,10628,4477384
199306,525223,1223236
199306,332550,6048467
199302,78956,379250
199304,153236,2250995
199303,416121,3017961
199303,214176,2884563
199308,576629,4559068
199302,761230,2129188
199309,634278,4560446
199306,484109,742201
199309,209657,2431425
199311,205891,3202040
199305,448637,4614125
199309,339102,782787
199304,665843,1611649
199312,774319,1351481
199306,498469,581106
199308,108388,4379047
199310,745752,1761765
199310,247408,5521858
199303,50393,797973
199312,165304,1897849
199306,250215,1370275
199312,338505,1663882
199305,176810,3143425
199306,144629,7544678
199302,680889,8706021
199303,267300,248388
199303,506908,2654023
199305,379489,2151940
199304,481452,702380
199303,320298,4859180
199306,95386,6565699
199301,452704,5248362
199301,187124,2517918
199312,272086,3836561
199312,166260,1689655
199309,297994,3671219
199308,595530,1103721
199310,310580,4364524
199310,386803,5132669
199305,95825,7418020
199310,383700,7958824
199303,428729,4180719
199301,145185,1583241
199306,525243,4674658
199304,203801,7518123
199309,727859,6039710
199308,467645,2394740
199304,319791,887282
199307,333554,6689893
199303,516752,8580109
199303,477828,2654526
199303,333660,7228498
199308,55409,5538099
199311,531395,2683001
199305,230827,2436324
199305,301245,1233767
199311,141570,2970123
199312,109756,8050054
199312,662049,3765001
199307,720331,1441837
199306,716818,177973
199311,719748,6515779
199311,695901,3943592
199303,60523,2014620
199310,307222,4989363
199306,337318,2922026
199301,610492,6184848
199302,641593,6380700
199302,350314,1337014
199306,355087,3581531
199306,445641,2643308
199305,420082,4662585
199310,547331,5615234
199306,78539,7361538
199302,144006,4677750
199307,425414,2362683
199304,12103,3718311
199306,669022,679819
199311,16690,4453744
199301,609573,5724086
199302,789933,1001335
199302,544946,579357
199303,44455,274292
199306,151235,3183419
199303,666875,7476028
199312,24031,2552795
199310,631480,5947850
199303,296284,2661681
199312,370927,5678060
199312,789008,319218
199306,297832,3985347
199302,403256,5060038
199307,85238,2610372
199308,484851,3205359
199306,648654,3173187
199306,232951,4984905
199305,667242,1675965
199303,199179,5386208
199303,288644,1759975
199305,177212,4001707
199301,261942,7387248
199303,781887,954892
199305,106916,376890
199305,418155,832748
199312,55472,3184685
199310,743036,4806945
199309,781967,9142325
199309,393020,2508724
199306,5388,1140761
199306,535466,436919
199305,169292,3503960
199311,742696,4430105
199308,231018,3999086
199307,440324,3065927
199307,516435,985507
199312,55387,1196060
199304,287943,5109240
199301,358743,524303
199311,652497,6045697
199305,766523,7081177
199309,735731,7271737
199303,535970,6810200
199302,563904,1527074
199310,563995,8153521
199310,19970,7883064
199310,126189,1768086
199301,465679,2605125
199306,565317,3558014
199303,331170,4777013
199304,695764,8193302
199310,245497,2518570
199310,175080,3087528
199311,29963,2937873
199303,67422,2042447
199312,17823,3377190
199308,504054,2618624
199311,396034,2630686
199308,420305,2641703
199305,354376,1664939
199310,756915,382544
199310,600566,3449278
199307,35275,4695847
199309,133567,1426098
199305,187028,2703923
199309,760003,2165269
199311,395027,653009
199306,650777,7957970
199309,325397,844893
199309,146106,3387174
199306,115522,4175904
199311,657142,861702
199306,587134,3079639
199305,351455,2214466
199312,442279,3111745
199307,43336,626871
199307,335967,9225587
199309,559355,3292560
199307,710348,1054048
199310,604848,3910519
199306,573109,2085189
199306,666875,178658
199304,311782,6215413
199309,422772,5148650
199305,610531,279651
199305,788444,1952290
199309,657474,3887791
199309,648401,3010444
199312,420587,877399
199302,122165,1036390
199302,731921,6766763
199305,82030,1102100
199301,384216,1513432
199303,83867,3949735
199302,95181,1613718
199304,617559,723494
199302,566724,7195032
199302,537479,3236104
199307,198848,381580
199301,686652,2225245
199301,88896,933020
199308,169707,5276799
199311,311261,3740415
199308,345761,7512466
199308,206505,2096062
199311,659035,1082466
199311,162891,5552955
199301,349548,7116996
199311,636138,4040764
199302,571141,1919998
199302,509406,4904291
199303,262871,718873
199312,532575,935594
199306,301320,3625674
199311,351758,1755447
199304,472515,1619876
199307,48615,4246764
199310,156097,2511430
199310,83287,246434
199310,600451,4850246
199310,270626,5848382
199307,335460,1025878
199309,160234,896901
199305,109629,7948945
199302,670243,3963557
199308,704440,4483448
199303,250726,4066021
199304,361541,2642571
199308,634960,8728047
199303,332129,3604085
199309,225983,7559521
199301,105593,5697374
199305,315343,263516
199305,316936,6766867
199306,33469,1632463
199309,243742,2779768
199307,154067,2996593
199301,12873,350030
199307,169433,4080599
199301,426373,3150923
199310,686564,3798798
199309,423999,9045650
199303,429095,2508971
199312,85928,4126411
199309,687025,4859575
199301,533966,3167904
199310,785435,6622862
199308,290937,763456
199307,642569,1047490
199307,445053,3001076
199310,331351,4789808
199311,375619,3123147
199310,703445,1561385
199305,228194,5007167
199305,719943,1523218
199309,292336,5260147
199301,553880,2274219
199306,418919,4813433
199305,756478,5060583
199301,16249,2999327
199309,96497,6732652
199303,331472,5598885
199312,350693,5351353
199303,183494,153016
199303,209974,4289776
199301,361851,5870505
199303,95811,7613897
199309,543028,5142942
199308,477440,6735579
199307,348373,3095722
199307,695697,2848746
199308,64261,5643547
199312,412927,1262171
199312,384481,7440678
199311,419981,3199315
199309,755484,2438488
199301,161325,134473
199311,301366,4873235
199306,271499,5848098
199304,411366,2002869
199304,219450,5694131
199308,167829,5948427
199309,419548,6759397
199310,305493,4153786
199305,666206,2067707
199311,591720,6636257
199303,380474,4372695
199304,570474,3210911
199305,86401,4214921
199307,46484,2943927
199308,63430,3140791
199306,564685,5770378
199311,72698,2783369
199303,126643,2479415
199302,517844,4608004
199304,579555,3043494
199307,238084,3305374
199301,295096,4644727
199305,413531,6936537
199303,612875,5431457
199312,566540,1402491
199305,568319,3534814
199305,77491,6188216
199308,524682,8277301
199311,231608,5431673
199310,144620,5383381
199307,629889,1587856
199301,662668,8071618
199302,724961,4325355
199309,23707,3835406
199304,270400,402894
199310,72578,4144673
199311,493922,2065340
199309,602503,1669698
199308,315753,4853422
199308,216548,1988831
199307,510568,4287314
199309,533134,2657509
199308,647055,2527094
199302,325237,5509590
199302,493059,1458113
199308,794112,4537272
199303,258013,2787741
199302,638713,3561022
199302,434808,3450704
199312,531171,5890535
199312,713300,636935
199308,447553,6840916
199303,335437,6204777
199307,264190,3770706
199307,725165,2945571
199304,188755,536531
199312,109220,5782250
199306,391663,7318645
199303,439428,5279531
199308,123472,6595022
199309,632743,3448611
199302,615439,919637
199302,479571,5219151
199312,545176,4427889
199311,283270,2947667
199312,757954,7689558
199303,347896,4572005
199307,563780,7950293
199305,629691,4764740
199306,624330,5091203
199301,413804,2525136
199310,274391,267614
199311,638572,2093608
199306,292833,8495540
199301,405635,452939
199307,373712,2274981
199305,746441,2332258
199312,666305,5179153
199312,393895,389820
199309,244258,3032049
199310,106567,7479130
199301,225142,3241940
199307,674091,4442365
199304,711023,303993
199304,560228,4336081
199303,20486,2227864
199311,262062,3612848
199304,299116,1202077
199302,427624,2457734
199302,251606,2719552
199301,40834,8174866
199310,327621,6236691
199303,615268,2811354
199303,146497,4278554
199309,328736,1540600
199312,371158,4818228
199309,158893,2705319
199309,472089,4528604
199310,63180,5658741
199302,661175,2894884
199309,315608,5728025
199312,129701,2056071
199301,29084,802359
199306,120160,4693496
199302,659516,5404683
199302,568841,9264536
199308,308249,1097561
199301,327933,9318291
199304,440946,4438035
199302,395164,1727553
199308,453638,4211400
199304,64668,158368
199307,329118,3861138
199306,578561,3695523
199307,357047,1514729
199304,631790,7159078
199303,515475,3325193
199311,13999,3030176
199309,279348,1691018
199312,391459,3950521
199309,597119,2359214
199305,797414,439811
199303,125585,1736205
199303,474625,2172256
199312,773098,1623089
199312,751942,1160455
199304,6160,4033283
199302,264725,3643014
199306,3444,5810161
199312,546123,2777781
199309,252488,4517313
199301,289065,3305500
199304,465957,5841861
199312,35035,470464
199306,371426,2223653
199310,223662,4661811
199307,758454,5428075
199310,618905,2502349
199301,399125,3756793
199307,739359,1245903
199310,13542,5619839
199301,271537,6123082
199301,433130,1052478
199303,620593,444986
199310,10013,4208002
199308,411971,3875111
199311,492131,5003455
199310,788519,945198
199305,404374,501113
199306,557748,6256819
199309,351221,3825535
199312,674318,3326328
199312,253004,1136904
199306,109055,2106819
199312,41399,3283955
199306,178388,3698210
199301,540780,3785360
199304,199719,3060888
199310,566829,2390603
199302,247758,7767939
199301,714437,6034921
199301,199044,1244770
199310,565061,3167550
199301,645421,1352726
199306,158402,3683128
199308,83424,4551596
199312,503578,7056876
199301,345833,930015
199309,151503,7539325
199312,212055,1340317
199304,798900,3917785
199303,647256,1532902
199301,499031,4744226
199304,99599,930379
199308,17057,3375083
199305,743963,1390802
199305,209737,7986592
199304,42302,1478228
199309,652687,5725657
199309,103648,2452685
199307,417326,5065204
199307,370918,9453241
199309,740124,790417
199306,317532,460207
199306,692981,8807764
199307,797645,5578094
199312,239635,1091211
199307,413099,1570732
199304,155873,954790
199308,141173,5048518
199309,249580,3482830
199312,736474,2368369
199308,604766,7112297
199302,265536,291294
199303,207022,1471551
199305,293799,6921923
199304,605330,5991205
199302,471729,4666720
199312,299096,2276671
199312,496053,1557809
199304,92811,2449573
199304,383828,378538
199301,749271,3841898
199301,85575,2270629
199312,282791,1912134
199310,559872,4207569
199302,376592,5017420
199304,396787,4289344
199309,582590,4470779
199306,22131,1146858
199311,543339,1761062
199308,667568,2532088
199302,89556,7196080
199302,20315,2755976
199311,768187,861032
199311,510955,3853222
199308,519270,3318529
199301,739514,6780940
199307,341707,692481
199307,537144,2635078
199307,573585,6596093
199304,449288,4728807
199302,56231,2585786
199310,701171,804088
199312,8101,2076727
199302,214893,6801244
199308,750253,1896185
199312,164565,1264538
199309,311042,3752998
199305,346623,6217627
199302,711000,600516
199308,674990,9435737
199305,294831,7230247
199303,113248,499451
199301,650625,926446
199303,203633,298104
199303,167769,4000463
199307,104205,2463140
199312,794002,4996527
199302,392932,595326
199304,438626,303532
199303,797941,6922099
199311,687797,6007502
199312,469455,1519866
199308,776369,5748077
199309,63845,531798
199309,796387,6977678
199311,339465,4669812
199308,274015,4601817
199310,499173,4989842
199310,158716,1043529
199312,427070,879398
199302,202125,3965671
199301,385023,4943940
199305,217357,6244266
199305,789942,402318
199306,15575,4771314
199309,510199,1055605
199305,728560,924524
199307,473913,7951354
199304,86073,1677566
199310,6519,2074117
199302,231993,2452424
199302,689815,8489685
199302,112635,5219691
199305,539330,3719045
199306,47142,2958104
199307,541654,5816010
199311,379988,8393890
199312,327623,3362292
199312,520951,6570470
199311,680408,1481390
199301,360044,1311587
199307,311769,6107972
199310,315757,8073057
199312,548551,3258242
199306,242508,995036
199310,729461,4574129
199312,497866,8303407
199303,299387,5490025
199311,14557,3059352
199306,356500,915216
199310,668925,9094459
199307,446632,3248779
199305,234163,3511977
199308,547901,763960
199310,374147,4835674
199307,246060,3253565
199309,546371,5278211
199306,576191,2359470
199301,62025,4201744
199306,303672,4644929
199310,173790,1107091
199307,448012,3575002
199312,572031,5028622
199310,640842,1902258
199306,622121,817782
199309,327095,4554522
199312,298248,5560678
199301,458764,6350019
199305,146705,346836
199307,228578,3132138
199305,663642,4720493
199312,407361,1242973
199312,500200,3841776
199308,263239,3808632
199301,653950,5355726
199301,537490,6074748
199301,380809,366619
199307,376594,8103983
199307,184855,192045
199306,257800,174021
199311,290166,4710155
199307,431440,1463305
199301,156985,9111314
199310,375318,4276037
199306,461010,4091751
199301,456442,3662461
199311,187610,4159144
199308,238999,6457349
199301,258749,2816046
199302,510558,4107980
199304,277948,1681336
199307,700607,2339014
199303,589139,2527450
199303,447690,1297034
199307,481392,3863289
199308,104568,622733
199303,625221,4830044
199303,790939,8269812
199309,135740,8701126
199303,306218,5278750
199301,330485,750157
199308,717588,622953
199311,614938,7263368
199308,469036,886418
199310,746582,7660699
199306,766623,1147231
199310,176689,856354
199309,722876,4093899
199311,376861,8633121
199308,522750,6534282
199310,34174,4452627
199304,629873,2623132
199304,70719,8279579
199305,461016,1231984
199307,714611,5097818
199310,114647,164502
199307,697431,2969643
199311,514655,6115854
199310,401167,3873075
199312,198440,7236821
199312,469637,623364
199302,556777,711495
199303,521344,6623167
199304,237770,3550433
199304,324215,4207084
199308,675688,4776339
199309,137952,975075
199308,561176,3429379
199308,704645,163311
199302,665375,4334659
199306,750847,5706714
199302,276348,2055360
199306,540826,3475981
199301,564443,5556350
199301,713225,3187101
199308,301670,2756567
199303,530048,4496421
199308,588676,8300913
199306,776578,7620811
199310,9994,5089365
199304,284983,8962135
199307,796240,3142765
199305,173760,6828922
199302,346353,6515327
199304,505234,1578753
199304,482933,9387959
199304,653672,2708316
199311,526911,8458889
199308,640972,1704429
199312,634329,495209
199310,378435,3963646
199306,398047,5386221
199307,187,1811241
199310,363111,2733304
199307,231832,6222756
199304,425037,1119779
199305,610028,4367281
199306,593673,1574085
199306,257278,2300054
199304,734178,1763663
199305,145330,808694
199306,650009,4651004
199303,701388,2995438
199308,36824,683198
199306,615916,2538985
199306,277308,5089748
199306,417439,2924419
199311,538579,3487437
199312,636931,2773831
199305,578111,2447147
199312,12534,3402238
199312,215096,3071661
199302,638805,4955794
199305,621217,4169153
199312,100017,4833848
199302,100340,1061549
199304,579234,260015
199307,541095,2136947
199308,745864,5240573
199301,590744,7192102
199307,716917,4786353
199311,385103,2212223
199301,715809,6903104
199304,655769,8195916
199307,450915,2194286
199307,564545,4101056
199306,523260,5850291
199306,550287,4324698
199301,150642,5697426
199310,361492,1522410
199302,664870,4805445
199306,770472,906954
199312,257017,1527232
199301,85059,204633
199302,22901,5307549
199306,406701,157552
199306,237242,1143853
199306,555029,214632
199311,233952,7683319
199302,381267,130780
199307,93623,5174800
199309,25098,2329575
199303,675628,1428798
199308,600076,2222443
199303,186238,3082807
199311,147691,5793315
199307,264011,668850
199301,118254,1637385
199301,287453,4420710
199305,71028,4747343
199310,52324,758134
199305,527797,8673131
199302,494600,464022
199301,767419,144178
199301,350801,2383253
199309,391874,8476788
199308,707687,166075
199311,366931,4747057
199301,685361,5093166
199301,107096,5351089
199305,396007,2620704
199311,37970,4911114
199312,178562,3978358
199312,199084,3130429
199305,49216,807490
199302,668255,3148568
199310,186766,1797177
199304,257688,3064237
199309,400484,402877
199301,540392,6597496
199309,796242,524578
199304,705971,2876447
199311,649660,5678774
199311,531194,356524
199304,379348,4097864
199308,488384,3631264
199310,458882,4510107
199309,587628,7229538
199301,504771,6373166
199303,87538,1046513
199304,731756,2254314
199303,593874,2922257
199308,254946,7715874
199311,546747,8613443
199311,279303,3300614
199302,1103,3148857
199307,475555,3599806
199310,209514,6765895
199309,52623,764175
199301,585621,4392788
199309,309284,3010732
199309,613829,3719113
199309,753540,3709691
199311,62616,765625
199302,146267,4290420
199307,444293,4654609
199308,237407,3593554
199301,708759,1371750
199309,415721,2405949
199305,118733,1529260
199307,637511,3512564
199311,300495,1612127
199301,300477,6143278
199312,445573,5008177
199308,659009,1971754
199308,151047,2282825
199307,181621,4789470
199303,79233,1680150
199302,359040,3372923
199307,594476,621898
199301,418058,4734721
199305,463833,8714528
199302,608780,8359312
199302,7645,3956126
199310,534993,6294818
199309,351926,195813
199305,544865,3368957
199301,365288,401921
199307,273010,4624032
199310,747147,5556193
199304,699015,4130954
199307,176123,3323960
199303,171707,4050099
199311,877,6512337
199312,109101,3406896
199311,95998,6316960
199310,26774,6333667
199307,764568,5859150
199307,481364,3329716
199302,90843,4133475
199303,515606,4608530
199310,95934,9078390
199306,582598,4611484
199302,449477,4613139
199302,446561,596985
199301,317296,4550515
199305,68334,6316300
199306,204925,4841941
199302,579806,3173767
199304,143987,6170117
199305,185941,6356483
199303,774559,2693674
199303,362721,6401735
199311,490180,2383615
199302,657628,7147839
199310,203465,1475189
199309,280559,3962775
199306,660051,3138206
199303,333727,871551
199308,45792,7569813
199309,356623,5596460
199309,96255,1471470
199309,157284,262890
199307,70903,5089512
199312,769539,3276514
199310,479035,2163897
199305,4253,2041389
199312,774250,5969583
199305,705291,2438265
199312,282175,801911
199303,228633,5301699
199309,78391,2549804
199305,168903,6694600
199305,25841,7883640
199304,581579,2301522
199305,719318,3761768
199305,674264,4780806
199310,396517,5376182
199302,520505,3886923
199312,240318,4562595
199310,391767,2576227
199305,544062,1180144
199303,694613,7484892
199312,140219,3331869
199305,703198,4427475
199307,219575,2959228
199309,152922,2107239
199309,12476,2154905
199307,327525,1521459
199305,537832,1099448
199303,431859,3013966
199309,170511,1687471
199308,427274,1783856
199310,672879,4174047
199308,719305,778670
199307,666771,8428039
199310,355494,3528165
199306,732378,3731759
199310,734735,5202918
199307,760570,5432959
199309,566634,5773570
199303,349342,674795
199303,430046,2199949
199309,444236,2544532
199308,101784,175006
199306,602817,4767230
199303,138091,111779
199304,399801,6637558
199311,151806,4324958
199301,484863,2173059
199303,43979,7538042
199312,277112,3842344
199310,593128,3022222
199306,172911,9332312
199304,673063,502474
199305,409626,4864780
199307,792461,602730
199307,617964,4241870
199302,629594,3016648
199311,760497,6563136
199303,351884,563338
199312,796890,5841368
199308,489270,740439
199311,427904,538572
199306,3764,2426590
199310,488359,3397966
199310,788967,2849518
199301,534643,5532790
199310,665078,5008678
199301,363178,2311039
199309,442317,3241412
199304,360014,729246
199303,497634,6945763
199312,163714,8447677
199305,143745,8238936
199303,470620,3117576
199312,361819,7662379
199308,106901,3178561
199312,701710,3320659
199312,309619,7980140
199301,666905,7625998
199309,756281,5766222
199311,527579,7168426
199311,495800,4622337
199310,434575,1046118
199303,445428,2153491
199308,657797,4864194
199305,606290,348111
199303,97486,1582873
199309,551222,1497283
199304,590219,888940
199308,166336,3672702
199309,334816,2720676
199310,206842,6684028
199304,621547,2471502
199301,625223,1113744
199310,19380,771831
199309,326747,5161554
199303,762899,5138111
199310,309333,651025
199312,182591,5740413
199312,239149,853093
199311,787975,6126931
199302,467441,4508352
199305,368664,8233552
199305,509191,2376336
199310,425282,5139305
199310,645028,3371410
199309,246459,4498813
199303,771395,3129212
199308,225081,1281733
199308,70060,2651374
199305,226028,472234
199308,482901,6277088
199309,497363,5805931
199310,56669,1287522
199307,654964,4094996
199304,430894,2529269
199303,289985,5032223
199307,176808,8227152
199311,509646,1966876
199311,19155,1894800
199306,146105,3418767
199303,541981,793000
199310,542517,1375470
199311,197498,4378024
199303,35862,1423905
199305,376016,3638544
199301,564736,178270
199311,575528,3771432
199311,82508,3797794
199306,425313,242704
199306,645883,3725367
199306,91275,5281612
199310,409400,1555543
199309,504516,4424625
199309,467712,997735
199301,398171,5786100
199305,356392,1826407
199308,596243,1856158
199311,466008,1322664
199302,723166,1530410
199301,127376,1100242
199301,344272,1954646
199312,780651,335934
199309,350756,6374178
199312,639537,1012879
199312,515731,2567663
199312,740424,1136366
199304,117861,8565722
199304,273332,1772624
199305,25762,5127414
199309,233657,6702956
199308,577123,232819
199312,654868,5052884
199308,95997,1578448
199305,268682,5176501
199303,470477,2411451
199308,518494,5989381
199301,514175,2913417
199312,528807,3998328
199309,445574,300870
199312,472645,3765819
199309,281312,506973
199308,351699,6792638
199305,11186,430094
199310,249719,6773253
199302,792754,731301
199301,788837,5473123
199310,307055,2497918
199305,221889,5146492
199304,403744,2120615
199311,220286,472857
199304,556549,3933524
199307,596749,4933609
199310,36448,1918833
199308,381040,998837
199306,188279,6498634
199307,561578,7156635
199312,425945,8334948
199312,395451,7501780
199307,121215,2422971
199307,664762,7692582
199306,703501,6634712
199302,442471,3462952
199303,74408,135475
199304,495979,1161270
199304,377184,1123702
199306,74741,5492083
199310,611872,4415004
199308,139854,6374699
199305,599720,180150
199310,440411,4682566
199303,162602,4843986
199310,458710,3270632
199306,622302,4919116
199309,460326,2647205
199305,789288,4942950
199310,252666,4282947
199311,489215,1788222
199303,109255,2452645
199303,676381,6718882
199303,733365,5696796
199303,38861,881931
199306,309850,8659415
199310,109545,1846793
199307,293743,4885421
199301,510870,5473273
199307,706054,419767
199310,656458,2495036
199306,6378,5107939
199311,152320,6792984
199310,565548,5218123
199310,438416,265460
199307,377992,1622864
199307,546515,1530260
199305,59407,5964336
199310,195938,9667269
199306,473232,2221202
199305,349501,2583116
199302,356523,612849
199307,3698,3767174
199307,107703,7301267
199305,292654,3034757
199312,128942,5021955
199301,152218,3236495
199303,766464,5849303
199301,674800,7304953
199312,391342,4540789
199312,683009,4471800
199301,391191,2638726
199307,534938,1171908
199307,293632,6850362
199306,533413,6662072
199302,754806,1276488
199308,181714,1393470
199310,550282,3165449
199303,178357,5399786
199303,474105,2721439
199301,752502,7079056
199305,182009,5400450
199304,695790,6010868
199303,57046,2752341
199301,603993,5633971
199310,19089,1368972
199309,185875,1345156
199312,439918,2366951
199304,712363,5310149
199304,357795,544717
199304,255531,2622221
199301,98074,1996194
199307,370150,119573
199301,635144,4059611
199301,694207,237831
199312,265468,709557
199303,282600,155093
199311,305608,313036
199309,156949,7347758
199301,466536,4417379
199301,650361,2985898
199308,77391,4778417
199307,28208,556738
199307,258012,4033260
199312,594669,7507815
199310,79585,758821
199303,297166,227977
199303,170207,6322140
199303,371921,8892364
199306,717443,566639
199308,402185,4794375
199311,21816,4087329
199302,15704,3492073
199301,785724,4079041
199302,306133,4419785
199301,432944,1300705
199307,473717,7787318
199309,799016,4542428
199312,133733,8568640
199312,788295,6371295
199310,217356,1605681
199308,149731,1570603
199309,372152,1079691
199308,730428,2310089
199304,599559,7151581
199301,392233,2570926
199303,370868,8445630
199303,637264,2213866
199306,796718,4801643
199301,740891,5434322
199304,328444,1587279
199308,654218,3675956
199308,486849,8905562
199302,23290,4707565
199303,481673,5026826
199306,725200,1576793
199308,518611,322658
199308,565470,902844
199307,786807,5999463
199301,736119,3316234
199302,532463,3517274
199302,463606,3230195
199312,641709,4529438
199305,627987,5254622
199301,628116,708930
199304,767894,4272931
199310,131835,4889227
199311,318219,612414
199311,530826,4185227
199307,315323,1854897
199303,241639,6815633
199303,154341,3177189
199306,151173,356233
199309,414668,4187665
199309,567563,1897948
199310,267860,5790628
199311,514518,6675526
199301,184301,2036391
199306,329396,6350067
199306,152689,6588775
199301,594320,1783432
199309,549161,474374
199308,639120,830326
199308,73915,916121
199302,66540,147640
199310,128258,5988780
199305,415753,6868492
199304,424059,963369
199304,757793,5622608
199303,213802,679452
199307,533421,4560998
199310,777657,5949746
199302,613887,1426273
199302,105682,1637049
199302,194567,3093824
199308,448266,4759820
199312,512767,345269
199309,670692,7418788
199303,172685,8440379
199309,230977,4071586
199311,322434,3460453
199304,546876,6406936
199307,16969,6585772
199312,157549,1908569
199312,417570,5393856
199301,641046,1160723
199306,145393,6697143
199306,319947,3243467
199310,200405,255856
199301,475916,7117290
199304,435396,3163335
199312,437822,8536789
199306,61861,357280
199304,286052,2416557
199311,681920,3136216
199311,150555,4983627
199305,548577,7253204
199312,625513,281942
199312,214136,3396088
199308,597718,3914627
199307,292637,2419985
199308,548061,1317539
199301,2582,293946
199308,49996,9060529
199308,273221,709360
199303,674124,968515
199309,657913,8983965
199308,209419,2603664
199303,181985,5469229
199303,197691,525874
199311,680714,5872066
199304,691476,7117084
199304,427007,3986226
199310,674194,578239
199302,569464,5313369
199309,67027,2164975
199302,10481,4132695
199308,326945,5466189
199305,97193,1749579
199305,88125,872686
199305,313379,540235
199310,673816,5086554
199305,323410,567626
199303,343747,2807864
199312,92875,5435501
199303,26903,6455887
199303,783821,6160090
199311,135846,2738077
199306,662858,540783
199301,692469,3617039
199309,714938,1148305
199309,2098,4753427
199302,33556,2745240
199307,742885,748005
199310,109793,6994825
199309,167274,2103111
199311,376955,4380862
199302,170523,1104309
199307,412221,4836497
199303,250463,2658699
199305,566070,1892659
199307,687128,1622455
199306,752192,3535902
199309,506301,5706277
199303,566493,2778975
199312,711522,6224435
199307,72192,5362259
199309,332443,6010901
199311,68478,572802
199308,451187,3493013
199306,422547,5844281
199312,567209,2351999
199306,205930,7123369
199306,206431,1834940
199311,366009,948141
199307,132372,2064423
199301,597838,766580
199312,410005,3638875
199306,299034,102268
199306,229379,4359455
199302,364793,7748800
199303,595129,1543590
199303,203834,4301104
199310,132637,1145366
199306,534052,3225509
199311,296990,7902219
199305,430214,5327348
199303,567356,1813322
199303,421909,2356342
199303,615544,4147927
199312,574620,4816053
199306,163357,4077824
199312,778269,5619296
199312,361769,2691202
199307,183225,1282055
199305,28607,5928951
199305,443154,319264
199303,167878,2453742
199301,387626,3490623
199302,663583,918650
199302,492437,6163615
199306,14893,178981
199312,66467,6535144
199302,726123,3981596
199303,625131,1759462
199304,303618,1907001
199304,454013,765856
199310,159456,6980162
199305,375323,2877721
199311,716911,1870043
199311,574330,3302937
199302,748165,2041697
199311,785582,3235047
199305,200832,4754858
199310,666296,1484417
199305,525120,3741041
199309,413137,305582
199309,378274,2623384
199310,754678,2716779
199302,101837,1802053
199302,362575,6646856
199302,576033,3623135
199311,618979,2761502
199311,337892,7675132
199312,217803,7420046
199309,666356,3758033
199310,359672,3942989
199303,585006,432028
199302,598376,4912534
199308,691282,2840620
199308,769718,5309409
199309,269848,5344420
199311,260606,5526929
199306,330388,4212558
199304,4642,1500240
199306,34246,5783176
199302,27685,3512417
199308,392639,8571519
199301,110459,1309279
199312,204138,3268088
199312,174191,4172596
199306,113449,1576510
199308,508126,5613795
199312,131592,964412
199303,328842,3850168
199308,410887,3915739
199303,710055,2635924
199305,5954,9113755
199311,784293,2137507
199303,733221,3771349
199303,635129,2294178
199310,383767,4580606
199306,257397,3152996
199301,39064,4766541
199311,276355,5088381
199301,270989,3265310
199310,754869,8107019
199302,305307,6110022
199310,149718,8230457
199301,666627,3400721
199310,679862,180499
199308,627915,5720299
199312,786184,4652559
199310,82317,6175620
199312,96034,2523573
199312,219417,5027536
199312,673124,2472840
199307,79129,4388155
199307,263947,7567282
199308,51249,4158831
199308,80651,3553733
199312,146142,4469782
199306,615933,6341727
199307,480035,689191
199306,170398,4748773
199312,403026,4230666
199305,186023,3369202
199305,603705,4256540
199312,252460,559330
199310,361916,959281
199303,312103,1748461
199306,213240,1901676
199306,724166,4241623
199307,706532,5880147
199309,748101,2026959
199309,594886,9706214
199309,607184,3672810
199303,453628,6732871
199311,519752,5903404
199311,286176,5352908
199303,703440,3500269
199302,724188,5408613
199302,763215,5762035
199310,580785,4571112
199310,172832,5912592
199306,340114,2601341
199311,269595,6593140
199304,331160,700396
199303,417073,3136478
199306,370316,6723555
199305,717029,2588825
199305,164257,5179300
199311,255893,2869461
199311,75888,7306409
199304,459808,6929697
199304,650325,2146313
199312,668559,2993939
199312,20041,470909
199311,339802,2188046
199302,587964,3656557
199312,449761,3152893
199303,404506,5805535
199303,124910,758484
199306,398660,1378781
199301,182174,3446930
199311,661870,3410886
199309,181304,1234302
199310,783786,2015590
199301,659251,4813044
199302,143796,3786287
199302,638044,4330664
199307,624763,5566133
199304,654511,2010638
199305,575559,323636
199308,593247,656707
199306,616992,1511896
199312,792184,6003009
199303,549921,382354
199309,98643,4777172
199302,100429,283025
199306,324014,2848272
199309,715822,4184647
199311,581031,1833704
199311,578134,4919954
199303,405499,4817332
199308,238239,3539900
199309,144664,1339589
199304,90596,6685890
199307,793715,7976278
199304,708640,159915
199311,562189,5640229
199302,60397,1053334
199302,454296,495106
199312,17682,3642471
199304,587275,3776157
199307,316738,4936027
199303,791108,1410106
199312,393641,5269805
199308,674031,1477350
199308,601386,3280167
199303,172955,2409204
199307,327663,3180112
199305,288992,6533272
199306,577727,4287967
199310,10201,4355904
199312,252932,7758330
199301,251882,5809700
199301,571026,2823678
199305,715280,5385649
199303,259220,2859584
199301,390896,5704332
199311,483450,1826189
199312,396437,5860731
199311,154319,1211259
199309,255946,188291
199309,77999,5177736
199311,727920,5479414
199312,186648,4759852
199309,174659,2208670
199309,587470,6321689
199301,333209,2048371
199304,793467,3058442
199307,437332,3939938
199307,788332,281219
199306,27103,4542741
199310,605397,3828938
199309,762336,1233300
199309,566584,5923859
199311,551125,4725569
199301,249772,6346407
199304,793032,771750
199307,773713,1926041
199307,586473,5712265
199304,456742,4036158
199307,173970,7411435
199312,595115,3169225
199311,755212,5162491
199303,14479,409680
199312,673397,5697956
199312,392657,1527435
199302,292292,125859
199307,203082,4013175
199301,532216,5931398
199310,791486,3123351
199306,579715,6331666
199303,272912,3324963
199301,155791,5015881
199301,776526,5552627
199303,701276,4336229
199309,786595,5438165
199305,74466,6417249
199301,308625,3486123
199305,43319,3092659
199305,346914,5823873
199312,505441,2434324
199303,415319,4233614
199312,710505,6089158
199311,160381,4280898
199304,572305,1227156
199312,692556,300412
199306,731034,4801020
199309,728287,520839
199312,577079,3204570
199305,788974,808672
199306,566748,3952460
199312,521592,5850804
199310,670064,300902
199310,217944,6568889
199310,517499,450391
199308,3528,6593581
199301,494321,510336
199309,479029,4840416
199308,19881,7059449
199303,383486,7155213
199301,264294,4110800
199305,312941,7544123
199305,394047,4518478
199305,339103,1231173
199312,27964,5138563
199304,392253,2264038
199301,355286,2732166
199308,481893,7053260
199304,767512,6810717
199312,179421,1600948
199308,676484,6440584
199309,489679,3107026
199305,100856,1080686
199305,114085,2477326
199306,722673,3189498
199309,605236,1468724
199303,19827,8217041
199303,424614,3960330
199303,483200,3162640
199306,512489,5202558
199306,602007,2429676
199301,428384,5916118
199312,384836,372639
199306,675170,3998828
199311,16003,1910601
199311,182753,2314880
199305,304982,4625666
199308,770099,1157369
199303,705303,2284239
199304,533889,4145686
199310,799398,6245488
199306,114010,3010589
199306,199967,3478693
199312,76387,2137779
199301,408988,3128087
199309,183737,8921577
199309,243883,1790332
199305,656968,560154
199311,718763,1746095
199311,567709,3482292
199312,558277,1554231
199312,785158,2461377
199303,384457,2114855
199309,516648,3915186
199310,114749,2908407
199310,40251,3004332
199310,552815,1630580
199303,688012,4752904
199303,615511,276737
199301,74182,4807396
199303,55705,5696201
199301,154574,4423196
199312,613146,2387233
199306,553431,1745666
199306,159430,3391432
199309,647046,3308709
199305,263248,1527361
199305,629463,675328
199305,285765,5719700
199312,502912,9287216
199309,655279,1316934
199306,737855,6558621
199304,259888,6881467
199302,470979,2316540
199305,169337,689101
199302,8456,529406
199304,559674,5663834
199308,322912,5119745
199311,220665,6526535
199306,328283,1670557
199309,756318,1496590
199307,559510,6836698
199304,291437,1131308
199308,564520,2305447
199303,701867,2035155
199304,442607,153408
199304,723416,1551651
199308,390457,6904677
199304,315771,1213210
199310,230187,2275675
199303,51211,2619621
199306,660682,637348
199306,426372,503759
199310,676317,3387100
199307,656441,4150307
199304,408485,5518101
199303,361547,6553151
199301,494797,2433223
199301,516098,1985272
199307,432443,1497832
199303,682511,7025329
199302,556570,3220569
199304,717851,3262959
199305,238931,3147075
199304,360902,4039627
199304,76753,5872501
199312,380640,843108
199305,56223,2568341
199311,161462,6058800
199311,208874,3977560
199305,203383,2164960
199302,640114,3925393
199302,791897,6945099
199312,589692,7085701
199311,504149,2237052
199309,609027,2316575
199310,65874,6921590
199303,270986,9013803
199312,234848,3112821
199311,310169,4391154
199311,208774,166593
199307,615283,3405426
199309,197293,1483439
199307,341234,4329371
199307,706869,4642679
199307,332792,8226108
199309,100913,3751263
199312,728393,4080724
199307,446283,2799025
199305,223673,5476543
199301,6343,5754460
199301,2685,314360
199306,697140,3343103
199309,654801,3785440
199306,780511,5199365
199304,391900,9859855
199308,408911,3210285
199308,506613,2670703
199310,266139,547034
199310,183016,5331297
199310,730294,5651941
199309,596431,1663349
199309,424181,1083056
199310,422924,1628965
199311,769634,6279469
199303,544591,4327718
199311,127684,5083689
199312,435179,3860529
199305,538351,3369125
199308,372334,1773369
199303,233903,3563566
199303,270425,690727
199311,226235,2184254
199310,627756,7500972
199308,256409,6224813
199301,676140,4484529
199312,753416,3200309
199305,791542,4802519
199305,237553,5696843
199305,267483,2010351
199304,743694,4300708
199304,262055,493264
199301,362916,391822
199302,87859,7524066
199307,463697,2278439
199307,406115,1400935
199308,516662,7567309
199305,356470,7107197
199303,557324,4239209
199312,519536,4619864
199301,514174,5175581
199306,67261,1203694
199302,94594,4514772
199302,191253,4874250
199312,124738,1919612
199306,439185,1432179
199308,3951,6907833
199311,722162,5743030
199301,187862,1702227
199301,706534,3050190
199303,123033,2380291
199306,539533,4160861
199309,758846,7575429
199310,446838,6296809
199307,172926,2132847
199304,160508,1217156
199309,18475,1092480
199307,679108,632674
199302,433062,3900556
199301,412041,3790160
199307,730193,2277523
199307,348772,3064339
199309,553372,564438
199307,403537,1552869
199309,431511,1999291
199312,66787,7734169
199304,148068,3204208
199307,20057,670256
199304,606215,2856766
199303,591483,1221780
199310,694143,4390381
199304,32284,5780978
199312,497505,6098566
199311,775131,1671654
199308,462099,4263379
199308,592369,7087499
199305,132668,5499934
199305,475359,3698762
199302,118342,673368
199304,567211,876838
199304,248484,4492225
199311,304908,185550
199312,728000,1410374
199311,219740,1150192
199311,480924,6836686
199310,133877,5296931
199302,576353,5883122
199310,547500,766002
199304,268203,1836425
199305,256105,2079736
199311,764073,2205857
199302,741241,4900606
199305,368544,6256616
199304,96944,6966033
199305,679199,1399654
199305,566481,7279251
199305,45511,1284641
199302,545142,822674
199312,41749,1476016
199303,134219,4590508
199307,726051,3865424
199312,784581,4362075
199307,573108,5729419
199304,581965,6155148
199310,84115,2345500
199309,138932,6500127
199301,597369,4409284
199306,568461,7269428
199311,454256,939138
199305,721853,5144506
199304,441613,1523498
199308,48496,5577175
199308,658644,3264516
199308,170295,267596
199306,252921,5271308
199305,506830,3091351
199311,490368,134475
199309,308656,6688523
199312,359980,9895894
199310,437146,2122915
199303,779749,2715634
199304,9595,3648630
199303,136387,6277105
199309,626081,2246728
199303,416954,4033725
199307,39232,3521888
199309,672685,3859009
199303,221871,3999870
199303,542776,5941856
199304,702293,3427257
199304,604832,842348
199306,567417,872821
199306,3080,1265223
199304,63034,2931268
199302,428188,3681095
199311,565347,2465910
199305,193493,1077226
199312,742492,893055
199302,503080,742979
199307,332187,3258841
199301,205220,5012810
199306,645897,7115282
199311,649386,3402471
199311,712112,3894937
199306,421136,3315096
199311,91639,3228647
199311,529756,1225010
199303,145253,755581
199302,297272,3856011
199309,14668,5680166
199306,51316,860503
199305,368614,6101107
199305,325425,2110346
199308,44410,1313777
199303,331089,1219756
199309,461950,567843
199310,112673,5781848
199311,201241,4589480
199310,604645,2126064
199309,130603,2376888
199308,101199,2117135
199309,796013,5160083
199309,655761,7907258
199306,602175,422238
199305,381680,4955577
199305,116530,2250201
199306,388286,3636318
199301,342086,1340147
199303,57597,7079602
199312,686457,5375296
199310,374409,3165554
199302,550082,2465626
199306,769518,153985
199310,507881,4580485
199310,761168,361364
199312,90409,4937083
199304,249449,2492002
199309,609865,351416
199309,629253,585198
199306,366468,2105265
199305,2470,2853365
199304,318596,6329153
199308,117892,2836186
199310,113729,6148316
199304,577859,5368892
199304,518724,170784
199304,378306,4341133
199306,491746,2043558
199309,463783,3766014
199312,86423,4101412
199310,615954,3702441
199311,643627,3265256
199305,611255,3846193
199302,463872,178077
199308,244109,4334518
199311,455285,2552455
199312,780450,2399698
199312,676816,7027697
199312,687652,4545026
199307,294763,1218120
199310,74520,2050481
199310,789275,1485657
199310,14860,8258423
199305,10509,3372732
199303,132386,1965874
199303,458130,746443
199302,494124,2081902
199309,140592,2879888
199306,398044,1007270
199309,553396,3124841
199309,437493,7009303
199302,266739,3677532
199310,513333,3826213
199310,386680,519400
199310,652863,7573826
199303,268987,6133921
199306,550802,917126
199302,294843,2317503
199308,209041,1382293
199310,371397,2421358
199301,298022,2798907
199307,390925,7983003
199312,73724,5656803
199303,108743,3058538
199310,555097,782255
199310,171474,6885068
199307,722136,2471385
199301,366,2333901
199309,253889,6203100
199307,109734,7348078
199307,291586,5411065
199307,268476,4529826
199305,203526,693312
199305,424788,664550
199302,189364,5269883
199306,726754,7600112
199306,648876,3755520
199306,469226,3748147
199308,595521,7841641
199308,542770,8264327
199305,171875,2120141
199311,670260,241125
199311,135678,3223413
199302,636108,204637
199311,574864,1343616
199307,713696,3686026
199312,400192,648748
199309,285134,4606297
199304,526390,686939
199311,33773,5686957
199302,253962,9483952
199305,591382,3572898
199306,463457,1653380
199301,644473,4167273
199310,467934,3012625
199310,583761,4294554
199304,179941,8233309
199304,648455,1528324
199303,16689,4672528
199303,484747,8572014
199311,500661,4277061
199310,644687,2078722
199312,777252,4899504
199301,68327,4062123
199309,25201,2075586
199305,620618,4417263
199305,323856,911722
199304,97939,8731680
199309,98870,2747238
199309,254064,4837773
199309,24491,5271284
199310,645268,3530499
199308,274314,3443625
199311,392620,2853208
199302,399190,4169208
199309,656889,2375608
199307,637903,5831876
199306,551061,4686136
199304,144335,936565
199304,224920,2505387
199306,653968,6338525
199312,187974,6124050
199306,672360,5353301
199311,355326,401961
199310,335281,5933745
199303,587611,5107660
199305,240251,4968662
199309,768288,1879762
199311,563930,4494273
199303,195526,7864372
199301,310340,264664
199308,300202,3887882
199305,60543,1915509
199301,157343,1097866
199301,643303,2344233
199311,128821,6775890
199307,271299,3983598
199311,144740,1413514
199302,513110,667115
199302,167176,482349
199302,405232,1894591
199304,222041,2288159
199309,133707,3618915
199307,754614,1651894
199304,227128,3969323
199302,298311,4318071
199305,672440,3288090
199307,570341,3772458
199305,768592,7974009
199312,559187,986958
199312,168310,5882627
199307,260261,1450845
199311,529082,2395445
199306,304887,9084759
199307,734419,563911
199306,639688,2417060
199307,97403,3667647
199306,545191,2637986
199304,545501,1363995
199305,77492,1018356
199308,708208,834292
199304,227498,276543
199311,106757,1920723
199301,56495,563178
199301,1803,3174337
199309,254133,5167081
199305,21679,2950034
199302,43493,5912592
199305,253443,1368501
199305,546491,6697219
199304,265513,2294632
199304,121437,2715596
199312,210124,3711420
199302,279204,3594531
199310,218488,5513362
199304,258471,6934310
199305,686982,572964
199305,141751,1952304
199303,159207,2005660
199310,108798,1226810
199307,300116,328133
199307,798433,1500772
199307,69378,3601520
199304,503307,4365852
199304,670319,2653338
199310,218872,7195675
199305,140681,1022677
199308,108751,853478
199310,335661,4278951
199310,652928,2006909
199301,577261,4196720
199305,683597,6970269
199307,173793,3658908
199310,544174,3544816
199312,634889,6255805
199310,75850,1073599
199310,628887,1779533
199312,403052,1111654
199303,415892,5846651
199310,788822,5745745
199310,192001,2035166
199310,758432,5901984
199306,737940,4458209
199302,431583,6023405
199302,485601,6155930
199307,636736,6789489
199308,742204,122124
199308,763149,475147
199311,138883,380532
199310,114468,2013180
199301,47334,5835176
199301,333931,583581
199305,365483,3065970
199305,193490,7759101
199302,249272,4308605
199307,718993,3549097
199301,612873,8750616
199301,550103,226003
199302,260539,5672684
199302,415352,4140367
199310,656005,4756801
199304,612943,5695787
199305,468647,2849953
199310,7557,4119779
199302,726891,5638508
199307,545888,4689610
199307,325383,6692574
199307,35309,3449199
199307,198313,5588787
199301,67389,2631377
199308,625838,5531276
199306,779162,4213636
199311,422986,6734810
199307,27209,3711965
199304,577055,1996900
199304,682447,5268805
199304,715053,2589948
199312,484590,5455885
199301,417574,2484922
199310,446478,552686
199301,693226,3584418
199311,466424,3303590
199312,753139,4012608
199308,314824,5225898
199305,685879,1989784
199305,359354,6436350
199308,225687,3951041
199302,238147,4210304
199309,468024,3731904
199302,547121,679834
199310,727198,5823185
199310,27480,4413857
199303,513738,5896255
199301,101109,4460381
199308,771185,5416518
199306,575581,1311995
199303,165489,761695
199308,653703,1767666
199301,698882,8757237
199302,160640,3299241
199308,312930,2115839
199308,203052,283646
199310,665892,8289771
199311,167250,4303455
199304,299138,2867816
199301,153729,2271185
199308,625515,3772617
199310,406335,1806106
199310,586509,1876284
199312,217151,3211896
199312,444555,4408618
199302,259991,6883057
199309,426698,2048708
199308,89218,5617148
199301,717047,825671
199310,410647,1510891
199302,178665,338270
199305,737504,5740434
199309,131186,4604591
199301,277202,4117731
199306,698380,2701566
199303,616345,1373566
199311,705052,2153149
199304,376753,6096693
199301,159548,6301556
199301,322738,8368702
199301,563897,4374700
199305,266186,1229365
199312,179944,2159543
199312,25226,2030752
199309,472008,4225673
