 节点name: Group[0]-1
120,329,0,15294
 节点name: Group[0]-1
120,329,0,15259
 节点name: Group[0]-1
120,321,0,14977
 节点name: Group[0]-1
120,318,0,14851
 节点name: Group[0]-1
120,328,0,15235
 节点name: Group[0]-1
120,359,0,16621
 节点name: Group[0]-1
120,355,0,16511
 节点name: Group[0]-1
120,330,0,15358
 节点name: Group[0]-1
120,306,0,14249
 节点name: Group[0]-1
120,363,0,16691
 节点name: Group[0]-1
120,334,0,15466
 节点name: Group[0]-1
120,311,0,14502
 节点name: Group[0]-1
120,321,0,14910
 节点name: Group[0]-1
120,348,0,16120
 节点name: Group[0]-1
120,347,0,15767
 节点name: Group[0]-1
120,320,0,14464
 节点name: Group[0]-1
120,329,0,14893
 节点name: Group[0]-1
120,342,0,15474
 节点name: Group[0]-1
120,349,0,15767
 节点name: Group[0]-1
120,319,0,14388
 节点name: Group[0]-1
120,322,0,14608
 节点name: Group[0]-1
120,346,0,15600
 节点name: Group[0]-1
120,321,0,14455
 节点name: Group[0]-1
120,334,0,15086
 节点name: Group[0]-1
120,348,0,15784
 节点name: Group[0]-1
120,360,0,16336
 节点name: Group[0]-1
120,358,0,16196
 节点name: Group[0]-1
120,297,0,13377
 节点name: Group[0]-1
120,328,0,14775
 节点name: Group[0]-1
120,332,0,15097
 节点name: Group[0]-1
120,346,0,15611
 节点name: Group[0]-1
120,355,0,16064
 节点name: Group[0]-1
120,337,0,15177
 节点name: Group[0]-1
120,350,0,15860
 节点name: Group[0]-1
120,352,0,15955
 节点name: Group[0]-1
120,298,0,13524
 节点name: Group[0]-1
120,341,0,15504
 节点name: Group[0]-1
120,300,0,13520
 节点name: Group[0]-1
120,305,0,13710
 节点name: Group[0]-1
120,356,0,16114
 节点name: Group[0]-1
120,323,0,14646
 节点name: Group[0]-1
120,336,0,15180
 节点name: Group[0]-1
120,328,0,14856
 节点name: Group[0]-1
120,344,0,15597
 节点name: Group[0]-1
120,319,0,14555
 节点name: Group[0]-1
120,325,0,14677
 节点name: Group[0]-1
120,317,0,14285
 节点name: Group[0]-1
120,339,0,15454
 节点name: Group[0]-1
120,340,0,15414
 节点name: Group[0]-1
120,317,0,14385
 节点name: Group[0]-1
120,335,0,15177
 节点name: Group[0]-1
120,325,0,14742
 节点name: Group[0]-1
120,335,0,15108
 节点name: Group[0]-1
120,315,0,14216
 节点name: Group[0]-1
120,309,0,13921
 节点name: Group[0]-1
120,334,0,15131
 节点name: Group[0]-1
120,325,0,14667
 节点name: Group[0]-1
120,366,0,16562
 节点name: Group[0]-1
120,335,0,15117
 节点name: Group[0]-1
120,338,0,15292
 节点name: Group[0]-1
120,371,0,16757
 节点name: Group[0]-1
120,348,0,15660
 节点name: Group[0]-1
120,329,0,14796
 节点name: Group[0]-1
120,353,0,15991
 节点name: Group[0]-1
120,326,0,14810
 节点name: Group[0]-1
120,354,0,15958
 节点name: Group[0]-1
120,332,0,15049
 节点name: Group[0]-1
120,351,0,15935
 节点name: Group[0]-1
120,356,0,16085
 节点name: Group[0]-1
120,348,0,15791
 节点name: Group[0]-1
120,341,0,15518
 节点name: Group[0]-1
120,309,0,13871
 节点name: Group[0]-1
120,372,0,16821
 节点name: Group[0]-1
120,360,0,16357
 节点name: Group[0]-1
120,302,0,13690
 节点name: Group[0]-1
120,295,0,13368
 节点name: Group[0]-1
120,389,0,17585
 节点name: Group[0]-1
120,328,0,14804
 节点name: Group[0]-1
120,314,0,14110
 节点name: Group[0]-1
120,343,0,15480
 节点name: Group[0]-1
120,342,0,15463
 节点name: Group[0]-1
120,351,0,16287
 节点name: Group[0]-1
120,327,0,15329
 节点name: Group[0]-1
120,372,0,17198
 节点name: Group[0]-1
120,354,0,16430
 节点name: Group[0]-1
120,316,0,14780
 节点name: Group[0]-1
120,336,0,15574
 节点name: Group[0]-1
120,328,0,15207
 节点name: Group[0]-1
120,351,0,16208
 节点name: Group[0]-1
120,349,0,16115
 节点name: Group[0]-1
120,346,0,15999
 节点name: Group[0]-1
120,371,0,17091
 节点name: Group[0]-1
120,351,0,16238
 节点name: Group[0]-1
120,344,0,15931
 节点name: Group[0]-1
120,343,0,16053
 节点name: Group[0]-1
120,342,0,15841
 节点name: Group[0]-1
120,311,0,14445
 节点name: Group[0]-1
120,311,0,14474
 节点name: Group[0]-1
120,325,0,15029
 节点name: Group[0]-1
120,334,0,15550
 节点name: Group[0]-1
120,333,0,15598
 节点name: Group[0]-1
120,337,0,15650
 节点name: Group[0]-1
120,360,0,16582
 节点name: Group[0]-1
120,366,0,16871
 节点name: Group[0]-1
120,347,0,16104
 节点name: Group[0]-1
120,316,0,14655
 节点name: Group[0]-1
120,316,0,14562
 节点name: Group[0]-1
120,330,0,15329
 节点name: Group[0]-1
120,352,0,16268
 节点name: Group[0]-1
120,367,0,16982
 节点name: Group[0]-1
120,323,0,14975
 节点name: Group[0]-1
120,339,0,15689
 节点name: Group[0]-1
120,321,0,14914
 节点name: Group[0]-1
120,325,0,15084
 节点name: Group[0]-1
120,352,0,16244
 节点name: Group[0]-1
120,303,0,14086
 节点name: Group[0]-1
120,360,0,16653
 节点name: Group[0]-1
120,346,0,16040
 节点name: Group[0]-1
120,349,0,16179
 节点name: Group[0]-1
120,328,0,15230
