"s_nation","d_yearmonthnum","lo_partkey","lo_revenue","lo_supplycost"
"IRAN",199203,386510,7822850,95790
"JORDAN",199202,330608,7386763,98315
"IRAN",199207,273142,4084721,66907
"EGYPT",199212,44921,1828601,111955
"EGYPT",199208,695593,3891972,95313
"SAUDI ARABIA",199202,307434,3282113,86485
"SAUDI ARABIA",199202,85462,4342380,86847
"EGYPT",199203,566394,867459,87622
"EGYPT",199204,739812,1996218,111106
"JORDAN",199202,13522,430656,86131
"IRAQ",199206,547961,6890664,120536
"IRAQ",199211,506196,5712711,72130
"IRAN",199211,373901,6714626,118493
"IRAN",199211,592142,1466134,74047
"EGYPT",199203,448408,2924355,81382
"JORDAN",199206,83323,2432367,78379
"SAUDI ARABIA",199206,463990,1340423,117238
"SAUDI ARABIA",199201,124174,2490995,71890
"IRAN",199201,582201,2694678,76990
"SAUDI ARABIA",199211,330348,1215687,82699
"IRAN",199203,84296,640145,76817
"SAUDI ARABIA",199201,162642,2868909,102278
"IRAN",199201,364965,1623960,121797
"JORDAN",199212,131847,4603158,112730
"JORDAN",199205,523804,6762786,109666
"JORDAN",199202,713088,4855630,66063
"SAUDI ARABIA",199210,179083,2531010,69724
"SAUDI ARABIA",199210,127116,4115196,68586
"IRAN",199210,402109,1189030,60664
"EGYPT",199203,748086,336812,68043
"EGYPT",199211,680523,2062788,90209
"IRAN",199209,464776,6440775,104445
"IRAQ",199206,592963,9066695,123356
"JORDAN",199212,86175,1393404,69670
"JORDAN",199212,340495,7373374,92128
"IRAQ",199207,311228,3803135,74352
"IRAQ",199208,474761,3645054,104144
"IRAN",199206,153885,5950422,116332
"EGYPT",199207,675885,6140805,111651
"IRAN",199211,657380,2250760,80241
"IRAN",199205,360736,5929176,107803
"IRAN",199205,473322,1904091,77718
"JORDAN",199206,147586,4204834,98014
"SAUDI ARABIA",199205,488392,3787735,82822
"JORDAN",199209,421109,100947,61804
"EGYPT",199207,281446,1271840,85645
"EGYPT",199211,214312,2820490,73578
"JORDAN",199202,1509,5667389,84630
"IRAQ",199204,538181,2747986,73149
"SAUDI ARABIA",199212,168473,7477670,92488
"JORDAN",199203,735203,1238170,74290
"IRAN",199207,740109,568789,68944
"IRAQ",199210,723213,1607034,74170
"EGYPT",199210,439447,970494,83185
"JORDAN",199209,343631,1492086,100477
"SAUDI ARABIA",199201,781729,8872381,108641
"JORDAN",199209,677741,6737343,103122
"IRAN",199209,788597,6236572,101133
"JORDAN",199212,719095,2620269,66843
"EGYPT",199207,253587,4621710,92434
"EGYPT",199202,616009,90647,55498
"IRAN",199208,350720,1753002,106242
"EGYPT",199210,113688,2358528,102100
"JORDAN",199203,687526,2224830,90809
"JORDAN",199203,44277,3908064,73276
"EGYPT",199203,112285,6226944,77836
"EGYPT",199203,660251,2757947,72673
"SAUDI ARABIA",199202,674709,4377542,101020
"JORDAN",199210,676806,3176896,106966
"EGYPT",199212,245066,3765150,60663
"EGYPT",199204,589099,475228,71284
"JORDAN",199207,275642,4691127,97057
"EGYPT",199207,69724,6097392,101623
"IRAQ",199204,344457,5945702,90086
"IRAN",199206,566798,6830652,111886
"IRAQ",199212,76478,145447,87268
"JORDAN",199205,279105,3112422,65045
"IRAQ",199202,191022,2754724,66781
"JORDAN",199202,640927,4438106,112073
"JORDAN",199212,674870,5604623,110690
"EGYPT",199209,206566,3534120,88353
"IRAN",199204,608988,5880545,113817
"SAUDI ARABIA",199210,298898,929471,113812
"EGYPT",199203,77417,2596391,83664
"IRAN",199203,265269,5009820,74055
"EGYPT",199206,593163,369305,75368
"IRAN",199202,1464,2027708,81927
"EGYPT",199203,431640,4774581,94297
"SAUDI ARABIA",199203,615810,7004941,103546
"IRAN",199204,10796,1505388,102407
"IRAN",199212,255059,3776284,60842
"JORDAN",199211,63969,5740891,115977
"IRAN",199209,627146,5043617,64386
"IRAQ",199209,569993,808684,123778
"SAUDI ARABIA",199203,665983,3508110,116937
"EGYPT",199207,612764,1509057,100603
"IRAQ",199207,694804,4808112,107926
"IRAQ",199203,559537,4741634,95790
"JORDAN",199211,51797,7963989,104927
"IRAN",199207,362668,8395383,103839
"SAUDI ARABIA",199203,74222,4737031,71773
"SAUDI ARABIA",199203,235117,4536655,63126
"JORDAN",199204,384234,4521494,79093
"SAUDI ARABIA",199201,215374,1531759,77361
"IRAN",199207,740358,3045540,83899
"SAUDI ARABIA",199211,225705,7191342,97841
"JORDAN",199210,129401,6150720,85824
"EGYPT",199204,501725,3215115,103602
"JORDAN",199211,159533,3468530,95551
"IRAQ",199211,712959,386496,118315
"EGYPT",199203,328911,193990,116394
"JORDAN",199212,641846,1787810,107268
"SAUDI ARABIA",199206,156526,5583130,94951
"EGYPT",199204,607720,322282,97661
"IRAQ",199203,623844,6894459,106068
"SAUDI ARABIA",199211,441825,7272148,106008
"IRAN",199209,623896,6005538,109191
"SAUDI ARABIA",199212,150606,7951680,99396
"EGYPT",199212,297821,9094050,109128
"SAUDI ARABIA",199212,252248,3999166,72013
"IRAN",199212,715541,3965987,93390
"IRAQ",199205,561673,2209944,104079
"JORDAN",199210,333184,1095453,73030
"EGYPT",199208,696194,4477381,71409
"JORDAN",199206,189248,5504079,80234
"EGYPT",199206,757458,4009801,90925
"IRAN",199211,512590,4166682,96154
"IRAQ",199205,336009,626994,62699
"EGYPT",199203,505596,1569538,96094
"EGYPT",199206,291723,7561871,102882
"SAUDI ARABIA",199204,472210,4170766,70931
"IRAN",199211,323749,8073012,106363
"EGYPT",199211,217178,4662096,65709
"IRAN",199202,99301,4891728,78018
"JORDAN",199207,528068,3974241,65762
"IRAN",199212,9421,3059966,79825
"SAUDI ARABIA",199209,119971,3121840,119458
"JORDAN",199203,429299,122827,73696
"SAUDI ARABIA",199210,223430,4774865,81205
"IRAN",199208,553536,311543,95370
"JORDAN",199208,233962,1858031,113757
"IRAQ",199203,276878,7975898,111291
"IRAN",199207,762633,7630200,101736
"SAUDI ARABIA",199207,759281,1707478,80415
"JORDAN",199212,380896,193734,118612
"IRAQ",199212,372495,313496,94048
"EGYPT",199204,195740,4137757,110144
"IRAN",199212,636476,2824880,84746
"IRAN",199209,799707,6142678,108400
"SAUDI ARABIA",199209,433227,1608037,69612
"SAUDI ARABIA",199208,163495,6634491,93509
"IRAN",199204,60346,905293,78380
"JORDAN",199204,626944,5741822,112254
"SAUDI ARABIA",199202,352241,3750367,77593
"IRAQ",199212,638594,4399979,91953
"SAUDI ARABIA",199205,775895,6503838,118251
"JORDAN",199210,197719,5215774,109002
"JORDAN",199211,131110,1453774,68466
"IRAN",199211,681399,270550,82821
"JORDAN",199204,448661,4732341,96578
"JORDAN",199205,409503,5649920,84748
"JORDAN",199210,736671,5976740,102458
"JORDAN",199207,597041,4731887,68281
"SAUDI ARABIA",199208,380433,7415758,90805
"EGYPT",199212,246534,740260,88831
"IRAQ",199212,777770,7390960,110864
"SAUDI ARABIA",199212,777547,4935261,97470
"EGYPT",199210,374902,9489072,118613
"JORDAN",199205,604956,5895394,111655
"IRAQ",199209,134833,3143557,112069
"SAUDI ARABIA",199210,480709,5406976,101380
"EGYPT",199211,716238,5899756,75252
"EGYPT",199204,722775,6292090,107864
"IRAN",199204,153977,1206396,121858
"IRAN",199202,490797,1251439,107266
"JORDAN",199206,436953,4913818,113395
"EGYPT",199201,438924,5111797,111774
"JORDAN",199206,121775,5692167,107806
"IRAN",199209,453941,2084412,113695
"EGYPT",199202,479685,6159242,99879
"IRAN",199208,346137,585644,70987
"IRAQ",199201,487659,2608261,98797
"IRAQ",199201,297417,2495001,84864
"SAUDI ARABIA",199211,206850,7919834,105410
"EGYPT",199208,88870,6922431,111532
"IRAN",199208,642337,4939377,76758
"IRAQ",199208,557257,2081740,78853
"EGYPT",199203,28152,211709,64809
"EGYPT",199204,248502,4882349,87029
"EGYPT",199204,559518,4792414,94649
"SAUDI ARABIA",199201,322766,6661305,107325
"IRAQ",199206,598,2397744,89915
"IRAQ",199201,581075,3583755,69363
"JORDAN",199208,123224,2222546,74833
"IRAN",199206,265107,2101296,64325
"IRAN",199207,508144,3917208,69127
"IRAN",199210,595601,1995178,101794
"IRAN",199209,112287,6106616,77956
"SAUDI ARABIA",199208,784155,495648,74347
"IRAQ",199207,580150,5183767,73807
"EGYPT",199204,782202,125848,77050
"SAUDI ARABIA",199209,47689,5833127,98200
"SAUDI ARABIA",199203,457861,5221889,109130
"SAUDI ARABIA",199202,774284,2262844,81495
"IRAN",199210,754969,4047860,121435
"JORDAN",199204,523515,7077054,92309
"IRAQ",199212,622931,8175699,111234
"EGYPT",199201,295239,4936880,74053
"IRAN",199204,378438,6984630,90985
"IRAQ",199204,19769,2482477,101325
"IRAQ",199207,721399,4315053,85221
"IRAQ",199203,182536,6729847,97111
"SAUDI ARABIA",199210,30319,4997240,74958
"IRAQ",199201,528198,600823,73570
"EGYPT",199202,676352,3124208,79699
"SAUDI ARABIA",199212,79209,815105,71292
"EGYPT",199212,572537,473195,96570
"EGYPT",199202,387933,4648116,121255
"JORDAN",199202,788973,204132,123716
"EGYPT",199210,226406,2089187,79943
"IRAQ",199206,459397,4162699,81382
"IRAQ",199208,294943,8736188,116275
"EGYPT",199211,4651,462028,93339
"EGYPT",199210,726185,3391220,72669
"JORDAN",199202,52904,8272489,111414
"SAUDI ARABIA",199201,128559,1270040,95253
"SAUDI ARABIA",199205,165858,1904611,115431
"SAUDI ARABIA",199211,435424,4171998,81564
"SAUDI ARABIA",199208,104250,4056244,75255
"EGYPT",199208,53578,6003754,91894
"IRAQ",199204,543293,1737151,80176
"SAUDI ARABIA",199209,387436,2090132,91405
"JORDAN",199209,371028,4505941,65940
"IRAN",199210,789974,4699591,123836
"JORDAN",199209,778922,1200534,120053
"SAUDI ARABIA",199210,511965,4305775,118616
"SAUDI ARABIA",199204,330272,520904,78135
"EGYPT",199207,104687,6134031,101500
"IRAN",199201,728859,2429624,113269
"JORDAN",199201,584239,5689803,79392
"IRAN",199204,466210,5175236,70571
"IRAQ",199206,59819,5926994,106728
"IRAQ",199202,448353,4208501,78079
"JORDAN",199210,385309,3904012,83657
"IRAQ",199204,131054,434020,65103
"IRAQ",199201,126822,2745497,110929
"SAUDI ARABIA",199205,285493,1034936,88708
"IRAN",199202,585564,1616549,98972
"JORDAN",199208,732985,4594872,121077
"IRAQ",199206,131556,1571674,95253
"IRAQ",199208,691535,1511235,91590
"IRAN",199210,248606,6463985,93275
"JORDAN",199204,499439,3702467,86304
"JORDAN",199203,254801,5909989,105347
"IRAQ",199207,782085,5018315,70023
"SAUDI ARABIA",199202,542166,4784234,72488
"JORDAN",199212,159445,1203552,90266
"IRAQ",199207,286018,1706800,60240
"IRAQ",199204,733476,6508705,90566
"IRAQ",199209,277887,6396504,111892
"IRAN",199209,680281,5297250,75675
"SAUDI ARABIA",199206,563054,558515,67021
"IRAQ",199209,603028,4470613,55859
"IRAQ",199203,236007,1026916,56579
"SAUDI ARABIA",199209,52332,4027658,77059
"EGYPT",199207,566460,2594948,91586
"IRAQ",199211,247775,1181813,103365
"EGYPT",199212,390732,7217971,109363
"IRAQ",199205,687986,8705119,118437
"EGYPT",199208,295389,5756210,83062
"IRAN",199206,379957,9166230,122216
"IRAQ",199210,4873,6578119,106672
"IRAN",199206,628525,575582,87209
"IRAN",199206,409144,1042588,63187
"IRAQ",199209,203902,4469577,108353
"JORDAN",199207,69951,6531230,115257
"IRAN",199207,260504,1291680,87869
"IRAN",199210,131846,6878527,112670
"SAUDI ARABIA",199208,598142,2480240,74407
"IRAQ",199208,166662,2053648,103719
"IRAN",199202,252927,563973,112794
"IRAN",199205,20725,7241168,98743
"JORDAN",199205,793572,6828714,99932
"SAUDI ARABIA",199209,712955,6690928,118075
"SAUDI ARABIA",199207,421819,6312104,104447
"EGYPT",199208,739286,3445650,79515
"JORDAN",199204,34420,6503924,81265
"EGYPT",199208,527893,6530958,115252
"IRAQ",199204,519502,596420,91288
"EGYPT",199211,621334,3321523,75318
"JORDAN",199211,507727,7806150,104082
"IRAN",199203,604772,6572820,100604
"EGYPT",199204,571458,1348957,91765
"JORDAN",199212,251773,683004,103485
"IRAQ",199203,408270,1982994,70695
"IRAQ",199212,463660,3182334,97418
"EGYPT",199201,141442,6823824,89006
"IRAN",199205,173044,2680896,67022
"IRAQ",199212,505354,407799,81559
"EGYPT",199208,230582,2994888,90754
"EGYPT",199210,461823,2855680,107088
"SAUDI ARABIA",199211,634943,5337020,112674
"JORDAN",199205,148275,3112331,79396
"SAUDI ARABIA",199203,361637,2996365,101917
"EGYPT",199212,363049,1890451,66721
"SAUDI ARABIA",199201,534619,3110402,99215
"SAUDI ARABIA",199206,609598,6417682,90453
"SAUDI ARABIA",199207,472093,3514731,63904
"EGYPT",199208,444610,5751983,93275
"SAUDI ARABIA",199202,60950,6115040,114657
"EGYPT",199203,475260,2223432,74114
"SAUDI ARABIA",199203,602419,2978390,79282
"EGYPT",199207,775552,7089477,97651
"EGYPT",199207,197460,3083770,93447
"IRAQ",199208,729738,2078815,106062
"EGYPT",199208,315722,2236432,104262
"SAUDI ARABIA",199202,783454,4670681,92245
"JORDAN",199209,762869,965915,115909
"JORDAN",199210,532736,6760009,106122
"SAUDI ARABIA",199204,233695,814340,97720
"SAUDI ARABIA",199202,406101,1381713,60424
"IRAN",199205,591556,3459813,98851
"EGYPT",199211,304615,5830560,97176
"EGYPT",199204,510615,3576298,97535
"EGYPT",199206,710086,1933432,65763
"SAUDI ARABIA",199207,23465,6248070,83307
"EGYPT",199208,23243,5657430,69974
"JORDAN",199207,492979,579753,118317
"SAUDI ARABIA",199207,619995,562998,114897
"EGYPT",199201,406343,4205211,74959
"JORDAN",199209,21196,3284538,67031
"IRAQ",199208,59601,4282286,93636
"JORDAN",199211,493195,4234637,71290
"SAUDI ARABIA",199202,32577,1643921,90574
"IRAN",199208,85350,3833789,80121
"IRAQ",199201,259682,2437879,98500
"IRAQ",199202,316450,1906372,87986
"JORDAN",199206,700852,5992019,111169
"IRAQ",199204,432348,5520739,76819
"IRAN",199211,38850,5008780,107331
"SAUDI ARABIA",199203,383015,2797704,65880
"JORDAN",199207,615296,3323697,72675
"IRAN",199205,65046,4203904,60662
"IRAN",199207,509538,4094711,92850
"JORDAN",199202,595014,443596,66539
"IRAQ",199206,58914,8428095,112374
"EGYPT",199211,61851,3988270,108771
"JORDAN",199205,100581,2214212,94894
"SAUDI ARABIA",199204,372008,423356,64799
"IRAN",199206,518337,5285709,81318
"EGYPT",199211,150810,9211009,111648
"IRAN",199209,644002,4214296,56758
"SAUDI ARABIA",199202,668251,3703990,73153
"EGYPT",199212,491548,4978807,92371
"IRAQ",199206,580573,2455521,99213
"SAUDI ARABIA",199207,375575,3268108,99033
"JORDAN",199212,469041,2599791,60601
"IRAN",199212,762323,5125573,83117
"EGYPT",199212,152083,3034068,68104
"JORDAN",199212,47421,670525,82105
"EGYPT",199203,717357,5986537,82459
"JORDAN",199207,624483,5379273,84447
"IRAQ",199212,98400,2097600,83904
"EGYPT",199207,433716,2309566,98981
"IRAN",199211,203371,6116928,76461
"JORDAN",199210,408704,3033451,96760
"IRAQ",199211,5830,7561275,104149
"JORDAN",199201,292623,3877464,96936
"EGYPT",199204,477261,5026016,74294
"JORDAN",199202,658146,662466,66246
"IRAQ",199203,313985,9103309,119938
"EGYPT",199203,359269,4865379,79695
"EGYPT",199211,428808,6705707,104206
"JORDAN",199209,173170,2436613,74590
"JORDAN",199211,355737,5446283,107563
"IRAN",199211,70672,6899214,98560
"SAUDI ARABIA",199205,580380,2719190,87621
"EGYPT",199211,530111,1016711,68465
"IRAQ",199212,395904,8819514,119993
"SAUDI ARABIA",199204,368435,5060511,90205
"JORDAN",199209,770257,3052606,79633
"IRAQ",199203,324642,326659,99997
"SAUDI ARABIA",199203,416376,2279705,77541
"JORDAN",199203,105214,1672756,73152
"IRAQ",199204,761400,868053,87682
"SAUDI ARABIA",199212,7285,3388459,71536
"JORDAN",199209,1632,2913897,92017
"IRAN",199209,570532,3966212,96150
"IRAN",199201,720528,5110017,92909
"SAUDI ARABIA",199212,338631,2148800,100177
"IRAQ",199210,464048,396711,60721
"EGYPT",199210,533877,6366952,114651
"EGYPT",199207,172015,5006768,65220
"JORDAN",199210,489815,1804790,108287
"JORDAN",199201,80441,5401472,85286
"JORDAN",199212,220486,1406470,84388
"IRAN",199203,436316,2355557,75137
"EGYPT",199211,665844,6987676,108588
"SAUDI ARABIA",199211,4173,3985529,64630
"IRAN",199211,733699,8150432,103959
"IRAN",199206,478141,3877750,67147
"IRAQ",199206,250713,7905902,99822
"IRAN",199211,639501,4278195,86428
"EGYPT",199203,439731,3508491,100242
"EGYPT",199210,565796,5585310,111706
"IRAN",199210,787128,5653813,72905
"SAUDI ARABIA",199205,545050,3577463,65701
"SAUDI ARABIA",199205,322325,396109,80838
"IRAN",199208,414376,3034903,77421
"EGYPT",199204,310348,6519984,81499
"EGYPT",199204,706877,6341005,113030
"IRAQ",199211,586751,6483511,110263
"IRAN",199211,372358,5186412,85820
"IRAQ",199205,603040,1478639,56580
"EGYPT",199203,306633,5246784,98377
"JORDAN",199204,623858,6236370,106909
"EGYPT",199205,764197,1730311,75669
"JORDAN",199211,415356,1245903,76279
"EGYPT",199201,775219,3331219,77650
"IRAQ",199210,793133,1348710,73566
"SAUDI ARABIA",199205,751014,4955351,63898
"EGYPT",199212,644007,950970,57058
"IRAQ",199212,617928,1628074,110753
"SAUDI ARABIA",199212,700521,2833014,91289
"EGYPT",199202,439955,2599843,113695
"SAUDI ARABIA",199202,70163,2887291,67989
"JORDAN",199202,299385,5756210,83062
"JORDAN",199212,610004,2060088,54838
"JORDAN",199202,789070,5507758,69542
"JORDAN",199207,101580,5949903,94894
"IRAQ",199201,7207,3529785,66852
"IRAQ",199203,133751,7870747,107085
"JORDAN",199204,754782,3306150,110205
"EGYPT",199202,612558,6114422,88231
"SAUDI ARABIA",199208,120462,6164068,88947
"IRAQ",199210,739635,6865860,100476
"IRAN",199207,279258,3674602,74234
"SAUDI ARABIA",199201,782544,3090369,97590
"JORDAN",199212,764579,5798409,98612
"JORDAN",199212,650949,6959370,113994
"SAUDI ARABIA",199210,170361,2692388,85881
"EGYPT",199207,542474,150128,90987
"IRAQ",199202,62271,366281,73996
"IRAQ",199203,510270,2176425,76815
"SAUDI ARABIA",199212,630339,4272463,76158
"IRAN",199210,529980,2166736,120597
"JORDAN",199210,709584,3435693,95613
"IRAQ",199207,601552,1282004,87211
"SAUDI ARABIA",199206,410594,7221936,90274
"IRAN",199206,491264,5272008,75314
"SAUDI ARABIA",199208,526163,1631500,71348
"EGYPT",199212,485829,4979811,108888
"EGYPT",199209,79989,393796,118138
"JORDAN",199202,621092,1604687,60783
"IRAN",199202,378712,5909310,107442
"EGYPT",199202,280660,2761213,98439
"SAUDI ARABIA",199205,486879,3657066,111951
"JORDAN",199201,754525,1393110,94769
"SAUDI ARABIA",199211,312464,2170381,88587
"SAUDI ARABIA",199204,667174,4696932,68468
"EGYPT",199208,421687,2049432,96519
"JORDAN",199201,283161,3203620,68649
"JORDAN",199208,195297,2481060,83537
"SAUDI ARABIA",199201,107408,280249,84924
"IRAN",199201,66405,1508540,82284
"JORDAN",199206,344084,2763771,67684
"IRAQ",199210,627375,4849914,78140
"SAUDI ARABIA",199201,540045,3038056,65101
"SAUDI ARABIA",199208,685836,4869671,109308
"IRAN",199208,438495,141913,86008
"IRAQ",199205,708067,1790999,64501
"EGYPT",199205,264580,2270517,92674
"IRAN",199206,211759,8022893,100244
"IRAQ",199206,620340,3581801,75618
"EGYPT",199205,494621,6966467,96936
"IRAQ",199209,300585,4598153,95134
"IRAN",199205,289544,2104003,92011
"SAUDI ARABIA",199209,388710,2314926,107922
"JORDAN",199208,407874,4098255,106911
"IRAQ",199211,503415,5389882,85103
"IRAQ",199201,516988,2357832,120297
"EGYPT",199205,165806,6603710,112308
"EGYPT",199205,375867,4379183,116571
"EGYPT",199205,293011,4919600,60240
"JORDAN",199203,188236,2913306,79453
"IRAQ",199207,454557,1629429,90691
"IRAQ",199207,596791,8683742,113266
"JORDAN",199207,80215,5442986,71712
"IRAN",199207,596822,8649950,115128
"IRAN",199203,40972,1339079,114778
"EGYPT",199211,200814,7716600,102888
"EGYPT",199202,511008,1098460,61138
"SAUDI ARABIA",199205,569968,3794644,122276
"EGYPT",199208,729048,4644067,64620
"IRAQ",199205,7747,163819,99284
"IRAN",199205,659437,3010638,83784
"EGYPT",199207,373939,6707049,120775
"IRAQ",199203,774434,5173812,90504
"JORDAN",199211,79925,952460,114295
"IRAN",199209,170653,5343315,103419
"JORDAN",199209,132205,1818684,74232
"SAUDI ARABIA",199211,328027,4445812,63300
"EGYPT",199204,13376,5559763,77362
"EGYPT",199211,290327,5938433,79038
"SAUDI ARABIA",199205,291655,1290965,98798
"IRAQ",199211,472390,6339107,81742
"IRAQ",199209,745577,5724321,97352
"EGYPT",199203,18106,3041577,61446
"IRAQ",199203,672050,3985878,61321
"SAUDI ARABIA",199205,644391,2776213,80121
"JORDAN",199202,450792,5402587,104566
"SAUDI ARABIA",199202,478363,6374047,80480
"SAUDI ARABIA",199205,739125,1711212,69845
"SAUDI ARABIA",199209,338537,1733072,94531
"JORDAN",199202,797059,5664498,69361
"JORDAN",199202,632891,1444497,109431
"EGYPT",199203,269878,8963968,110871
"IRAN",199201,271289,2593635,75616
"JORDAN",199202,349362,691561,84681
"JORDAN",199202,37821,6790804,105529
"JORDAN",199203,277917,3189116,113694
"EGYPT",199205,53954,7822595,114477
"IRAQ",199210,139655,8052976,101679
"IRAN",199206,200600,3601416,90035
"IRAQ",199203,300739,5796747,104383
"IRAN",199208,559104,1612028,69784
"JORDAN",199208,47303,5322527,75018
"IRAQ",199208,262147,2994651,66547
"SAUDI ARABIA",199208,290808,2849283,107927
"EGYPT",199211,640372,5272982,78740
"EGYPT",199208,78182,3596558,69610
"SAUDI ARABIA",199208,213579,6206064,89553
"IRAN",199201,263784,5481006,104866
"SAUDI ARABIA",199211,111477,4376101,89308
"IRAN",199212,92207,4392669,71952
"IRAQ",199206,685830,8363574,108948
"EGYPT",199212,32908,6811330,110454
"IRAQ",199201,697655,6154356,99157
"EGYPT",199204,383323,1531471,84378
"EGYPT",199204,597170,4222143,76029
"IRAN",199205,766659,3278678,103537
"EGYPT",199207,523032,1775581,63300
"IRAN",199201,549903,2538744,117172
"SAUDI ARABIA",199201,2143,1463196,62708
"JORDAN",199206,560821,7745488,112908
"IRAN",199211,180555,3846813,98133
"JORDAN",199203,365915,196109,118854
"SAUDI ARABIA",199206,40668,7724785,96519
"EGYPT",199202,60007,574398,58020
"IRAQ",199203,734139,2299276,70386
"IRAQ",199208,791865,6392963,117409
"JORDAN",199210,615077,2579304,59522
"IRAN",199212,290376,4372352,81981
"SAUDI ARABIA",199212,484083,746942,64023
"SAUDI ARABIA",199208,151944,2173578,119756
"IRAQ",199208,138718,1032945,105402
"IRAN",199208,419730,4850147,98982
"EGYPT",199204,237727,5873096,99882
"JORDAN",199209,283911,3221330,113694
"IRAN",199209,685838,8207100,109428
"JORDAN",199212,121888,8594460,114592
"JORDAN",199210,237182,332393,67150
"EGYPT",199211,116735,7532439,105103
"IRAN",199210,59013,384915,58320
"SAUDI ARABIA",199209,648368,2709007,78979
"IRAQ",199209,316565,7433285,94893
"EGYPT",199212,470319,5672876,77357
"JORDAN",199201,11882,4439853,107632
"EGYPT",199201,57614,4512092,94296
"IRAN",199204,176829,6289206,114349
"SAUDI ARABIA",199205,127614,5469844,98496
"JORDAN",199209,210527,4648907,86250
"IRAQ",199207,479994,5416573,118438
"IRAQ",199208,514903,2088571,115072
"SAUDI ARABIA",199205,770885,4889625,117351
"IRAN",199205,150384,983984,86062
"SAUDI ARABIA",199210,50962,2812051,114777
"JORDAN",199202,187495,4073329,94949
"JORDAN",199211,770115,5925400,71104
"IRAN",199205,90122,5174694,66727
"IRAQ",199212,147146,596570,71588
"SAUDI ARABIA",199209,447025,2818800,58320
"IRAQ",199211,205729,2883628,98082
"SAUDI ARABIA",199211,81712,7469261,101622
"SAUDI ARABIA",199202,528242,995852,76213
"EGYPT",199202,572036,3583304,66480
"IRAQ",199208,585623,7367483,102516
"IRAQ",199205,358130,1764358,71287
"SAUDI ARABIA",199202,435501,6033216,86188
"JORDAN",199202,556390,850465,86782
"EGYPT",199202,37339,875562,76579
"IRAN",199201,330867,5124195,113871
"IRAQ",199201,653652,5563473,96337
"IRAQ",199208,339566,7709851,96333
"SAUDI ARABIA",199208,526554,3911811,94831
"SAUDI ARABIA",199210,635823,1551252,105527
"EGYPT",199210,676131,3726498,66426
"SAUDI ARABIA",199210,128077,1312823,66304
"EGYPT",199201,518706,2759488,103480
"SAUDI ARABIA",199208,101522,1642354,91411
"IRAN",199204,11684,5316805,95740
"IRAN",199211,532120,921680,69126
"SAUDI ARABIA",199204,748803,181473,111106
"JORDAN",199201,105196,3329698,72071
"EGYPT",199212,150928,1357539,118735
"EGYPT",199212,405067,3753046,58322
"IRAQ",199204,166525,3023888,95491
"EGYPT",199204,372171,3356532,74589
"SAUDI ARABIA",199207,513,2261616,84810
"IRAN",199205,557418,3651590,88523
"IRAQ",199202,406253,1970691,69553
"IRAQ",199209,393951,7085717,122696
"IRAQ",199209,741709,1750670,105040
"IRAQ",199211,189759,4209603,110925
"IRAQ",199203,616103,4382001,61144
"IRAQ",199204,206758,6921988,99884
"SAUDI ARABIA",199206,607416,1037529,79402
"IRAQ",199208,747776,3931983,109424
"IRAQ",199203,79722,6738811,102103
"IRAQ",199210,647056,2306946,60181
"JORDAN",199203,183711,355352,107682
"IRAN",199203,593712,893816,108341
"IRAQ",199212,577650,7183485,103657
"JORDAN",199208,727264,5061621,77473
"SAUDI ARABIA",199209,124557,4270185,94893
"EGYPT",199202,348914,7886932,117774
"EGYPT",199202,181091,3750688,70325
"IRAN",199212,234295,3810768,73756
"SAUDI ARABIA",199202,316261,5236725,76635
"IRAQ",199211,107897,7920532,114293
"IRAQ",199203,643170,1983615,66788
"JORDAN",199203,136243,5884504,76754
"IRAN",199204,146411,4184224,87444
"IRAN",199208,410308,723658,73096
"EGYPT",199202,795254,3873610,80953
"IRAQ",199204,760406,3629265,87982
"SAUDI ARABIA",199209,41682,6683066,97420
"IRAN",199210,431866,8270064,107870
"SAUDI ARABIA",199202,771574,651633,98732
"IRAN",199202,586890,7907480,118612
"JORDAN",199202,645680,6340035,97539
"SAUDI ARABIA",199207,648846,2638370,107688
"IRAQ",199201,613367,2281548,76819
"IRAN",199203,487656,1932908,98617
"EGYPT",199205,405644,5268708,92977
"EGYPT",199203,341811,5373120,111168
"SAUDI ARABIA",199203,290420,2397697,84624
"IRAQ",199203,239873,3908526,108771
"SAUDI ARABIA",199209,115139,5429027,69247
"IRAQ",199209,288874,1676574,111771
"SAUDI ARABIA",199203,8573,1026728,88894
"IRAN",199208,616064,3492826,58801
"IRAN",199211,719912,8113896,115912
"SAUDI ARABIA",199202,375414,3357107,89364
"EGYPT",199208,308880,6544934,113332
"JORDAN",199208,273074,3245886,62823
"SAUDI ARABIA",199204,161633,7117446,101677
"IRAQ",199204,429094,4912782,61384
"EGYPT",199211,505610,6139242,96935
"SAUDI ARABIA",199203,714151,2511998,69907
"SAUDI ARABIA",199203,437853,3861029,107449
"EGYPT",199201,702816,7456998,109126
"SAUDI ARABIA",199210,609984,6750037,113637
"EGYPT",199207,95912,5477609,114474
"JORDAN",199205,407515,3763908,85349
"JORDAN",199203,455466,1114408,85286
"SAUDI ARABIA",199203,319587,1908605,96394
"JORDAN",199205,291157,5228629,68888
"SAUDI ARABIA",199211,303652,327816,99338
"IRAN",199212,457311,4692673,76097
"SAUDI ARABIA",199204,667199,5480952,69969
"IRAN",199206,559399,3715926,87502
"SAUDI ARABIA",199205,227171,3261535,65889
"JORDAN",199201,485286,5339292,76275
"IRAN",199205,107835,6265622,110569
"IRAN",199203,389731,5174486,109243
"IRAN",199203,37912,6474685,110994
"SAUDI ARABIA",199211,268685,1620596,99220
"EGYPT",199207,180014,1407990,65640
"EGYPT",199207,12445,135744,81446
"JORDAN",199208,347697,3627189,104680
"IRAQ",199209,532977,4377671,120597
"JORDAN",199206,154997,1407665,123119
"SAUDI ARABIA",199208,93827,3747247,109249
"IRAQ",199211,286133,1206411,67147
"JORDAN",199201,31,3318190,55861
"IRAQ",199201,510173,2342637,70989
"IRAN",199202,125427,3307160,87145
"JORDAN",199202,45847,2129893,107570
"SAUDI ARABIA",199204,9507,3541250,84990
"EGYPT",199202,42762,5738222,102285
"IRAQ",199210,307931,1151718,116335
"IRAQ",199208,539056,3648639,65701
"JORDAN",199204,434280,237994,72855
"JORDAN",199209,417406,3242281,79402
"EGYPT",199203,50192,1370628,68531
"EGYPT",199201,363013,5113152,64560
"EGYPT",199210,699029,2417832,61679
"EGYPT",199212,566287,3978584,81195
"SAUDI ARABIA",199203,124066,4593512,65403
"IRAQ",199212,620169,3485216,65347
"IRAQ",199207,568973,9703346,122517
"EGYPT",199207,622564,6838038,89191
"IRAN",199207,484206,3417006,71410
"EGYPT",199210,169932,4804632,120115
"IRAN",199211,307291,6491400,77896
"SAUDI ARABIA",199212,189843,3444320,115970
"EGYPT",199201,91508,6897700,89970
"IRAQ",199208,83825,1969804,108529
"IRAN",199203,21802,4778373,103428
"IRAN",199207,265981,9252001,116818
"JORDAN",199207,328989,8990056,121078
"IRAN",199207,591885,7168094,118611
"EGYPT",199204,143261,2428532,78255
"SAUDI ARABIA",199212,292957,2123484,116996
"IRAN",199206,117418,140670,86124
"IRAN",199209,133314,792218,80838
"IRAQ",199209,604600,5064382,90274
"IRAN",199201,105701,5120100,102402
"EGYPT",199208,51230,2455777,70873
"IRAQ",199205,53956,9358755,114597
"SAUDI ARABIA",199203,228832,7592655,105649
"EGYPT",199203,152469,5477256,91287
"IRAQ",199201,606622,599207,91715
"EGYPT",199209,413613,299211,91595
"EGYPT",199208,91972,9623453,117838
"EGYPT",199211,544978,1189494,121377
"SAUDI ARABIA",199206,547297,2395489,80656
"IRAQ",199204,603600,2828215,90214
"JORDAN",199210,575265,1990256,80414
"SAUDI ARABIA",199201,550963,6907814,120836
"IRAN",199211,783336,1112731,85158
"EGYPT",199205,778284,1068004,81735
"EGYPT",199201,243199,2741232,68530
"IRAQ",199211,210063,3909714,58383
"IRAQ",199209,627841,5778702,106128
"JORDAN",199211,227885,717896,108772
"SAUDI ARABIA",199207,616421,5504697,80243
"EGYPT",199206,364366,6722645,85821
"IRAN",199212,780298,5926518,82695
"EGYPT",199201,88184,2088824,70330
"IRAN",199201,154487,4380886,92488
"SAUDI ARABIA",199202,467302,4823264,76156
"IRAN",199209,729537,2946586,93990
"IRAN",199203,407653,2905893,93637
"SAUDI ARABIA",199212,646496,1837694,86547
"IRAN",199210,506807,5746055,108826
"SAUDI ARABIA",199207,464405,2191008,82162
"SAUDI ARABIA",199205,669265,4354363,74053
"IRAN",199208,187065,5246481,69123
"IRAQ",199202,383381,579890,87862
"IRAN",199204,7282,5298242,71356
"IRAN",199205,619947,4250954,112014
"IRAQ",199211,136648,6170836,101078
"IRAQ",199212,378238,902926,78973
"IRAN",199209,481095,421819,64564
"EGYPT",199204,204543,3152720,86851
"SAUDI ARABIA",199203,727912,380216,116392
"SAUDI ARABIA",199203,487744,1028641,103903
"IRAN",199211,605318,1223280,73396
"JORDAN",199203,245819,6053264,105888
"EGYPT",199207,42939,1659862,112915
"IRAQ",199206,283162,3174355,68709
"EGYPT",199203,480709,6691132,101380
"SAUDI ARABIA",199208,428307,4817592,74116
"JORDAN",199212,554897,3284997,117112
"IRAN",199206,372783,2572097,111346
"SAUDI ARABIA",199211,460112,4288360,64325
"IRAN",199212,380365,722675,86721
"JORDAN",199202,142552,5102560,95673
"SAUDI ARABIA",199202,712920,2319468,115973
"IRAQ",199211,198145,5969558,74588
"IRAN",199211,622013,1832560,56098
"IRAQ",199211,571689,5458046,105639
"IRAQ",199211,789189,2172855,76689
"IRAN",199207,406817,7239918,103427
"IRAN",199211,33530,4015926,87811
"SAUDI ARABIA",199205,550940,2365212,119455
"IRAN",199209,99903,6340462,114174
"EGYPT",199205,488223,2373952,72672
"SAUDI ARABIA",199202,656951,6044290,114475
"EGYPT",199207,439333,5725395,76338
"IRAQ",199204,246816,5288400,105768
"IRAN",199206,757090,2752944,68823
"JORDAN",199208,785592,1150806,100653
"IRAN",199201,7697,6900167,96281
"JORDAN",199208,428105,1316143,61984
"IRAQ",199208,752206,5231470,75490
"IRAN",199206,461998,9701851,117598
"JORDAN",199212,71804,887900,106548
"JORDAN",199206,180044,3338398,67442
"JORDAN",199202,449039,3032202,59280
"IRAN",199211,463054,398675,61021
"IRAN",199204,500699,2719472,101980
"IRAQ",199204,231893,2709946,109492
"SAUDI ARABIA",199203,649800,8230918,104986
"JORDAN",199204,127351,3859380,82701
"EGYPT",199210,739638,3155565,100656
"JORDAN",199210,640729,4341194,100181
"EGYPT",199210,727858,6721062,113149
"EGYPT",199206,93744,8257740,104264
"IRAN",199206,497298,2461013,77716
"SAUDI ARABIA",199202,255444,2658917,83965
"IRAQ",199212,411727,7869037,98322
"EGYPT",199212,246215,5576082,69672
"IRAQ",199210,468597,7671293,93934
"IRAQ",199211,281149,2797071,67807
"EGYPT",199204,207758,7509155,99944
"IRAN",199210,733311,1053915,80656
"IRAN",199204,299674,3936448,100419
"IRAN",199204,771137,5621289,72486
"EGYPT",199209,591870,6603587,117711
"IRAN",199210,626617,907625,92614
"IRAQ",199209,365443,5173914,90505
"IRAN",199211,361672,3293954,104019
"SAUDI ARABIA",199209,369319,6386180,83298
"IRAN",199202,730949,4553793,118794
"IRAN",199212,490016,4239241,60359
"IRAQ",199202,40638,4688531,94717
"SAUDI ARABIA",199211,213279,4530588,71535
"IRAN",199204,22886,5495377,108532
"IRAQ",199207,540789,1630316,109785
"JORDAN",199205,288813,2118916,108108
"JORDAN",199202,415013,1091316,55679
"EGYPT",199211,694633,6061182,97656
"IRAQ",199211,288409,1257651,83843
"EGYPT",199208,761211,2770808,76330
"SAUDI ARABIA",199210,618754,331198,100363
"IRAN",199207,476403,6008579,82762
"IRAQ",199210,685858,5962913,110629
"IRAQ",199210,539730,7533655,106182
"IRAN",199206,230161,1309380,65469
"IRAQ",199203,414503,3611739,85048
"IRAQ",199204,577973,9024180,123057
"IRAN",199204,187278,5541630,81916
"IRAN",199211,634337,5606433,76278
"JORDAN",199211,659369,4117823,79699
"IRAN",199201,345206,5945654,75071
"EGYPT",199204,241120,4456662,63666
"JORDAN",199210,590340,4814457,85819
"IRAN",199207,268481,3300443,86968
"IRAQ",199202,758766,7298920,109483
"EGYPT",199210,206348,860470,75259
"JORDAN",199207,585671,5043342,105399
"IRAN",199210,290601,2495613,95495
"JORDAN",199211,293347,3450009,80419
"SAUDI ARABIA",199211,520420,2682024,86424
"IRAQ",199203,163581,6578320,98674
"EGYPT",199206,696696,4478778,101559
"IRAN",199210,103610,948802,96816
"SAUDI ARABIA",199211,476613,476877,95375
"IRAN",199209,117751,7354462,106125
"EGYPT",199206,637401,2649972,80302
"IRAN",199203,396780,1655311,112606
"IRAN",199210,426509,1969478,86128
"EGYPT",199204,248676,6846317,97479
"IRAQ",199207,266941,5855437,114475
"IRAN",199202,742957,8513659,119995
